1  1
1 128 3
1 127 2
1  3
1 126 2
1 125 3
1 124 2
1 123 2
1 122 3
1 121 1
1 120 2
1  1
1 119 1
1 118 1
1 117 3
1 116 3
1 115 1
1 114 1
1 113 3
1 112 1
1 111 1
1 110 3
1 109 2
1 108 1
1 107 2
1 106 2
1 105 1
1 104 1
1 103 3
1 102 2
1 101 3
1 100 3
1  1
1  2
1  3
1  1
1 129 1
1  3
1  2
1 130 2
1 131 2
1 132 2
1 133 1
1 134 2
1 135 3
1 136 3
1 137 3
1 138 1
1 139 3
1 140 2
1 141 2
1 142 2
1 143 2
1 144 2
1 145 2
1 146 2
1 67 1
1 147 3
1 148 2
1 149 2
1 150 2
1 151 3
1 152 1
1 153 1
1 154 1
1 155 1
1 156 2
1 157 2
1 158 1
1 159 3
1 52 3
1  2
1  3
1  2
1  3
1  1
1  2
1  2
1  1
1  1
1  1
1  1
1  2
1  2
1  2
1 160 2
1  2
1  2
1  1
1  3
1  3
1  1
1  2
1 161 3
1  2
1  3
1  1
1  3
1  2
1  1
1  1
1 162 2
1 163 2
1  3
1  2
1 164 1
1  1
1 165 3
1 166 3
1 167 2
1 168 1
1 169 2
1 170 2
1  3
1  3
1  3
1  2
1  3
1 171 2
1  3
1 172 3
1  2
1 173 1
1  2
1 174 2
1  3
1  3
1  2
1  2
1 175 1
1  3
1 176 3
1  3
1  3
1  3
1 177 1
1 178 1
1  3
1 179 1
1 180 2
1  3
1  2
1  3
1  1
1  1
1  3
1  2
1 181 3
1  1
1 182 1
1  2
1 183 1
1 184 3
1 185 3
1  2
1 186 1
1  2
1  3
1  3
1  2
1  2
1  3
1 187 3
1 188 3
1 189 3
1 190 1
1 47 1
1 191 1
1 192 1
1  3
1  3
1 193 1
1  2
1  3
1  3
1  1
1 194 1
1 98 3
1  2
1  2
1  2
1 195 2
1 196 1
1 197 1
1 198 1
1 199 1
1 95 1
1 200 1
1 201 1
1 202 3
1  2
1  2
1  1
1 203 3
1 204 1
1 205 3
1 91 1
1 206 1
1 207 1
1 87 3
1 208 1
1  2
1 82 2
1 209 2
1 210 3
1 211 1
1  2
1  1
1  2
1  3
1  3
1  2
1  2
1 212 3
1 213 2
1  3
1  3
1 214 3
1  2
1  3
1  3
1  2
1  2
1 215 3
1 216 1
1 217 3
1 35 1
1  1
1  2
1  2
1 71 3
1 66 3
1  2
1 218 1
1 219 2
1  1
1 63 3
1 220 1
1  2
1 221 2
1 222 3
1 223 1
1 224 1
1  3
1  2
1  2
1  1
1 225 3
1 226 3
1 227 2
1  3
1  2
1  2
1  2
1  3
1  3
1  2
1  2
1  3
1  1
1  2
1  1
1  2
1  2
1  2
1  1
1  2
1  2
1  3
1  1
1  2
1  3
1  3
1  2
1  2
1  3
1  3
1  2
1  3
1  2
1  2
1  3
1  2
1  2
1  1
1  2
1  3
1  2
1  3
1  2
1  3
1  3
1  1
1  2
1  1
1  1
1  3
1  2
1  3
1  3
1  1
1  2
1  3
1  2
1  3
1  3
1  3
1  2
1  3
1  3
1  2
1  2
1  3
1  2
1  2
1  2
1  2
1  3
1  3
1  2
1  2
1  2
1  3
1  3
1 228 3
1 229 2
1 230 1
1 231 3
1 58 3
1  3
1 232 3
1 233 2
1  2
1 234 1
1  2
1 235 3
1 236 3
1  3
1  1
1 237 1
1  1
1  2
1 238 3
1  2
1  3
1 239 3
1 73 1
1 240 1
1  3
1 241 2
1 96 3
1 242 1
1 99 3
1 243 2
1  3
1  2
1  1
1  1
1 244 3
1 245 1
1 246 2
1 247 3
1 248 2
1  2
1 249 2
1  2
1 250 3
1 251 2
1  2
1  2
1  3
1 252 3
1  2
1 253 3
1 254 2
1 255 1
1  2
1  2
1 256 3
1 257 3
1 258 2
1 259 2
1 260 1
1 261 2
1 262 3
1 263 3
1 264 1
1  2
1  2
1  2
1  3
1 265 1
1 266 2
1 267 3
1 268 1
1  3
1  2
1 269 3
1  3
1  2
1 270 2
1 271 1
1 272 2
1 273 2
1  2
1 274 2
1 275 2
1  1
1 276 1
1  2
1  1
1  2
1 277 2
1 51 1
1 278 3
1 48 3
1 97 3
1 279 3
1 280 1
1 53 1
1  2
1 281 1
1  3
1  2
1  3
1  3
1  2
1  2
1  3
1  2
1  2
1  2
1  2
1  2
1  2
1 282 3
1  1
1  2
1  3
1  3
1  3
1  3
1  2
1  3
1  3
1 283 3
1 284 3
1 285 3
1  2
1  3
1 286 2
1 287 1
1 288 3
1  3
1  2
1  3
1  3
1  2
1  2
1  2
1  2
1  3
1 289 2
1  2
1  3
1  2
1  1
1  2
1  3
1  2
1  1
1  2
1  2
1  2
1  2
1 290 3
1  3
1  2
1  2
1  1
1  2
1  3
1  1
1  3
1 59 1
1 291 3
1 292 3
1 293 3
1 90 2
1 294 1
1 295 1
1 296 3
1 297 1
1 298 3
1 86 2
1 299 2
1 300 2
1 301 3
1 302 2
1  2
1 303 3
1  2
1  2
1 304 1
1 305 2
1 306 3
1 76 2
1 307 3
1 308 1
1 64 1
1 60 2
1 309 1
1 72 1
1 310 2
1 311 1
1 54 2
1 312 1
1 313 1
1 314 1
1 315 1
1 316 1
1 78 1
1 49 2
1 317 2
1 318 1
1  3
1 319 1
1 320 1
1 321 1
1 322 1
1 323 2
1 324 3
1  1
1 85 3
1 325 3
1 326 1
1  3
1 327 3
1 328 3
1 92 1
1 329 2
1 330 3
1  2
1 331 1
1 332 3
1 70 3
1  2
1 333 2
1 334 3
1 335 3
1 336 1
1 337 3
1 338 2
1 339 1
1 340 2
1 89 3
1 341 2
1 342 3
1 343 1
1 344 3
1 345 1
1 80 3
1 346 1
1 347 3
1 348 3
1 349 1
1 74 1
1 350 2
1 351 2
1 352 1
1 353 3
1 354 1
1 57 3
1 355 1
1 356 1
1 357 2
1 358 2
1 359 3
1 50 1
1 46 3
1 360 3
1 361 2
1 362 1
1 363 1
1 364 3
1 365 2
1 366 3
1 367 2
1 368 1
1 369 1
1 370 1
1 371 3
1 372 1
1 373 3
1 374 3
1  2
1 375 3
1 376 2
1 377 2
1 378 3
1 379 2
1 380 3
1 381 2
1 382 2
1 383 3
1 384 2
1 385 2
1 386 3
1 387 2
1 388 1
1 389 2
1 390 1
1 391 3
1 392 3
1 393 2
1 394 1
1 395 1
1 396 3
1 397 3
1 398 1
1 399 1
1 400 2
1 401 2
1 402 2
1 69 1
1 403 1
1 404 3
1 405 2
1 406 2
1 407 2
1 408 3
1 409 3
1 410 1
1 411 2
1 412 1
1 413 3
1 414 3
1 415 1
1 416 3
1 65 1
1 417 2
1 418 1
1 419 2
1 420 2
1 421 1
1 422 2
1 423 3
1  3
1 424 2
1 425 1
1 426 3
1 427 1
1 428 1
1 429 2
1 430 2
1 431 2
1 432 3
1 433 2
1 434 3
1 435 2
1 436 2
1 437 1
1  2
1 438 3
1 439 1
1 440 3
1 441 3
1 442 3
1 443 1
1 444 3
1 445 3
1  3
1 446 2
1 447 2
1 448 1
1 61 1
1 449 1
1  2
1 450 3
1  2
1 451 1
1 452 1
1 453 3
1 454 2
1 455 3
1 456 3
1 457 3
1 458 2
1 459 1
1 42 3
1 460 1
1 461 1
1 462 1
1 463 2
1 55 1
1 464 2
1 465 3
1 466 3
1 467 3
1 468 1
1 469 2
1 470 1
1 471 2
1 472 3
1 473 1
1 474 3
1 475 1
1 476 1
1 477 2
1 478 2
1 479 1
1 480 3
1 481 3
1  2
1 482 2
1 483 1
1 84 2
1 484 1
1 485 3
1 486 1
1 487 3
1 488 3
1 37 3
1 489 1
1 490 1
1 491 3
1 492 2
1 493 2
1 494 2
1 495 1
1 496 2
1 497 2
1 498 3
1 499 3
1 81 3
1 500 2
1 501 3
1 502 2
1 503 1
1 504 3
1 505 2
1 506 2
1 507 1
1 508 2
1 509 1
1 34 1
1 510 3
1 511 2
1 512 2
1 513 1
1 514 3
1 515 3
1 516 2
1 517 2
1 518 1
1 519 3
1 520 1
1 521 3
1 522 3
1 523 3
1 524 3
1  3
1 525 3
1 29 1
1 526 3
1 527 3
1 528 2
1 529 2
1 530 1
1 531 2
1 532 3
1 533 2
1 534 3
1 535 3
1 536 3
1 537 1
1 538 3
1 539 3
1  3
1 540 2
1 541 2
1 542 2
1 543 3
1 544 3
1 545 2
1 546 1
1 547 3
1 548 2
1 549 3
1 550 3
1 551 3
1 552 3
1  1
1 553 1
1 75 3
1 554 3
1 25 2
1 555 2
1 556 3
1 557 2
1 558 2
1 559 1
1 560 2
1 561 1
1 562 2
1 563 2
1 564 3
1 565 2
1 566 3
1 567 2
1 568 3
1 569 2
1 570 2
1 571 2
1 572 2
1 573 1
1 574 2
1 575 2
1 576 1
1 577 1
1 16 2
1 578 3
1 579 3
1 580 3
1 581 1
1 582 1
1 583 1
1 584 2
1 585 3
1 586 2
1 587 2
1 588 2
1 589 2
1 590 3
1 591 2
1 592 1
1 593 2
1 594 2
1 595 2
1 596 3
1 597 2
1 598 3
1 599 3
1 600 2
1 601 2
1 602 1
1 603 2
1 604 2
1 605 2
1 606 2
1 607 2
1 608 2
1 609 3
1 610 2
1 611 2
1 612 2
1 613 3
1 614 3
1 615 1
1 616 2
1 10 3
1 617 3
1 618 1
1 619 2
1 620 1
1 621 2
1 622 2
1 623 3
1 624 3
1 625 2
1 626 3
1 627 2
1 628 1
1 629 2
1 630 2
1 631 2
1 632 2
1 633 3
1 634 2
1 635 2
1 636 2
1  3
1 5 2
1 637 2
1 638 2
1 639 3
1 640 1
1 641 2
1 642 1
1 643 2
1 644 2
1 645 1
1 646 3
1 647 1
1 2 2
1 648 3
1 649 3
1 650 1
1 651 3
1 652 1
1 653 2
1 654 1
1 655 1
1 62 1
1 656 1
1 657 1
1 658 3
1 659 3
1 660 2
1 661 2
1 662 1
1 663 2
1 664 1
1 665 2
1 666 2
1 667 3
1 668 2
1 669 1
1 670 2
1 671 2
1 672 1
1 673 1
1 56 2
1 674 1
1 675 3
1  3
1 676 1
1 41 2
1 677 2
1 678 1
1 679 3
1 680 3
1 681 1
1 682 3
1 683 2
1 19 1
1 684 1
1 685 3
1 686 1
1 687 2
1 688 3
1 689 1
1 690 1
1 691 2
1 692 2
1 693 1
1 83 3
1 694 2
1 695 3
1 696 3
1 697 1
1 698 1
1 699 1
1 700 2
1 701 2
1 702 3
1 703 3
1 704 3
1 93 1
1 705 3
1  3
1  2
1 706 1
1  1
1 707 3
1  3
1 708 3
1 88 1
1 709 1
1 710 3
1 711 1
1 712 2
1 713 3
1  3
1 714 3
1 715 2
1 716 2
1 717 1
1 718 1
1 719 2
1  3
1 720 2
1 721 2
1 722 3
1 723 1
1 724 1
1 725 1
1 726 2
1 727 2
1 728 1
1 729 1
1 730 1
1 731 1
1 732 3
1 733 3
1 734 2
1 735 2
1 736 1
1 737 3
1  3
1 738 2
1 739 3
1 740 1
1 741 2
1 742 3
1  2
1 743 2
1 744 2
1 745 1
1 746 3
1 747 3
1 748 3
1 749 1
1  2
1 750 1
1 751 1
1 752 3
1 753 3
1 754 3
1 94 2
1 755 1
1 756 2
1  3
1 757 3
1  1
1 758 1
1 759 2
1 760 2
1 761 3
1 762 3
1 763 1
1 764 1
1 765 1
1 766 2
1 767 2
1 768 1
1 769 3
1 770 1
1 771 1
1 45 3
1 772 3
1 773 2
1 774 3
1 775 1
1 776 1
1 777 3
1 778 3
1 779 1
1 780 1
1 781 1
1 33 3
1 28 2
1 782 3
1 783 2
1 24 1
1 784 3
1 785 2
1 786 3
1 787 2
1 788 3
1 789 2
1 790 3
1 791 2
1 792 2
1 793 1
1 794 3
1 795 1
1 796 3
1 797 2
1 798 2
1 799 1
1 800 1
1 801 1
1 802 3
1 18 2
1 803 2
1 804 2
1 15 1
1 805 2
1 806 2
1 807 2
1 808 2
1 809 3
1 810 3
1 811 3
1 812 2
1 813 1
1 814 1
1 815 3
1 816 3
1 817 1
1 818 3
1 819 2
1 820 1
1 821 2
1 9 1
1 822 2
1 823 2
1 824 3
1 825 2
1 826 1
1 827 1
1 828 3
1 829 2
1 830 2
1 831 2
1 832 1
1 833 1
1 834 1
1 835 2
1 836 1
1 4 3
1 837 1
1 838 2
1 839 2
1 840 3
1 841 3
1 842 1
1 843 2
1  3
1  1
1  2
1 844 1
1 845 1
1 846 3
1 847 1
1 848 3
1 849 1
1 850 3
1 851 3
1 852 2
1 853 1
1 854 2
1 855 2
1 856 3
1 857 3
1 858 2
1 859 2
1 860 2
1 861 2
1 862 2
1 863 1
1 864 2
1 865 1
1 866 2
1 867 2
1 868 2
1 869 3
1 870 2
1 871 2
1 872 3
1 873 3
1 874 3
1 875 2
1 876 3
1 877 1
1 878 1
1 879 1
1 880 1
1 881 2
1 882 2
1 883 2
1 884 1
1 885 3
1 886 2
1 887 1
1 888 1
1 889 3
1  2
1 890 3
1 891 1
1 892 1
1 893 3
1 894 1
1 895 2
1 896 2
1 897 1
1 898 3
1 899 2
1 900 3
1 901 3
1 902 2
1 903 1
1 904 1
1 905 2
1 906 2
1 907 2
1 908 1
1  2
1 909 2
1 910 1
1 911 3
1 912 3
1 913 3
1 914 2
1 915 3
1 916 3
1 917 3
1 918 1
1 919 3
1 920 3
1 44 3
1 921 2
1 922 1
1 923 3
1 924 1
1 925 1
1 926 3
1 927 3
1 928 1
1  3
1 929 3
1 930 1
1 931 2
1 932 2
1 933 1
1 934 3
1 935 1
1 936 1
1 937 2
1 938 1
1 939 3
1 940 1
1 941 3
1 942 2
1 943 3
1 944 1
1 945 2
1 38 3
1 946 3
1 36 2
1 947 1
1 948 1
1 32 2
1 949 3
1 950 2
1 951 2
1 952 1
1 953 3
1 954 2
1 955 1
1 23 3
1 956 1
1 957 2
1 958 2
1 959 1
1 960 2
1 961 2
1 962 3
1 963 2
1 964 1
1 965 2
1 966 2
1 967 1
1 968 1
1 969 1
1 970 3
1 971 3
1 972 3
1 973 1
1 974 3
1 14 1
1 975 1
1 976 3
1 977 2
1 978 1
1 979 2
1 980 3
1 981 3
1 982 2
1 983 3
1 8 3
1 984 1
1 985 1
1  3
1 986 1
1 987 1
1 988 1
1 989 2
1 990 2
1 991 1
1 3 1
1 992 1
1 993 1
1 994 2
1 995 3
1 996 2
1 997 1
1 998 1
1 999 1
1 1000 2
1 1001 3
1 1002 1
1 1003 3
1 1004 3
1 1005 3
1 1006 3
1 1007 1
1 1008 3
1 1009 1
1 1010 3
1 1011 2
1 1012 2
1 1013 1
1 1014 3
1 27 2
1 1015 3
1 1016 1
1 1017 3
1 1018 1
1 1019 2
1 1020 1
1 1021 3
1 1022 1
1 1023 2
1 1024 2
1 1025 3
1 1026 1
1 1027 2
1 1028 2
1 1029 2
1 1030 2
1 1031 1
1 1032 1
1 1033 2
1 1034 3
1 1035 1
1 22 2
1 1036 2
1 1037 2
1 1038 3
1 17 1
1 1039 1
1 1040 1
1 13 3
1 1041 2
1 1042 2
1 1043 1
1 1044 2
1 1045 3
1 1046 1
1 1047 3
1 1048 2
1 1049 1
1 1050 3
1 1051 1
1 1052 2
1 1053 1
1 1054 2
1 1055 3
1 1056 3
1 1057 1
1 1058 2
1 1059 1
1 1060 3
1 1061 2
1 1062 2
1 1063 2
1 1064 1
1 1065 2
1 1066 1
1 1067 3
1 1068 2
1 1069 2
1 1070 2
1 1071 3
1 40 3
1 1072 3
1 1073 2
1 1074 2
1 1075 1
1 1076 2
1 1077 3
1 1078 2
1 1079 1
1 1080 2
1 1081 2
1 1082 1
1 1083 2
1 1084 3
1 1085 3
1 1086 2
1 1087 1
1 26 3
1 1088 2
1 1089 3
1 1090 2
1 1091 1
1 1092 2
1 1093 2
1 1094 1
1 1095 3
1 1096 3
1 1097 2
1 1098 3
1 1099 2
1 1100 3
1 1101 3
1 1102 3
1 1103 1
1 1104 3
1 1105 1
1 1106 3
1 1107 2
1 1108 2
1 1109 3
1 1110 2
1 1111 2
1 1112 2
1 1113 3
1 1114 2
1 1115 3
1 1116 2
1 21 1
1 1117 3
1 1118 1
1 1119 2
1 1120 3
1 1121 3
1 1122 1
1 1123 2
1 1124 3
1 1125 1
1 1126 2
1 1127 2
1 1128 1
1 1129 2
1 1130 2
1 1131 3
1 1132 2
1 1133 3
1 1134 1
1 1135 1
1 1136 3
1 1137 3
1 1138 1
1 1139 3
1 1140 2
1 1141 1
1 1142 2
1 1143 2
1 1144 3
1 1145 2
1 1146 3
1 1147 1
1 1148 2
1 1149 1
1 1150 2
1 1151 2
1  1
1  2
1  2
1  1
1  2
1  1
1  1
1  2
1  1
1  1
1  2
1  3
1  2
1  2
1  3
1  2
1  3
1  3
1  1
1  2
1  3
1  1
1  1
1  1
1  3
1  2
1  3
1  2
1  1
1  3
1  3
1  3
1  2
1  2
1  2
1  3
1  1
1  2
1  3
1  1
1  2
1  1
1  2
1  1
1  1
1  3
1  2
1  3
1  1
1  2
1  1
1  2
1  1
1  1
1  3
1  2
1  1
1  2
1  2
1  2
1  2
1  2
1  3
1  2
1  1
1  3
1  1
1  2
1  1
1  3
1  3
1  3
1  2
1  1
1  1
1  2
1  2
1  1
1  3
1  1
1  2
1  2
1  1
1  2
1  2
1  2
1  3
1  1
1  2
1  3
1  3
1  1
1  2
1  3
1  2
1  1
1  2
1  2
1  3
1  3
1  2
1  3
1  2
1  2
1  2
1  2
1  1
1  2
1  3
1  3
1  2
1  3
1  3
1  3
1  1
1  1
1  2
1  1
1  3
1  1
1  1
1  1
1  3
1  2
1  1
1  2
1  1
1  2
1  2
1  3
1  2
1  2
1  2
1  3
1  2
1  3
1  1
1  3
1  3
1  1
1  3
1  2
1  2
1  2
1  2
1 1152 2
1 1153 1
1 1154 2
1 1155 1
1 1156 3
1 1157 3
1 1158 1
1 1159 1
1 1160 3
1 1161 3
1 1162 1
1 1163 1
1 1164 1
1 1165 2
1  3
1 1166 3
1 1167 2
1 1168 1
1 1169 1
1 1170 1
1 1171 2
1 1172 3
1 1173 2
1 1174 2
1 1175 3
1 1176 3
1 1177 1
1 1178 3
1 1179 2
1 1180 3
1 1181 1
1 1182 1
1 1183 1
1 1184 3
1 1185 3
1 1186 1
1 1187 1
1 1188 3
1 1189 1
1 1190 1
1 1191 1
1 1192 2
1 1193 3
1 1194 1
1 1195 1
1 1196 1
1 1197 1
1 1198 2
1 1199 3
1 1200 1
1 1201 1
1 1202 3
1 1203 1
1 1204 1
1 1205 1
1 1206 3
1  2
1 1207 3
1 1208 1
1 1209 2
1  2
1 1210 2
1 1211 2
1 1212 1
1  2
1 1213 3
1 1214 1
1 1215 1
1  3
1 1216 3
1  3
1 1217 2
1 1218 3
1 1219 3
1 1220 1
1  2
1 1221 1
1 1222 2
1 1223 2
1  2
1 1224 3
1 1225 2
1  2
1 1226 3
1 1227 2
1 1228 2
1  2
1 1229 3
1 1230 3
1 1231 1
1 1232 1
1  2
1  2
1  3
1 1233 2
1 1234 3
1 1235 1
1 1236 1
1 1237 1
1 1238 3
1 1239 1
1 1240 2
1  2
1  2
1  1
1  2
1 1241 3
1 1242 3
1  2
1 1243 2
1 1244 1
1 1245 2
1 1246 1
1 1247 1
1 1248 3
1 1249 1
1 1250 1
1 1251 1
1 1252 1
1 1253 2
1 1254 2
1 1255 2
1 1256 2
1 1257 2
1 1258 1
1 1259 2
1 1260 1
1 1261 3
1 1262 1
1 1263 3
1 1264 2
1 1265 3
1 1266 1
1 1267 2
1 1268 3
1 1269 2
1 1270 3
1 1271 3
1 1272 1
1 1273 3
1 1274 2
1 1275 3
1 1276 3
1 1277 2
1 1278 1
1 1279 2
1 1280 1
1 1281 2
1 1282 2
1 1283 3
1 1284 1
1 1285 2
1 1286 2
1 1287 2
1 1288 1
1 1289 3
1 1290 3
1 77 1
1 1291 3
1 1292 3
1 1293 2
1 1294 2
1 1295 1
1 1296 3
1 1297 1
1 1298 1
1 1299 1
1 1300 1
1 1301 3
1 1302 3
1 1303 2
1 1304 1
1 1305 1
1 1306 3
1 12 1
1 1307 1
1 1308 2
1 1309 2
1 1310 1
1 1311 3
1 1312 1
1 1313 2
1 1314 2
1 1315 1
1 1316 1
1 1317 1
1 1318 1
1 1319 3
1 1320 1
1 1321 3
1 1322 1
1 1323 3
1 1324 3
1 1325 3
1 1326 1
1 1327 1
1 1328 1
1 1329 1
1 1330 3
1 1331 2
1 1332 1
1 1333 2
1 1334 3
1 1335 3
1 1336 1
1  2
1 1337 2
1 1338 2
1 1339 2
1 1340 3
1 1341 2
1 1342 1
1 1343 1
1 1344 2
1 1345 2
1 1346 1
1 1347 3
1  2
1 1348 3
1 1349 3
1 43 3
1 1350 2
1 1351 2
1 1352 2
1 1353 2
1 1354 2
1 1355 2
1 1356 2
1 1357 1
1 1358 2
1 1359 2
1 1360 1
1 1361 1
1 1362 1
1 1363 2
1 1364 3
1 1365 3
1 1366 1
1 1367 3
1 1368 2
1 1369 1
1 1370 1
1 1371 3
1 1372 2
1 1373 3
1 1374 2
1 1375 2
1 1376 2
1 1377 1
1 1378 2
1 1379 3
1 1380 2
1 1381 3
1 1382 2
1 1383 2
1 1384 2
1 1385 2
1 1386 2
1 1387 2
1 1388 1
1 1389 3
1 1390 2
1 1391 1
1 1392 2
1 1393 1
1 1394 2
1 1395 3
1 1396 2
1 1397 1
1 1398 2
1 1399 2
1 1400 3
1 1401 3
1 1402 3
1 1403 3
1 1404 2
1 1405 2
1 1406 1
1 1407 1
1 1408 3
1 1409 3
1 1410 2
1 1411 2
1 1412 2
1 1413 2
1 1414 2
1 1415 2
1 1416 2
1 1417 2
1 1418 3
1 1419 3
1 1420 2
1 1421 2
1 1422 2
1 1423 3
1 1424 1
1 1425 3
1 1426 3
1 1427 3
1 1428 2
1 1429 2
1 1430 1
1 1431 1
1 1432 1
1 1433 2
1 31 1
1 1434 2
1 1435 1
1 1436 3
1 1437 2
1 1438 3
1 1439 3
1 1440 3
1 1441 2
1  2
1  2
1  2
1  2
1  3
1 1442 2
1 1443 2
1 1444 3
1 1445 1
1 1446 3
1  2
1  2
1 1447 1
1 1448 2
1 1449 1
1 1450 3
1 1451 2
1 1452 1
1 1453 3
1 1454 2
1 1455 3
1 1456 2
1 1457 1
1 1458 2
1 1459 3
1 1460 2
1 1461 2
1 1462 2
1 1463 1
1 1464 3
1 20 1
1 1465 1
1 1466 2
1 1467 2
1 1468 3
1 1469 2
1 1470 1
1 1471 2
1 1472 3
1 1473 3
1 1474 2
1 1475 2
1 1476 2
1 1477 1
1 1478 2
1 1479 1
1 1480 1
1 1481 3
1 1482 2
1 1483 2
1 1484 3
1 1485 3
1 1486 2
1 1487 2
1 1488 1
1 1489 1
1 1490 2
1 1491 1
1 1492 1
1 1493 3
1 1494 2
1 1495 2
1 1496 2
1 1497 3
1 1498 1
1 1499 2
1 1500 3
1 1501 3
1 1502 3
1 1503 3
1 68 2
1 1504 1
1 1505 3
1 1506 1
1 1507 2
1 1508 1
1 1509 2
1 1510 2
1 1511 3
1 1512 1
1 1513 2
1 1514 1
1 1515 3
1 7 2
1 1516 1
1 1517 1
1 1518 1
1 1519 2
1 1520 3
1 1521 1
1 1522 2
1 1523 1
1 1524 3
1 1525 2
1 1526 1
1 1527 1
1 39 3
1 1528 3
1 1529 2
1 1530 2
1 1531 1
1 1532 2
1 1533 2
1 1534 2
1 1535 1
1 1536 1
1 1537 3
1 1538 3
1 1539 3
1 1540 3
1 1541 2
1 1542 3
1 1543 1
1 1544 1
1 1545 2
1 1546 1
1 1547 3
1 1548 1
1 1549 1
1 1550 1
1 1551 2
1 1552 3
1 1553 2
1 1554 2
1 1555 3
1 1556 2
1 1557 2
1 1558 2
1 1559 3
1 1560 3
1 1561 2
1 1562 2
1 1563 2
1 1564 1
1 1565 2
1 1566 1
1 1567 2
1 1568 2
1 1569 3
1 1570 2
1 1571 1
1 1572 2
1 1573 3
1 1574 2
1 1575 2
1 1576 2
1 1577 3
1 30 1
1 1578 1
1 1579 2
1 1580 2
1 1581 1
1 1582 2
1 1583 2
1 1584 1
1 1585 2
1 1586 2
1 1587 2
1 1588 3
1 1589 3
1 1590 1
1 1591 2
1 1592 3
1 1593 3
1 1594 3
1 1595 3
1  2
1 1596 2
1 1597 1
1 1598 2
1 1599 3
1 1600 2
1 1601 1
1 1602 3
1 1603 1
1 1604 2
1 79 3
1 1605 3
1 1606 3
1 1607 3
1 1608 1
1 1609 2
1 1610 3
1 1611 2
1 1612 2
1 1613 2
1 1614 1
1 1615 3
1 1616 3
1 1617 3
1 1618 3
1 1619 3
1 1620 1
1 1621 1
1 1622 2
1 1623 2
1 1624 3
1 1625 2
1 1626 3
1 1627 1
1 1628 3
1 1629 1
1 1630 1
1 1631 3
1 1632 1
1 1633 2
1 1634 1
1 1635 3
1 1636 3
1 1637 2
1 1638 1
1 1639 1
1 1640 2
1 1641 1
1 1642 1
1 1643 2
1 1644 1
1 1645 3
1 1646 1
1 1647 2
1 1648 2
1 1649 1
1 1650 2
1 1651 3
1 1652 1
1 1653 3
1 1654 1
1 1655 1
1 1656 2
1 1657 3
1 1658 3
1 1659 2
1 1660 2
1 1661 1
1 1662 1
1 1663 1
1 1664 2
1 1665 1
1 1666 3
1 1667 2
1 1668 1
1 1669 2
1 1670 2
1 1671 2
1 1672 2
1 1673 3
1 1674 2
1 1675 3
1 1676 2
1 1677 2
1 1678 1
1 1679 1
1 1680 2
1 1681 3
1 1682 2
1 1683 1
1 1684 2
1 1685 1
1 1686 3
1 1687 1
1 1688 2
1 1689 3
1 1690 2
1 1691 1
1 1692 3
1 1693 3
1 1694 2
1 1695 3
1 1696 3
1 1697 2
1 1698 2
1 1699 3
1 1700 2
1 1701 1
1 1702 1
1 1703 3
1 1704 3
1 1705 2
1 1706 2
1 1707 1
1 1708 2
1 1709 3
1 1710 3
1 1711 3
1 1712 1
1 1713 2
1 1714 1
1 1715 3
1 1716 3
1 1717 2
1 1718 2
1 1719 2
1 1720 3
1 1721 2
1 1722 3
1 1723 3
1 1724 2
1 1725 1
1 1726 3
1 1727 1
1 1728 1
1 1729 3
1 1730 2
1 1731 3
1 1732 1
1 1733 1
1 11 1
1 1734 1
1 1735 3
1 1736 1
1 1737 2
1 1738 2
1 1739 2
1 1740 1
1 1741 3
1 1742 1
1 1743 1
1 1744 3
1 1745 2
1 1746 1
1 1747 1
1 1748 2
1 1749 2
1 1750 2
1 1751 1
1 1752 2
1 1753 3
1 1754 2
1 1755 1
1 1756 2
1 1757 2
1 1758 2
1 1759 2
1 1760 1
1 1761 3
1 1762 3
1 1763 1
1 1764 3
1 1765 1
1 1766 3
1 1767 3
1 1768 1
1 1769 1
1 1770 1
1 1771 3
1 1772 2
1 1773 1
1 1774 1
1 1775 2
1 1776 2
1 1777 3
1 1778 2
1 1779 2
1 1780 1
1 1781 2
1 1782 1
1 1783 1
1 1784 2
1 1785 3
1 1786 1
1 1787 1
1 1788 1
1 1789 2
1 1790 2
1 1791 3
1 1792 2
1 1793 2
1 1794 1
1 1795 1
1 1796 3
1 1797 1
1 1798 2
1 1799 2
1 1800 2
1 1801 1
1 1802 2
1 1803 1
1 1804 2
1 1805 1
1 1806 2
1 1807 2
1 1808 2
1 1809 1
1 1810 2
1 1811 3
1 1812 2
1 1813 2
1 1814 1
1 1815 1
1 1816 2
1 1817 2
1 1818 3
1 1819 1
1 1820 1
1 1821 2
1 1822 2
1 1823 3
1 1824 3
1 1825 3
1 1826 2
1 1827 2
1 1828 1
1 1829 1
1 1830 2
1 1831 2
1 1832 2
1 1833 1
1 1834 3
1 1835 3
1 1836 3
1 1837 2
1 1838 1
1 1839 2
1 1840 1
1 1841 2
1 1842 2
1 1843 2
1 1844 1
1 1845 1
1 1846 2
1 1847 1
1 1848 3
1 1849 3
1 1850 3
1 1851 1
1 1852 3
1 1853 1
1 1854 3
1 1855 3
1 1856 1
1 1857 1
1 1858 2
1 1859 1
1 1860 3
1 1861 3
1 1862 2
1 6 3
1 1863 1
1 1864 2
1 1865 2
1 1866 3
1 1867 1
1 1868 2
1 1869 2
1 1870 1
1 1871 1
1 1872 3
1 1873 2
1 1874 1
1 1875 3
1 1876 2
1 1877 1
1 1878 2
1 1879 2
1 1880 1
1  3
1  3
1 1881 1
1 1882 2
1 1883 3
1 1884 2
1 1885 3
1 1886 1
1 1887 2
1 1888 2
1 1889 1
1 1890 2
1 1891 3
1 1892 1
1  2
1  2
1 1893 2
1 1894 1
1 1895 1
1 1896 3
1 1897 2
1 1898 3
1 1899 2
1 1900 3
1 1901 1
1 1902 2
1 1903 1
1 1904 2
1 1905 3
1 1906 2
1 1907 2
1 1908 1
1 1909 1
1 1910 3
1 1911 1
1 1912 2
1 1913 3
1 1914 2
1 1915 1
1 1916 3
1 1917 3
1 1918 1
1 1919 1
1 1920 1
1 1921 1
1 1922 3
1 1923 1
1 1924 3
1 1925 2
1  3
1 1926 3
1 1927 3
1 1928 2
1 1929 3
1 1930 3
1 1931 1
1 1932 2
1 1933 2
1 1934 2
1 1935 1
1 1936 2
1 1937 3
1 1938 1
1 1939 3
1 1940 2
1 1941 3
1 1942 3
1 1943 1
1 1944 1
1 1945 3
1 1946 2
1 1947 1
1 1948 1
1 1949 2
1 1950 1
1 1951 3
1 1952 2
1 1953 2
1 1954 2
1 1955 2
1 1956 2
1 1957 2
1 1958 2
1 1959 2
1 1960 3
1 1961 2
1 1962 1
1 1963 1
1 1964 1
1 1965 2
1 1966 3
1 1967 2
1 1968 2
1 1969 2
1 1970 2
1 1971 3
1 1972 2
1 1973 3
1 1974 1
1 1975 1
1 1976 1
1 1977 3
1 1978 2
1 1979 2
1 1980 2
1 1981 2
1 1982 2
1 1983 1
1 1984 1
1 1985 2
1 1986 3
1 1987 2
1 1988 3
1 1989 2
1 1 2
1 1990 1
1 1991 2
1 1992 1
1 1993 2
1 1994 2
1 1995 2
1 1996 3
1 1997 3
1  1
1 1998 2
1  2
1  3
1  3
1  3
1  2
1  2
1 1999 2
1 2000 1
1 2001 1
1 2002 1
1 2003 1
1 2004 1
1 2005 3
1 2006 1
1 2007 2
1 2008 1
1 2009 2
1 2010 2
1 2011 1
1 2012 1
1 2013 1
1 2014 2
1 2015 2
1 2016 2
1 2017 2
1 2018 2
1 2019 1
1 2020 2
1 2021 1
1 2022 3
1 2023 1
1 2024 2
1 2025 1
1 2026 3
1 2027 3
1 2028 2
1 2029 3
1 2030 1
1 2031 2
1 2032 3
1 2033 1
1 2034 2
1 2035 1
1 2036 3
1 2037 3
1 2038 3
1 2039 2
1 2040 2
1 2041 3
1 2042 2
1 2043 1
1 2044 2
1 2045 1
1 2046 3
1 2047 1
1 2048 1
1 2049 3
1 2050 1
1 2051 1
1 2052 1
1 2053 3
1 2054 3
1 2055 3
1 2056 2
1 2057 1
1 2058 2
1 2059 1
1 2060 3
1 2061 1
1 2062 1
1 2063 1
1 2064 2
1 2065 2
1 2066 3
1 2067 1
1 2068 2
1 2069 1
1 2070 3
1 2071 1
1 2072 1
1 2073 3
1 2074 3
1 2075 3
1 2076 2
1 2077 2
1 2078 1
1 2079 2
1  3
1 2080 2
1 2081 1
1 2082 1
1 2083 1
1 2084 3
1 2085 3
1 2086 1
1 2087 2
1 2088 1
1 2089 1
1 2090 3
1 2091 1
1 2092 1
1 2093 2
1  3
1  3
1 2094 2
1 2095 1
1 2096 1
1 2097 2
1 2098 2
1 2099 1
1 2100 2
1 2101 2
1 2102 1
1 2103 3
1 2104 3
1 2105 2
1 2106 3
1 2107 2
1 2108 2
1 2109 3
1 2110 1
1 2111 3
1 2112 2
1 2113 3
1 2114 2
1 2115 1
1 2116 2
1 2117 3
1 2118 1
1 2119 1
1 2120 3
1 2121 2
1 2122 2
1 2123 2
1 2124 3
1 2125 2
1 2126 1
1 2127 3
1 2128 1
1 2129 3
1 2130 3
1 2131 3
1 2132 2
1 2133 1
1 2134 2
1 2135 1
1 2136 1
1 2137 3
1 2138 1
1 2139 2
1 2140 2
1 2141 2
1 2142 2
1 2143 3
1 2144 2
1 2145 1
1 2146 1
1 2147 1
1 2148 1
1 2149 3
1 2150 3
1  3
1  2
1 2151 1
1 2152 2
1  2
1  2
1  3
1  1
1  2
1  2
1  2
1  2
1  2
1  2
1  2
1  2
1  3
1  2
1  2
1  3
1  3
1  3
1  2
1  2
1  1
1  3
1  2
1  2
1  2
1  2
1  3
1  2
1  2
1 2153 2
1 2154 3
1 2155 3
1 2156 2
1 2157 2
1 2158 2
1 2159 1
1 2160 1
1 2161 3
1 2162 1
1 2163 2
1 2164 1
1 2165 2
1 2166 2
1 2167 2
1 2168 1
1 2169 2
1 2170 3
1 2171 1
1 2172 1
1 2173 1
1 2174 1
1 2175 1
1 2176 1
1 2177 2
1 2178 1
1 2179 1
1 2180 1
1 2181 1
1 2182 3
1 2183 1
1 2184 3
1 2185 2
1 2186 1
1 2187 1
1 2188 3
1 2189 3
1 2190 2
1 2191 1
1 2192 3
1 2193 1
1 2194 2
1  2
1 2195 1
1 2196 1
1 2197 3
1 2198 1
1 2199 3
1 2200 2
1 2201 2
1 2202 3
1 2203 3
1 2204 2
1 2205 3
1 2206 2
1 2207 2
1 2208 1
1 2209 2
1 2210 2
1 2211 3
1 2212 2
1 2213 2
1 2214 1
1 2215 3
1 2216 3
1 2217 3
1 2218 3
1 2219 2
1 2220 2
1 2221 1
1 2222 2
1 2223 2
1 2224 2
1 2225 3
1 2226 1
1 2227 2
1 2228 2
1 2229 2
1 2230 1
1 2231 3
1 2232 3
1 2233 2
1 2234 1
1 2235 3
1 2236 2
1 2237 2
1 2238 2
1 2239 3
1 2240 1
1 2241 2
1 2242 1
1 2243 1
1 2244 2
1 2245 3
1 2246 1
1 2247 2
1 2248 2
1 2249 3
1 2250 3
1 2251 3
1 2252 1
1 2253 1
1 2254 2
1 2255 3
1 2256 2
1 2257 3
1 2258 2
1 2259 1
1 2260 2
1 2261 1
1  2
1 2262 1
1 2263 2
1 2264 3
1 2265 2
1 2266 3
1 2267 2
1 2268 2
1 2269 2
1 2270 1
1 2271 2
1 2272 2
1 2273 1
1 2274 2
1 2275 2
1 2276 1
1 2277 3
1 2278 1
1 2279 2
1 2280 1
1 2281 1
1 2282 2
1 2283 2
1 2284 2
1 2285 3
1 2286 1
1 2287 3
1 2288 2
1 2289 2
1 2290 1
1 2291 2
1 2292 3
1 2293 3
1 2294 2
1 2295 2
1 2296 2
1 2297 2
1 2298 1
1 2299 1
1 2300 1
1 2301 1
1 2302 1
1 2303 2
1 2304 3
1 2305 3
1 2306 1
1 2307 1
1 2308 2
1 2309 1
1 2310 3
1 2311 2
1 2312 2
1 2313 3
1 2314 1
1 2315 1
1 2316 1
1 2317 3
1 2318 1
1 2319 2
1 2320 1
1 2321 2
1 2322 2
1 2323 2
1 2324 2
1 2325 2
1 2326 2
1 2327 1
1 2328 1
1 2329 1
1 2330 2
1 2331 1
1 2332 3
1 2333 3
1 2334 2
1 2335 1
1 2336 2
1 2337 1
1 2338 2
1 2339 2
1 2340 3
1 2341 2
1 2342 3
1 2343 1
1 2344 1
1 2345 1
1 2346 1
1 2347 3
1 2348 1
1 2349 1
1 2350 2
1 2351 1
1 2352 2
1 2353 1
1 2354 2
1 2355 2
1 2356 2
1 2357 3
1 2358 2
1 2359 1
1 2360 2
1 2361 1
1 2362 2
1 2363 2
1 2364 2
1 2365 3
1 2366 1
1 2367 3
1 2368 3
1 2369 2
1 2370 2
1 2371 2
1 2372 3
1 2373 3
1 2374 2
1 2375 1
1 2376 1
1 2377 2
1 2378 2
1 2379 1
1 2380 1
1 2381 3
1 2382 3
1 2383 2
1 2384 2
1 2385 1
1 2386 3
1 2387 1
1 2388 2
1 2389 2
1 2390 1
1 2391 3
1 2392 2
1 2393 1
1 2394 3
1 2395 2
1 2396 2
1 2397 1
1 2398 2
1 2399 1
1 2400 3
1 2401 1
1 2402 1
1 2403 1
1 2404 2
1 2405 2
1 2406 2
1 2407 2
1 2408 1
1 2409 3
1 2410 3
1 2411 2
1 2412 3
1 2413 3
1 2414 2
1 2415 2
1 2416 2
1 2417 1
1 2418 1
1 2419 2
1 2420 2
1 2421 2
1 2422 1
1 2423 1
1 2424 2
1 2425 3
1 2426 3
1 2427 1
1 2428 1
1 2429 2
1 2430 2
1 2431 2
1 2432 2
1 2433 2
1 2434 2
1 2435 2
1 2436 2
1 2437 2
1 2438 3
1 2439 2
1 2440 1
1 2441 1
1 2442 1
1 2443 2
1 2444 2
1 2445 3
1 2446 3
1 2447 2
1 2448 2
1 2449 2
1 2450 1
1 2451 2
1 2452 2
1 2453 2
1 2454 1
1 2455 2
1  3
1  3
1  3
1  3
1 2456 3
1 2457 1
1 2458 1
1 2459 1
1 2460 2
1 2461 1
1 2462 2
1 2463 3
1 2464 3
1 2465 1
1 2466 3
1 2467 2
1 2468 2
1 2469 2
1 2470 2
1 2471 2
1 2472 3
1 2473 2
1 2474 1
1 2475 2
1 2476 3
1 2477 1
1 2478 2
1 2479 3
1 2480 1
1 2481 3
1 2482 2
1 2483 2
1 2484 2
1 2485 2
1 2486 2
1 2487 2
1 2488 1
1 2489 2
1 2490 2
1 2491 1
1 2492 2
1 2493 1
1 2494 2
1 2495 1
1 2496 3
1 2497 2
1 2498 3
1 2499 3
1 2500 2
1 2501 2
1 2502 2
1 2503 3
1 2504 1
1 2505 1
1 2506 1
1 2507 2
1 2508 3
1 2509 2
1 2510 3
1 2511 1
1 2512 1
1 2513 2
1 2514 1
1 2515 2
1 2516 1
1 2517 2
1 2518 3
1 2519 2
1 2520 2
1 2521 1
1 2522 3
1 2523 1
1 2524 1
1 2525 1
1 2526 2
1 2527 1
1 2528 2
1 2529 2
1 2530 1
1 2531 2
1 2532 2
1 2533 2
1 2534 1
1 2535 2
1 2536 2
1 2537 3
1 2538 1
1 2539 3
1  3
1  2
1 2540 1
1 2541 3
1 2542 3
1 2543 1
1 2544 1
1 2545 2
1 2546 1
1 2547 1
1 2548 3
1 2549 2
1 2550 2
1 2551 2
1 2552 2
1 2553 2
1 2554 1
1 2555 2
1 2556 1
1 2557 2
1 2558 3
1 2559 2
1 2560 1
1 2561 2
1 2562 3
1 2563 1
1 2564 2
1 2565 3
1 2566 3
1 2567 1
1 2568 1
1 2569 2
1 2570 2
1 2571 3
1 2572 3
1 2573 1
1 2574 2
1 2575 2
1 2576 1
1 2577 2
1 2578 2
1 2579 3
1 2580 2
1 2581 3
1 2582 2
1 2583 2
1 2584 3
1 2585 1
1 2586 2
1 2587 1
1 2588 2
1 2589 2
1 2590 2
1 2591 2
1 2592 2
1 2593 3
1 2594 3
1 2595 2
1 2596 2
1 2597 3
1 2598 2
1 2599 1
1 2600 3
1 2601 1
1 2602 2
1 2603 3
1 2604 3
1 2605 3
1 2606 2
1 2607 2
1 2608 2
1 2609 2
1 2610 1
1 2611 3
1 2612 2
1 2613 1
1 2614 2
1 2615 1
1 2616 2
1 2617 2
1 2618 1
1 2619 1
1 2620 2
1 2621 2
1 2622 3
1 2623 2
1  1
1  2
1 2624 3
1 2625 1
1 2626 1
1 2627 1
1 2628 3
1  3
1 2629 1
1 2630 2
1 2631 1
1 2632 1
1 2633 3
1 2634 1
1 2635 1
1 2636 2
1 2637 2
1 2638 2
1 2639 1
1 2640 1
1 2641 3
1 2642 3
1 2643 2
1 2644 3
1 2645 3
1 2646 2
1 2647 2
1 2648 1
1 2649 1
1 2650 2
1 2651 2
1 2652 2
1 2653 1
1 2654 1
1 2655 3
1  2
1 2656 2
1 2657 2
1 2658 2
1 2659 1
1 2660 1
1 2661 3
1 2662 3
1 2663 3
1 2664 1
1 2665 2
1 2666 1
1 2667 1
1 2668 1
1 2669 2
1 2670 1
1 2671 1
1 2672 2
1 2673 2
1 2674 3
1 2675 3
1 2676 3
1 2677 3
1 2678 3
1 2679 2
1 2680 2
1 2681 3
1 2682 1
1 2683 2
1 2684 2
1 2685 3
1 2686 3
1 2687 2
1 2688 2
1 2689 1
1 2690 2
1 2691 2
1 2692 1
1 2693 1
1 2694 1
1 2695 1
1 2696 1
1 2697 1
1 2698 1
1 2699 1
1 2700 3
1 2701 3
1 2702 3
1 2703 2
1 2704 3
1 2705 3
1 2706 1
1 2707 1
1  1
1 2708 3
1  2
1  2
1 2709 3
1 2710 1
1 2711 2
1 2712 3
1 2713 2
1 2714 3
1 2715 3
1 2716 2
1 2717 2
1 2718 1
1 2719 1
1 2720 1
1 2721 2
1 2722 2
1 2723 3
1 2724 3
1 2725 2
1 2726 2
1 2727 3
1 2728 3
1 2729 2
1 2730 1
1 2731 3
1 2732 3
1 2733 2
1 2734 2
1 2735 2
1 2736 1
1 2737 2
1 2738 2
1 2739 1
1 2740 3
1 2741 2
1 2742 3
1 2743 3
1 2744 1
1 2745 2
1 2746 2
1 2747 1
1 2748 1
1 2749 2
1 2750 2
1 2751 2
1 2752 1
1 2753 3
1 2754 3
1 2755 2
1 2756 3
1 2757 2
1 2758 2
1 2759 1
1 2760 3
1 2761 3
1 2762 2
1 2763 2
1 2764 2
1 2765 1
1 2766 1
1 2767 1
1 2768 1
1 2769 3
1 2770 2
1 2771 2
1 2772 2
1 2773 1
1 2774 3
1 2775 1
1 2776 2
1 2777 2
1 2778 2
1 2779 1
1 2780 1
1 2781 2
1 2782 3
1 2783 2
1 2784 2
1 2785 3
1 2786 1
1 2787 3
1 2788 3
1 2789 1
1 2790 2
1 2791 2
1 2792 2
1 2793 3
1 2794 2
1 2795 1
1 2796 3
1 2797 1
1 2798 1
1 2799 1
1 2800 3
1 2801 1
1 2802 2
1 2803 1
1 2804 1
1  2
1 2805 2
1 2806 3
1 2807 3
1 2808 2
1 2809 2
1 2810 1
1 2811 2
1 2812 2
1 2813 3
1 2814 1
1 2815 2
1 2816 1
1 2817 3
1 2818 2
1 2819 2
1 2820 3
1 2821 1
1 2822 2
1 2823 3
1 2824 1
1 2825 1
1 2826 2
1 2827 2
1  3
1  2
1  2
1 2828 1
1 2829 3
1  2
1  2
1  2
1  3
1 2830 2
1  3
1  2
1 2831 2
1  2
1  3
1  2
1 2832 3
1  3
1 2833 1
1  2
1  2
1  2
1 2834 2
1  3
1  2
1 2835 2
1 2836 1
1 2837 1
1 2838 2
1  2
1  2
1 2839 2
1 2840 1
1  2
1 2841 2
1  2
1 2842 2
1 2843 2
1 2844 2
1  2
1 2845 2
1  2
1 2846 2
1  2
1 2847 3
1 2848 1
1 2849 1
1 2850 2
1 2851 3
1 2852 3
1 2853 3
1 2854 3
1 2855 3
1 2856 1
1 2857 3
1 2858 2
1 2859 2
1 2860 3
1 2861 1
1 2862 1
1 2863 2
1 2864 1
1  2
1  2
1  2
1 2865 2
1  3
1 2866 1
1 2867 3
1 2868 3
1 2869 2
1 2870 2
1 2871 2
1 2872 2
1 2873 2
1 2874 2
1 2875 2
1 2876 3
1 2877 2
1 2878 2
1 2879 1
1 2880 1
1 2881 1
1 2882 3
1 2883 2
1 2884 3
1 2885 3
1 2886 2
1 2887 3
1 2888 2
1 2889 1
1 2890 2
1 2891 3
1 2892 2
1 2893 2
1 2894 1
1 2895 3
1 2896 3
1 2897 3
1 2898 1
1 2899 3
1 2900 3
1 2901 2
1 2902 2
1 2903 2
1 2904 3
1 2905 2
1 2906 2
1 2907 1
1 2908 3
1 2909 2
1 2910 2
1 2911 2
1 2912 2
1 2913 2
1 2914 2
1 2915 2
1 2916 2
1 2917 2
1 2918 3
1 2919 2
1 2920 2
1 2921 1
1 2922 3
1 2923 2
1 2924 2
1 2925 2
1 2926 2
1 2927 2
1 2928 2
1 2929 2
1 2930 3
1 2931 2
1 2932 2
1 2933 2
1 2934 3
1 2935 3
1 2936 1
1 2937 2
1 2938 2
1 2939 2
1 2940 2
1 2941 2
1 2942 2
1 2943 1
1 2944 2
1 2945 2
1 2946 2
1 2947 2
1 2948 3
1 2949 1
1 2950 3
1 2951 2
1 2952 2
1 2953 2
1 2954 1
1 2955 3
1 2956 2
1 2957 2
1 2958 3
1 2959 1
1  1
1 2960 3
1 2961 1
1  3
1 2962 2
1 2963 1
1 2964 2
1 2965 2
1 2966 1
1 2967 1
1 2968 2
1 2969 2
1  2
1 2970 2
1  2
1  3
1  1
1  2
1  3
1  1
1  2
1  3
1  1
1  3
1  3
1  1
1  2
1  2
