1 1 509 6
1 2 509 7
1 3 509 7
1 4 509 8
1 5 509 6
1 6 509 7
1 7 509 3
1 8 509 3
1 9 211 2
1 10 211 2
1 11 211 2
1 12 211 2
1 13 211 2
1 14 211 2
1 15 211 2
1 16 211 2
1 17 211 2
1 18 211 2
1 19 211 2
1 20 211 2
1 21 211 2
1 22 211 2
1 23 211 2
1 24 211 2
1 25 211 8
1 26 211 9
1 27 211 4
1 28 211 8
1 29 211 6
1 30 211 5
1 31 211 2
1 32 211 6
1 33 211 9
1 34 211 8
1 35 211 5
1 36 211 15
1 37 211 4
1 38 211 2
1 39 211 9
1 40 211 7
1 41 211 5
1 42 211 6
1 43 211 9
1 44 211 6
1 45 211 3
1 46 211 11
1 47 211 8
1 48 331 4
1 49 331 3
1 50 331 8
1 51 331 5
1 52 331 2
1 53 331 4
1 54 331 3
1 55 331 10
1 56 331 4
1 57 331 7
1 58 331 3
1 59 331 5
1 60 331 9
1 61 331 6
1 62 331 3
1 63 331 2
1 64 331 4
1 65 331 3
1 66 331 7
1 67 331 7
1 68 331 3
1 69 331 4
1 70 331 2
1 71 331 4
1 72 331 10
1 73 331 7
1 74 331 5
1 75 331 8
1 76 331 6
1 77 331 2
1 78 331 4
1 79 331 10
1 80 331 3
1 81 331 5
1 82 331 6
1 83 331 8
1 84 331 4
1 85 331 2
1 86 331 7
1 87 331 9
1 88 331 7
1 89 331 3
1 90 331 5
1 91 331 2
1 92 331 7
1 93 331 2
1 94 331 3
1 95 331 5
1 96 331 10
1 97 331 9
1 98 331 4
1 99 331 6
1 100 331 4
1 101 331 5
1 102 331 2
1 103 331 6
1 104 331 7
1 105 331 4
1 106 331 6
1 107 331 5
1 108 331 2
1 109 331 7
1 110 331 4
1 111 331 6
1 112 331 4
1 113 331 10
1 114 331 3
1 115 331 9
1 116 331 4
1 117 331 2
1 118 331 6
1 119 331 7
1 120 331 5
1 121 331 4
1 122 457 2
1 123 457 4
1 124 457 5
1 125 457 8
1 126 457 4
1 127 457 3
1 128 457 3
1 129 457 4
1 130 457 10
1 131 457 5
1 132 457 11
1 133 457 2
1 134 457 3
1 135 457 8
1 136 457 2
1 137 457 6
1 138 457 3
1 139 457 8
1 140 457 3
1 141 457 4
1 142 457 6
1 143 457 7
1 144 457 5
1 145 457 3
1 146 457 4
1 147 457 7
1 148 457 6
1 149 457 10
1 150 457 9
1 151 457 4
1 152 457 2
1 153 457 3
1 154 457 4
1 155 457 9
1 156 457 10
1 157 457 5
1 158 457 7
1 159 457 9
1 160 457 6
1 161 457 3
1 162 457 2
1 163 457 10
1 164 457 4
1 165 457 4
1 166 457 8
1 167 457 5
1 168 457 7
1 169 457 6
1 170 457 3
1 171 457 8
1 172 457 4
1 173 457 7
1 174 457 5
1 175 457 9
1 176 211 4
1 177 211 2
1 178 211 8
1 179 211 3
1 180 211 7
1 181 211 2
1 182 211 5
1 183 211 3
1 184 211 4
1 185 211 2
1 186 211 3
1 187 211 4
1 188 211 2
1 189 211 5
1 190 211 2
1 191 211 2
1 192 211 2
1 193 211 3
1 194 211 4
1 195 211 2
1 196 211 3
1 197 211 2
1 198 211 2
1 199 211 2
1 200 211 2
1 201 211 2
1 202 211 7
1 203 211 2
1 204 211 3
1 205 211 4
1 206 211 5
1 207 211 8
1 208 211 7
1 209 211 3
1 210 211 2
1 211 211 4
1 212 211 2
1 213 211 4
1 214 211 3
1 215 211 6
1 216 211 5
1 217 211 8
1 218 211 7
1 219 211 6
1 220 211 9
1 221 211 2
1 222 211 8
1 223 211 4
1 224 211 5
1 225 211 3
1 226 211 7
1 227 211 3
1 228 211 2
1 229 211 2
1 230 211 4
1 231 211 5
1 232 211 3
1 233 211 5
1 234 211 2
1 235 211 6
1 236 211 3
1 237 211 8
1 238 211 4
1 239 211 9
1 240 211 4
1 241 211 9
1 242 211 6
1 243 211 2
1 244 211 4
1 245 211 3
1 246 211 8
1 247 211 7
1 248 211 2
1 249 211 5
1 250 211 4
1 251 211 7
1 252 211 2
1 253 211 8
1 254 211 5
1 255 211 9
1 256 211 2
1 257 211 4
1 258 211 7
1 259 211 8
1 260 211 5
1 261 211 2
1 262 211 4
1 263 211 7
1 264 211 5
1 265 211 8
1 266 211 2
1 267 211 7
1 268 211 3
1 269 211 4
1 270 211 2
1 271 211 10
1 272 211 2
1 273 211 3
1 274 211 4
1 275 211 7
1 276 211 2
1 277 211 6
1 278 211 2
1 279 211 5
1 280 211 3
1 281 211 8
1 282 211 7
1 283 211 3
1 284 211 4
1 285 211 2
1 286 211 6
1 287 211 9
1 288 211 5
1 289 211 8
1 290 211 2
1 291 211 5
1 292 211 3
1 293 211 4
1 294 211 7
1 295 211 6
1 296 211 8
1 297 290 5
1 298 290 3
1 299 290 9
1 300 290 8
1 301 290 10
1 302 290 11
1 303 290 4
1 304 290 6
1 305 290 3
1 306 290 7
1 307 290 3
1 308 290 2
1 309 290 4
1 310 290 8
1 311 290 6
1 312 290 7
1 313 290 5
1 314 290 8
1 315 290 11
1 316 290 2
1 317 290 3
1 318 290 8
1 319 290 7
1 320 290 5
1 321 290 6
1 322 290 2
1 323 290 2
1 324 290 3
1 325 290 8
1 326 290 2
1 327 290 3
1 328 290 6
1 329 290 5
1 330 290 3
1 331 290 9
1 332 290 8
1 333 290 2
1 334 290 2
1 335 290 2
1 336 290 7
1 337 290 5
1 338 290 2
1 339 290 3
1 340 290 2
1 341 290 2
1 342 290 2
1 343 290 2
1 344 290 4
1 345 290 3
1 346 290 2
1 347 290 3
1 348 290 2
1 349 290 8
1 350 290 7
1 351 290 4
1 352 290 2
1 353 290 5
1 354 290 6
1 355 290 2
1 356 290 7
1 357 290 3
1 358 290 2
1 359 290 3
1 360 290 6
1 361 290 5
1 362 290 4
1 363 290 2
1 364 290 2
1 365 290 3
1 366 290 2
1 367 290 7
1 368 290 4
1 369 290 9
1 370 290 2
1 371 290 3
1 372 290 6
1 373 290 5
1 374 290 6
1 375 290 5
1 376 290 2
1 377 290 3
1 378 290 13
1 379 290 2
1 380 290 4
1 381 290 2
1 382 290 3
1 383 290 13
1 384 290 12
1 385 290 6
1 386 290 11
1 387 290 7
1 388 290 5
1 389 290 2
1 390 290 3
1 391 290 11
1 392 290 9
1 393 290 10
1 394 290 6
1 395 290 7
1 396 290 4
1 397 290 3
1 398 290 2
1 399 290 5
1 400 290 6
1 401 290 2
1 402 290 2
1 403 290 3
1 404 290 3
1 405 290 2
1 406 290 4
1 407 290 2
1 408 290 3
1 409 290 5
1 410 290 6
1 411 290 7
1 412 290 2
1 413 290 8
1 414 290 4
1 415 290 3
1 416 290 3
1 417 290 7
1 418 290 6
1 419 290 5
1 420 290 8
1 421 290 2
1 422 290 3
1 423 290 2
1 424 290 2
1 425 290 4
1 426 290 3
1 427 290 3
1 428 290 4
1 429 290 7
1 430 290 6
1 431 290 4
1 432 290 8
1 433 290 3
1 434 290 2
1 435 290 2
1 436 290 3
1 437 290 4
1 438 290 11
1 439 290 4
1 440 290 2
1 441 290 10
1 442 290 8
1 443 290 4
1 444 290 5
1 445 290 5
1 446 290 4
1 447 290 4
1 448 290 6
1 449 290 2
1 450 290 3
1 451 290 5
1 452 290 5
1 453 290 3
1 454 290 4
1 455 290 8
1 456 290 6
1 457 290 3
1 458 290 5
1 459 290 2
1 460 290 4
1 461 290 5
1 462 290 6
1 463 290 2
1 464 290 3
1 465 290 7
1 466 290 4
1 467 290 7
1 468 290 6
1 469 290 2
1 470 290 5
1 471 290 4
1 472 290 10
1 473 290 3
1 474 290 8
1 475 290 6
1 476 290 4
1 477 290 2
1 478 290 3
1 479 290 5
1 480 290 4
1 481 290 2
1 482 290 4
1 483 290 3
1 484 290 2
1 485 290 2
1 486 290 4
1 487 290 6
1 488 290 3
1 489 290 2
1 490 290 4
1 491 290 4
1 492 290 3
1 493 290 2
1 494 290 5
1 495 290 4
1 496 290 6
1 497 290 6
1 498 290 2
1 499 290 4
1 500 290 5
1 501 290 7
1 502 290 8
1 503 290 4
1 504 290 12
1 505 290 5
1 506 290 7
1 507 290 8
1 508 290 11
1 509 290 13
1 510 290 9
1 511 290 6
1 512 290 10
1 513 290 3
1 514 290 3
1 515 290 11
1 516 290 7
1 517 290 6
1 518 290 8
1 519 290 4
1 520 290 6
1 521 290 11
1 522 290 2
1 523 290 7
1 524 290 3
1 525 290 9
1 526 290 10
1 527 290 5
1 528 414 2
1 529 414 9
1 530 414 2
1 531 414 6
1 532 414 2
1 533 414 5
1 534 414 6
1 535 414 3
1 536 414 7
1 537 414 4
1 538 414 2
1 539 414 7
1 540 414 4
1 541 414 3
1 542 414 6
1 543 414 5
1 544 414 2
1 545 414 6
1 546 414 4
1 547 414 7
1 548 414 3
1 549 414 5
1 550 414 2
1 551 414 3
1 552 414 5
1 553 414 4
1 554 414 3
1 555 414 2
1 556 414 7
1 557 414 4
1 558 414 5
1 559 414 7
1 560 414 6
1 561 414 8
1 562 414 10
1 563 414 4
1 564 414 2
1 565 414 2
1 566 414 2
1 567 414 11
1 568 414 5
1 569 414 9
1 570 414 5
1 571 414 4
1 572 414 7
1 573 414 2
1 574 414 8
1 575 414 7
1 576 414 4
1 577 414 5
1 578 414 3
1 579 414 5
1 580 414 4
1 581 414 7
1 582 414 6
1 583 414 5
1 584 414 4
1 585 414 3
1 586 414 4
1 587 414 9
1 588 414 5
1 589 414 2
1 590 414 3
1 591 414 3
1 592 414 2
1 593 414 5
1 594 414 5
1 595 414 5
1 596 414 3
1 597 414 2
1 598 414 6
1 599 414 7
1 600 414 3
1 601 414 5
1 602 414 2
1 603 414 7
1 604 414 4
1 605 414 6
1 606 414 5
1 607 414 6
1 608 414 2
1 609 414 3
1 610 414 4
1 611 414 3
1 612 414 2
1 613 414 6
1 614 414 7
1 615 414 5
1 616 414 9
1 617 414 3
1 618 414 4
1 619 414 3
1 620 414 7
1 621 414 2
1 622 414 5
1 623 414 5
1 624 414 6
1 625 414 2
1 626 414 7
1 627 414 3
1 628 414 4
1 629 321 11
1 630 321 9
1 631 321 5
1 632 321 4
1 633 321 6
1 634 321 10
1 635 321 7
1 636 321 2
1 637 321 2
1 638 321 5
1 639 321 2
1 640 321 4
1 641 321 3
1 642 321 6
1 643 321 2
1 644 321 2
1 645 321 4
1 646 321 3
1 647 321 5
1 648 321 4
1 649 321 3
1 650 321 9
1 651 321 5
1 652 321 4
1 653 321 5
1 654 321 4
1 655 321 5
1 656 321 4
1 657 321 5
1 658 321 6
1 659 321 5
1 660 321 2
1 661 321 4
1 662 321 5
1 663 321 6
1 664 321 2
1 665 321 3
1 666 321 6
1 667 321 4
1 668 321 3
1 669 321 5
1 670 321 5
1 671 321 4
1 672 321 2
1 673 321 10
1 674 321 4
1 675 321 8
1 676 321 3
1 677 321 2
1 678 321 4
1 679 321 4
1 680 321 2
1 681 321 6
1 682 321 4
1 683 321 3
1 684 321 2
1 685 321 12
1 686 321 9
1 687 321 2
1 688 321 6
1 689 321 5
1 690 321 4
1 691 321 3
1 692 321 5
1 693 321 3
1 694 321 2
1 695 321 8
1 696 321 4
1 697 321 2
1 698 321 7
1 699 321 5
1 700 321 2
1 701 321 2
1 702 321 5
1 703 321 4
1 704 321 5
1 705 321 3
1 706 321 4
1 707 321 2
1 708 321 7
1 709 321 4
1 710 321 5
1 711 321 2
1 712 321 4
1 713 321 2
1 714 321 3
1 715 321 7
1 716 321 3
1 717 321 6
1 718 321 4
1 719 321 2
1 720 321 2
1 721 321 4
1 722 321 3
1 723 321 5
1 724 321 7
1 725 321 9
1 726 321 6
1 727 321 2
1 728 321 2
1 729 321 2
1 730 321 2
1 731 321 4
1 732 321 6
1 733 321 2
1 734 321 9
1 735 321 3
1 736 321 2
1 737 321 4
1 738 321 4
1 739 321 5
1 740 321 2
1 741 321 3
1 742 321 3
1 743 321 4
1 744 321 4
1 745 321 2
1 746 321 6
1 747 321 5
1 748 321 3
1 749 321 3
1 750 321 4
1 751 321 2
1 752 321 5
1 753 321 5
1 754 321 7
1 755 321 4
1 756 321 3
1 757 321 7
1 758 321 3
1 759 321 6
1 760 321 11
1 761 321 4
1 762 321 2
1 763 321 7
1 764 321 2
1 765 321 6
1 766 321 3
1 767 321 9
1 768 321 2
1 769 321 9
1 770 321 7
1 771 321 6
1 772 321 12
1 773 321 10
1 774 321 3
1 775 321 4
1 776 321 8
1 777 321 11
1 778 321 2
1 779 321 3
1 780 321 2
1 781 321 6
1 782 321 4
1 783 321 5
1 784 321 10
1 785 443 9
1 786 443 11
1 787 443 3
1 788 443 4
1 789 443 5
1 790 443 6
1 791 443 10
1 792 443 7
1 793 443 8
1 794 443 4
1 795 443 12
1 796 443 8
1 797 443 11
1 798 443 5
1 799 443 6
1 800 443 2
1 801 443 10
1 802 443 3
1 803 443 9
1 804 443 7
1 805 443 4
1 806 443 2
1 807 443 4
1 808 443 3
1 809 443 2
1 810 443 4
1 811 443 3
1 812 443 5
1 813 443 11
1 814 443 10
1 815 443 3
1 816 443 3
1 817 443 3
1 818 443 2
1 819 443 4
1 820 443 3
1 821 443 2
1 822 443 4
1 823 443 2
1 824 443 5
1 825 443 7
1 826 443 4
1 827 443 4
1 828 443 6
1 829 443 8
1 830 443 2
1 831 443 5
1 832 443 3
1 833 443 2
1 834 443 11
1 835 443 10
1 836 443 2
1 837 443 3
1 838 443 5
1 839 443 7
1 840 443 8
1 841 443 6
1 842 443 4
1 843 443 6
1 844 443 2
1 845 443 4
1 846 443 3
1 847 443 2
1 848 443 4
1 849 443 3
1 850 443 2
1 851 443 3
1 852 443 2
1 853 443 5
1 854 443 6
1 855 443 2
1 856 443 3
1 857 443 4
1 858 443 5
1 859 443 3
1 860 443 4
1 861 443 2
1 862 443 4
1 863 443 10
1 864 443 4
1 865 443 6
1 866 443 3
1 867 443 8
1 868 443 5
1 869 443 11
1 870 443 2
1 871 443 2
1 872 443 8
1 873 443 5
1 874 443 3
1 875 443 2
1 876 443 10
1 877 443 6
1 878 443 8
1 879 443 5
1 880 443 13
1 881 443 11
1 882 443 12
1 883 443 3
1 884 443 4
1 885 443 7
1 886 443 9
1 887 443 5
1 888 443 4
1 889 443 3
1 890 443 5
1 891 443 6
1 892 443 4
1 893 443 2
1 894 443 2
1 895 443 5
1 896 443 3
1 897 443 2
1 898 443 6
1 899 443 3
1 900 443 7
1 901 443 2
1 902 443 4
1 903 443 5
1 904 443 4
1 905 443 4
1 906 443 2
1 907 443 3
1 908 443 5
1 909 443 2
1 910 443 6
1 911 443 2
1 912 443 8
1 913 443 4
1 914 443 2
1 915 443 5
1 916 443 11
1 917 443 8
1 918 443 3
1 919 443 6
1 920 443 9
1 921 443 4
1 922 443 5
1 923 443 3
1 924 443 8
1 925 443 2
1 926 443 3
1 927 443 4
1 928 443 5
1 929 443 7
1 930 443 3
1 931 443 2
1 932 443 4
1 933 443 6
1 934 443 8
1 935 443 4
1 936 443 3
1 937 443 5
1 938 443 8
1 939 443 7
1 940 443 4
1 941 443 5
1 942 443 3
1 943 443 6
1 944 443 3
1 945 443 4
1 946 443 5
1 947 443 2
1 948 443 2
1 949 435 5
1 950 435 9
1 951 435 2
1 952 435 3
1 953 435 8
1 954 435 3
1 955 435 5
1 956 435 2
1 957 435 7
1 958 435 4
1 959 435 10
1 960 435 3
1 961 435 4
1 962 435 4
1 963 435 2
1 964 435 5
1 965 435 3
1 966 435 9
1 967 435 4
1 968 435 3
1 969 435 8
1 970 435 2
1 971 435 2
1 972 435 5
1 973 435 3
1 974 435 2
1 975 435 4
1 976 435 2
1 977 435 7
1 978 435 3
1 979 435 4
1 980 435 2
1 981 435 5
1 982 435 3
1 983 435 6
1 984 435 4
1 985 435 5
1 986 435 3
1 987 357 2
1 988 357 6
1 989 357 4
1 990 357 7
1 991 357 2
1 992 357 8
1 993 357 4
1 994 357 9
1 995 357 7
1 996 357 4
1 997 357 5
1 998 357 8
1 999 357 6
1 1000 357 2
1 1001 357 8
1 1002 357 5
1 1003 357 6
1 1004 357 2
1 1005 357 3
1 1006 357 4
1 1007 357 7
1 1008 357 9
1 1009 357 5
1 1010 357 7
1 1011 357 4
1 1012 357 3
1 1013 357 2
1 1014 357 2
1 1015 357 6
1 1016 357 2
1 1017 357 4
1 1018 357 2
1 1019 357 3
1 1020 357 2
1 1021 357 4
1 1022 357 3
1 1023 357 4
1 1024 357 9
1 1025 357 4
1 1026 357 7
1 1027 357 3
1 1028 357 2
1 1029 357 6
1 1030 357 4
1 1031 357 5
1 1032 357 9
1 1033 357 6
1 1034 357 7
1 1035 357 8
1 1036 357 2
1 1037 357 10
1 1038 357 3
1 1039 357 4
1 1040 357 5
1 1041 357 2
1 1042 357 3
1 1043 357 3
1 1044 357 2
1 1045 357 11
1 1046 357 7
1 1047 357 5
1 1048 357 9
1 1049 357 3
1 1050 357 6
1 1051 357 13
1 1052 357 8
1 1053 357 10
1 1054 357 2
1 1055 357 4
1 1056 357 12
1 1057 357 7
1 1058 357 8
1 1059 357 12
1 1060 357 4
1 1061 357 3
1 1062 357 2
1 1063 357 6
1 1064 357 5
1 1065 357 2
1 1066 357 6
1 1067 357 9
1 1068 357 2
1 1069 357 4
1 1070 357 7
1 1071 357 2
1 1072 357 11
1 1073 357 10
1 1074 357 5
1 1075 357 2
1 1076 357 4
1 1077 357 7
1 1078 357 9
1 1079 357 6
1 1080 357 8
1 1081 357 3
1 1082 357 3
1 1083 357 2
1 1084 357 7
1 1085 357 6
1 1086 357 2
1 1087 357 4
1 1088 357 3
1 1089 357 7
1 1090 357 3
1 1091 357 2
1 1092 357 6
1 1093 357 9
1 1094 357 8
1 1095 357 2
1 1096 357 3
1 1097 357 2
1 1098 357 9
1 1099 357 5
1 1100 357 6
1 1101 357 2
1 1102 357 7
1 1103 357 4
1 1104 357 8
1 1105 357 2
1 1106 357 5
1 1107 357 10
1 1108 357 11
1 1109 357 12
1 1110 357 7
1 1111 357 9
1 1112 357 6
1 1113 357 4
1 1114 357 3
1 1115 357 8
1 1116 357 4
1 1117 357 6
1 1118 357 6
1 1119 357 7
1 1120 357 3
1 1121 357 2
1 1122 357 2
1 1123 357 3
1 1124 357 7
1 1125 357 5
1 1126 357 4
1 1127 357 6
1 1128 357 4
1 1129 357 8
1 1130 357 5
1 1131 357 7
1 1132 357 9
1 1133 357 6
1 1134 357 3
1 1135 357 2
1 1136 357 2
1 1137 357 3
1 1138 357 9
1 1139 357 3
1 1140 357 7
1 1141 357 4
1 1142 357 5
1 1143 357 3
1 1144 357 8
1 1145 357 9
1 1146 357 7
1 1147 357 4
1 1148 357 6
1 1149 357 5
1 1150 357 2
1 1151 357 2
1 1152 357 5
1 1153 357 4
1 1154 357 2
1 1155 357 5
1 1156 357 3
1 1157 357 2
1 1158 357 5
1 1159 357 5
1 1160 357 9
1 1161 357 3
1 1162 357 8
1 1163 357 4
1 1164 357 7
1 1165 357 6
1 1166 357 2
1 1167 357 6
1 1168 357 3
1 1169 357 5
1 1170 357 4
1 1171 357 2
1 1172 357 9
1 1173 357 8
1 1174 357 3
1 1175 357 4
1 1176 357 5
1 1177 357 2
1 1178 357 2
1 1179 357 2
1 1180 357 4
1 1181 357 5
1 1182 357 4
1 1183 357 6
1 1184 357 2
1 1185 357 5
1 1186 357 2
1 1187 357 5
1 1188 357 8
1 1189 357 3
1 1190 357 10
1 1191 357 7
1 1192 357 3
1 1193 357 6
1 1194 357 9
1 1195 357 2
1 1196 357 11
1 1197 357 5
1 1198 357 5
1 1199 357 4
1 1200 357 6
1 1201 357 4
1 1202 575 2
1 1203 575 5
1 1204 575 3
1 1205 575 12
1 1206 575 8
1 1207 575 10
1 1208 575 3
1 1209 575 9
1 1210 575 7
1 1211 575 2
1 1212 575 7
1 1213 575 6
1 1214 575 6
1 1215 575 8
1 1216 575 11
1 1217 575 4
1 1218 575 3
1 1219 575 4
1 1220 575 5
1 1221 575 3
1 1222 575 6
1 1223 575 3
1 1224 575 8
1 1225 575 4
1 1226 575 3
1 1227 575 4
1 1228 575 3
1 1229 575 2
1 1230 575 4
1 1231 575 3
1 1232 575 4
1 1233 575 2
1 1234 575 5
1 1235 575 2
1 1236 575 5
1 1237 575 3
1 1238 575 2
1 1239 575 4
1 1240 575 7
1 1241 575 5
1 1242 575 7
1 1243 575 5
1 1244 575 8
1 1245 575 6
1 1246 575 10
1 1247 575 2
1 1248 575 4
1 1249 575 3
1 1250 575 9
1 1251 575 2
1 1252 575 7
1 1253 575 10
1 1254 575 8
1 1255 575 2
1 1256 575 3
1 1257 575 10
1 1258 575 3
1 1259 575 2
1 1260 575 6
1 1261 575 5
1 1262 575 9
1 1263 575 8
1 1264 575 7
1 1265 575 6
1 1266 575 3
1 1267 575 2
1 1268 575 2
1 1269 575 3
1 1270 575 6
1 1271 575 7
1 1272 575 8
1 1273 575 10
1 1274 575 12
1 1275 575 11
1 1276 575 8
1 1277 575 5
1 1278 575 2
1 1279 575 6
1 1280 575 7
1 1281 575 9
1 1282 575 4
1 1283 575 3
1 1284 575 7
1 1285 575 10
1 1286 575 8
1 1287 575 5
1 1288 575 2
1 1289 575 3
1 1290 575 11
1 1291 575 9
1 1292 575 6
1 1293 575 9
1 1294 575 3
1 1295 575 11
1 1296 575 2
1 1297 575 2
1 1298 575 2
1 1299 575 4
1 1300 575 6
1 1301 575 7
1 1302 575 8
1 1303 575 3
1 1304 575 2
1 1305 575 4
1 1306 575 2
1 1307 575 6
1 1308 575 2
1 1309 575 5
1 1310 575 2
1 1311 575 6
1 1312 575 3
1 1313 575 5
1 1314 575 9
1 1315 575 4
1 1316 575 2
1 1317 542 2
1 1318 542 7
1 1319 542 6
1 1320 542 4
1 1321 542 8
1 1322 542 2
1 1323 542 4
1 1324 542 7
1 1325 542 3
1 1326 542 2
1 1327 542 7
1 1328 542 4
1 1329 542 7
1 1330 542 10
1 1331 542 3
1 1332 542 2
1 1333 542 2
1 1334 542 5
1 1335 542 10
1 1336 542 7
1 1337 542 11
1 1338 542 5
1 1339 542 4
1 1340 542 6
1 1341 542 5
1 1342 542 4
1 1343 542 2
1 1344 542 3
1 1345 542 5
1 1346 542 2
1 1347 542 6
1 1348 542 4
1 1349 542 4
1 1350 542 2
1 1351 542 8
1 1352 542 3
1 1353 542 5
1 1354 542 5
1 1355 542 5
1 1356 542 3
1 1357 542 4
1 1358 542 7
1 1359 542 2
1 1360 542 8
1 1361 542 6
1 1362 542 6
1 1363 542 2
1 1364 542 3
1 1365 542 7
1 1366 542 5
1 1367 542 3
1 1368 542 6
1 1369 542 4
1 1370 542 5
1 1371 542 6
1 1372 542 2
1 1373 542 3
1 1374 542 10
1 1375 542 8
1 1376 542 7
1 1377 591 5
1 1378 591 5
1 1379 591 5
1 1380 591 3
1 1381 591 2
1 1382 591 3
1 1383 591 2
1 1384 591 12
1 1385 591 11
1 1386 591 8
1 1387 591 5
1 1388 591 6
1 1389 591 4
1 1390 591 6
1 1391 591 8
1 1392 591 2
1 1393 591 5
1 1394 591 4
1 1395 591 3
1 1396 591 7
1 1397 591 6
1 1398 591 5
1 1399 591 4
1 1400 542 5
1 1401 542 7
1 1402 542 5
1 1403 591 2
1 1404 575 6
1 1405 575 4
1 1406 325 2
1 1407 325 5
1 1408 325 6
1 1409 325 3
1 1410 325 3
1 1411 325 2
1 1412 325 4
1 1413 325 2
1 1414 325 2
1 1415 325 4
1 1416 325 2
1 1417 325 5
1 1418 325 2
1 1419 325 6
1 1420 325 2
1 1421 325 2
1 1422 325 5
1 1423 325 3
1 1424 325 4
1 1425 325 2
1 1426 325 3
1 1427 325 4
1 1428 325 2
1 1429 325 2
1 1430 325 2
1 1431 325 3
1 1432 325 4
1 1433 325 5
1 1434 325 2
1 1435 325 4
1 1436 325 5
1 1437 325 3
1 1438 325 2
1 1439 325 2
1 1440 325 10
1 1441 325 9
1 1442 325 4
1 1443 325 3
1 1444 325 4
1 1445 325 15
1 1446 325 5
1 1447 325 11
1 1448 325 7
1 1449 325 2
1 1450 325 8
1 1451 325 13
1 1452 325 6
1 1453 325 12
1 1454 325 10
1 1455 325 9
1 1456 325 4
1 1457 325 2
1 1458 325 2
1 1459 325 2
1 1460 325 4
1 1461 325 2
1 1462 325 5
1 1463 325 2
1 1464 325 2
1 1465 325 2
1 1466 325 2
1 1467 325 2
1 1468 325 5
1 1469 325 6
1 1470 325 4
1 1471 325 3
1 1472 325 2
1 1473 325 2
1 1474 325 6
1 1475 325 3
1 1476 325 7
1 1477 325 4
1 1478 325 3
1 1479 325 2
1 1480 325 2
1 1481 325 2
1 1482 325 2
1 1483 325 2
1 1484 325 10
1 1485 325 3
1 1486 325 5
1 1487 325 2
1 1488 325 2
1 1489 325 8
1 1490 325 2
1 1491 325 5
1 1492 325 3
1 1493 325 2
1 1494 325 2
1 1495 325 4
1 1496 325 2
1 1497 325 2
1 1498 325 2
1 1499 325 3
1 1500 325 2
1 1501 325 4
1 1502 325 3
1 1503 325 5
1 1504 325 10
1 1505 325 9
1 1506 325 8
1 1507 325 4
1 1508 325 2
1 1509 325 6
1 1510 325 3
1 1511 325 4
1 1512 325 2
1 1513 325 2
1 1514 325 2
1 1515 325 2
1 1516 325 2
1 1517 325 3
1 1518 325 9
1 1519 325 3
1 1520 325 10
1 1521 325 2
1 1522 325 4
1 1523 325 3
1 1524 325 6
1 1525 325 8
1 1526 325 10
1 1527 325 2
1 1528 325 9
1 1529 325 5
1 1530 325 3
1 1531 325 5
1 1532 325 2
1 1533 575 5
1 1534 575 3
1 1535 325 2
1 1536 461 8
1 1537 461 3
1 1538 461 7
1 1539 461 9
1 1540 461 4
1 1541 461 3
1 1542 461 2
1 1543 461 4
1 1544 461 2
1 1545 461 3
1 1546 461 2
1 1547 461 3
1 1548 461 4
1 1549 461 5
1 1550 461 2
1 1551 461 7
1 1552 461 4
1 1553 461 8
1 1554 461 2
1 1555 461 6
1 1556 461 3
1 1557 461 9
1 1558 461 11
1 1559 461 8
1 1560 461 7
1 1561 461 3
1 1562 461 2
1 1563 461 4
1 1564 461 3
1 1565 461 2
1 1566 461 2
1 1567 461 3
1 1568 461 6
1 1569 461 4
1 1570 461 5
1 1571 461 8
1 1572 461 5
1 1573 461 3
1 1574 461 7
1 1575 461 10
1 1576 461 9
1 1577 461 2
1 1578 461 4
1 1579 461 6
1 1580 461 3
1 1581 461 2
1 1582 461 3
1 1583 461 4
1 1584 461 7
1 1585 461 9
1 1586 461 2
1 1587 461 8
1 1588 461 2
1 1589 461 7
1 1590 461 6
1 1591 461 4
1 1592 461 2
1 1593 461 9
1 1594 461 10
1 1595 461 8
1 1596 461 7
1 1597 461 3
1 1598 461 5
1 1599 461 10
1 1600 461 7
1 1601 461 4
1 1602 461 9
1 1603 461 2
1 1604 461 3
1 1605 461 6
1 1606 461 8
1 1607 461 3
1 1608 461 6
1 1609 461 9
1 1610 461 3
1 1611 461 4
1 1612 461 7
1 1613 461 2
1 1614 461 10
1 1615 461 8
1 1616 461 5
1 1617 461 6
1 1618 461 8
1 1619 461 4
1 1620 461 3
1 1621 461 5
1 1622 461 2
1 1623 461 3
1 1624 461 3
1 1625 461 4
1 1626 461 2
1 1627 461 9
1 1628 461 8
1 1629 461 3
1 1630 461 2
1 1631 461 7
1 1632 461 6
1 1633 461 4
1 1634 461 5
1 1635 461 10
1 1636 461 7
1 1637 461 9
1 1638 461 3
1 1639 461 5
1 1640 461 5
1 1641 461 4
1 1642 461 2
1 1643 461 3
1 1644 461 6
1 1645 461 5
1 1646 461 4
1 1647 461 6
1 1648 461 2
1 1649 461 7
1 1650 461 3
1 1651 461 6
1 1652 461 4
1 1653 461 12
1 1654 461 13
1 1655 461 7
1 1656 461 2
1 1657 461 9
1 1658 461 3
1 1659 461 8
1 1660 461 10
1 1661 461 5
1 1662 461 11
1 1663 461 3
1 1664 461 2
1 1665 461 4
1 1666 461 3
1 1667 461 4
1 1668 461 5
1 1669 461 2
1 1670 461 5
1 1671 461 2
1 1672 461 6
1 1673 461 8
1 1674 461 4
1 1675 461 3
1 1676 461 7
1 1677 461 7
1 1678 461 2
1 1679 461 7
1 1680 461 2
1 1681 461 3
1 1682 461 2
1 1683 461 7
1 1684 461 4
1 1685 461 9
1 1686 461 2
1 1687 461 3
1 1688 461 4
1 1689 461 2
1 1690 325 2
1 1691 461 2
1 1692 461 4
1 1693 461 3
1 1694 651 8
1 1695 651 4
1 1696 651 2
1 1697 651 5
1 1698 651 9
1 1699 651 3
1 1700 651 7
1 1701 651 6
1 1702 651 4
1 1703 651 7
1 1704 651 7
1 1705 651 5
1 1706 651 10
1 1707 651 9
1 1708 651 8
1 1709 651 3
1 1710 651 6
1 1711 651 2
1 1712 651 3
1 1713 651 3
1 1714 651 11
1 1715 651 14
1 1716 651 6
1 1717 651 7
1 1718 651 5
1 1719 651 2
1 1720 651 12
1 1721 651 13
1 1722 651 4
1 1723 651 9
1 1724 651 8
1 1725 461 4
1 1726 461 2
1 1727 461 3
1 1728 461 4
1 1729 335 2
1 1730 335 3
1 1731 335 2
1 1732 335 4
1 1733 335 3
1 1734 335 6
1 1735 335 2
1 1736 335 2
1 1737 335 7
1 1738 335 6
1 1739 335 5
1 1740 335 8
1 1741 335 2
1 1742 335 2
1 1743 335 5
1 1744 335 2
1 1745 335 2
1 1746 335 2
1 1747 335 4
1 1748 335 6
1 1749 335 3
1 1750 335 2
1 1751 335 5
1 1752 335 7
1 1753 335 4
1 1754 335 4
1 1755 335 5
1 1756 335 3
1 1757 335 6
1 1758 335 2
1 1759 335 2
1 1760 335 3
1 1761 335 6
1 1762 335 5
1 1763 335 4
1 1764 335 5
1 1765 335 2
1 1766 335 9
1 1767 335 6
1 1768 335 2
1 1769 335 2
1 1770 335 3
1 1771 335 4
1 1772 335 2
1 1773 335 5
1 1774 335 6
1 1775 335 2
1 1776 335 3
1 1777 335 5
1 1778 335 7
1 1779 335 2
1 1780 335 2
1 1781 335 8
1 1782 335 9
1 1783 335 6
1 1784 335 7
1 1785 335 5
1 1786 335 3
1 1787 335 4
1 1788 335 2
1 1789 335 2
1 1790 335 7
1 1791 335 5
1 1792 335 2
1 1793 335 2
1 1794 335 7
1 1795 335 6
1 1796 335 2
1 1797 335 6
1 1798 335 2
1 1799 335 5
1 1800 335 8
1 1801 335 4
1 1802 335 6
1 1803 335 2
1 1804 335 5
1 1805 335 6
1 1806 335 8
1 1807 335 9
1 1808 335 5
1 1809 335 2
1 1810 335 2
1 1811 335 2
1 1812 335 5
1 1813 335 7
1 1814 335 7
1 1815 335 2
1 1816 335 7
1 1817 335 9
1 1818 335 2
1 1819 335 5
1 1820 335 8
1 1821 335 4
1 1822 335 7
1 1823 335 3
1 1824 335 2
1 1825 335 9
1 1826 335 6
1 1827 335 5
1 1828 335 3
1 1829 335 2
1 1830 335 6
1 1831 335 4
1 1832 335 2
1 1833 335 7
1 1834 335 8
1 1835 335 4
1 1836 335 6
1 1837 335 5
1 1838 335 2
1 1839 335 5
1 1840 335 6
1 1841 335 2
1 1842 335 4
1 1843 335 5
1 1844 335 7
1 1845 335 3
1 1846 335 2
1 1847 335 8
1 1848 335 6
1 1849 335 5
1 1850 335 6
1 1851 335 2
1 1852 335 4
1 1853 335 2
1 1854 335 2
1 1855 335 2
1 1856 335 2
1 1857 335 3
1 1858 335 2
1 1859 335 7
1 1860 335 4
1 1861 335 5
1 1862 335 2
1 1863 335 2
1 1864 335 4
1 1865 335 5
1 1866 335 2
1 1867 335 3
1 1868 335 8
1 1869 335 7
1 1870 335 5
1 1871 335 2
1 1872 335 2
1 1873 335 3
1 1874 335 8
1 1875 335 5
1 1876 335 6
1 1877 461 6
1 1878 461 3
1 1879 461 2
1 1880 461 8
1 1881 461 7
1 1882 651 9
1 1883 651 2
1 1884 651 3
1 1885 651 4
1 1886 651 5
1 1887 651 6
1 1888 651 2
1 1889 335 2
1 1890 335 2
1 1891 494 8
1 1892 494 4
1 1893 494 2
1 1894 494 6
1 1895 494 7
1 1896 494 4
1 1897 494 3
1 1898 494 5
1 1899 494 3
1 1900 494 8
1 1901 494 4
1 1902 494 7
1 1903 494 6
1 1904 494 3
1 1905 494 5
1 1906 494 6
1 1907 494 5
1 1908 494 2
1 1909 494 8
1 1910 494 12
1 1911 494 4
1 1912 494 6
1 1913 494 4
1 1914 494 6
1 1915 494 5
1 1916 494 3
1 1917 494 3
1 1918 494 4
1 1919 494 6
1 1920 494 6
1 1921 494 4
1 1922 494 2
1 1923 494 9
1 1924 494 5
1 1925 494 10
1 1926 494 3
1 1927 494 7
1 1928 494 8
1 1929 494 2
1 1930 494 7
1 1931 494 4
1 1932 494 5
1 1933 494 6
1 1934 494 7
1 1935 494 4
1 1936 494 8
1 1937 494 3
1 1938 494 2
1 1939 494 2
1 1940 494 4
1 1941 494 6
1 1942 494 2
1 1943 494 4
1 1944 494 2
1 1945 494 4
1 1946 494 3
1 1947 494 4
1 1948 494 4
1 1949 494 3
1 1950 494 7
1 1951 494 5
1 1952 494 6
1 1953 494 2
1 1954 494 4
1 1955 494 3
1 1956 494 8
1 1957 494 5
1 1958 494 4
1 1959 494 6
1 1960 494 3
1 1961 494 3
1 1962 494 6
1 1963 494 2
1 1964 494 6
1 1965 494 6
1 1966 494 5
1 1967 494 12
1 1968 494 8
1 1969 494 5
1 1970 494 4
1 1971 494 3
1 1972 494 7
1 1973 494 13
1 1974 494 2
1 1975 494 7
1 1976 494 14
1 1977 494 11
1 1978 494 9
1 1979 494 10
1 1980 494 8
1 1981 494 4
1 1982 494 6
1 1983 494 5
1 1984 494 3
1 1985 494 12
1 1986 494 2
1 1987 494 3
1 1988 494 8
1 1989 494 8
1 1990 494 11
1 1991 494 4
1 1992 494 9
1 1993 494 5
1 1994 494 7
1 1995 494 6
1 1996 494 7
1 1997 494 5
1 1998 494 13
1 1999 494 8
1 2000 494 6
1 2001 494 2
1 2002 494 12
1 2003 494 15
1 2004 494 12
1 2005 494 2
1 2006 494 14
1 2007 494 9
1 2008 494 13
1 2009 494 5
1 2010 494 3
1 2011 494 8
1 2012 494 7
1 2013 494 4
1 2014 494 11
1 2015 494 11
1 2016 494 10
1 2017 494 6
1 2018 494 7
1 2019 494 4
1 2020 494 5
1 2021 494 8
1 2022 494 7
1 2023 494 4
1 2024 494 5
1 2025 494 2
1 2026 494 5
1 2027 494 3
1 2028 494 7
1 2029 494 8
1 2030 494 6
1 2031 494 4
1 2032 494 3
1 2033 494 4
1 2034 494 5
1 2035 494 3
1 2036 494 3
1 2037 494 12
1 2038 494 6
1 2039 494 9
1 2040 494 10
1 2041 494 8
1 2042 494 7
1 2043 494 4
1 2044 494 5
1 2045 494 3
1 2046 494 2
1 2047 494 11
1 2048 494 7
1 2049 494 2
1 2050 494 8
1 2051 494 6
1 2052 494 5
1 2053 494 4
1 2054 494 3
1 2055 494 2
1 2056 494 9
1 2057 494 7
1 2058 494 4
1 2059 494 10
1 2060 494 4
1 2061 494 8
1 2062 494 9
1 2063 494 5
1 2064 494 7
1 2065 494 2
1 2066 494 3
1 2067 494 6
1 2068 494 10
1 2069 494 4
1 2070 494 6
1 2071 494 5
1 2072 494 7
1 2073 494 8
1 2074 494 7
1 2075 494 5
1 2076 494 2
1 2077 494 4
1 2078 494 3
1 2079 494 8
1 2080 494 6
1 2081 494 4
1 2082 494 5
1 2083 494 7
1 2084 494 6
1 2085 494 2
1 2086 494 3
1 2087 494 2
1 2088 494 5
1 2089 494 6
1 2090 494 4
1 2091 494 7
1 2092 494 4
1 2093 494 3
1 2094 494 5
1 2095 494 7
1 2096 494 9
1 2097 494 11
1 2098 494 4
1 2099 494 4
1 2100 494 2
1 2101 494 3
1 2102 494 5
1 2103 494 4
1 2104 494 2
1 2105 494 6
1 2106 494 4
1 2107 494 3
1 2108 494 2
1 2109 494 6
1 2110 494 7
1 2111 494 5
1 2112 494 6
1 2113 494 4
1 2114 494 4
1 2115 494 8
1 2116 494 10
1 2117 494 5
1 2118 494 2
1 2119 494 11
1 2120 494 7
1 2121 494 2
1 2122 494 3
1 2123 494 6
1 2124 494 5
1 2125 494 4
1 2126 494 5
1 2127 494 3
1 2128 494 2
1 2129 494 6
1 2130 494 3
1 2131 494 4
1 2132 494 7
1 2133 494 4
1 2134 494 5
1 2135 494 6
1 2136 494 6
1 2137 494 4
1 2138 494 4
1 2139 494 5
1 2140 494 6
1 2141 494 7
1 2142 494 2
1 2143 494 4
1 2144 494 6
1 2145 494 5
1 2146 494 7
1 2147 494 6
1 2148 494 4
1 2149 494 7
1 2150 494 5
1 2151 494 9
1 2152 494 2
1 2153 494 7
1 2154 494 8
1 2155 494 2
1 2156 671 2
1 2157 671 4
1 2158 671 6
1 2159 671 5
1 2160 671 3
1 2161 671 2
1 2162 671 5
1 2163 671 4
1 2164 671 6
1 2165 671 7
1 2166 671 8
1 2167 671 3
1 2168 671 3
1 2169 671 5
1 2170 671 4
1 2171 671 7
1 2172 671 2
1 2173 671 6
1 2174 671 3
1 2175 671 3
1 2176 671 6
1 2177 671 6
1 2178 405 2
1 2179 405 3
1 2180 405 2
1 2181 405 2
1 2182 405 6
1 2183 405 5
1 2184 405 2
1 2185 405 5
1 2186 405 2
1 2187 405 2
1 2188 405 4
1 2189 405 5
1 2190 405 2
1 2191 405 6
1 2192 405 4
1 2193 405 3
1 2194 405 5
1 2195 405 3
1 2196 405 2
1 2197 405 6
1 2198 405 3
1 2199 405 4
1 2200 405 5
1 2201 405 2
1 2202 405 3
1 2203 405 4
1 2204 405 2
1 2205 405 8
1 2206 405 3
1 2207 405 5
1 2208 405 4
1 2209 405 2
1 2210 405 2
1 2211 405 3
1 2212 405 7
1 2213 405 4
1 2214 405 2
1 2215 405 3
1 2216 405 6
1 2217 405 3
1 2218 405 4
1 2219 405 2
1 2220 405 5
1 2221 405 5
1 2222 405 2
1 2223 405 7
1 2224 405 6
1 2225 405 2
1 2226 405 6
1 2227 405 5
1 2228 405 4
1 2229 405 3
1 2230 405 7
1 2231 405 6
1 2232 405 5
1 2233 405 2
1 2234 405 3
1 2235 405 2
1 2236 405 10
1 2237 405 4
1 2238 405 2
1 2239 405 9
1 2240 405 5
1 2241 405 11
1 2242 405 6
1 2243 405 2
1 2244 405 5
1 2245 405 4
1 2246 405 2
1 2247 405 5
1 2248 405 7
1 2249 405 2
1 2250 405 4
1 2251 405 3
1 2252 405 2
1 2253 405 5
1 2254 405 4
1 2255 405 6
1 2256 405 2
1 2257 405 3
1 2258 405 6
1 2259 405 2
1 2260 405 4
1 2261 405 5
1 2262 405 3
1 2263 405 7
1 2264 405 8
1 2265 405 2
1 2266 671 4
1 2267 671 5
1 2268 671 6
1 2269 671 3
1 2270 467 4
1 2271 467 4
1 2272 467 7
1 2273 467 2
1 2274 467 5
1 2275 467 3
1 2276 467 2
1 2277 467 3
1 2278 467 4
1 2279 467 3
1 2280 467 2
1 2281 467 3
1 2282 467 3
1 2283 467 2
1 2284 467 5
1 2285 467 2
1 2286 467 3
1 2287 467 10
1 2288 467 9
1 2289 467 4
1 2290 467 8
1 2291 467 7
1 2292 467 11
1 2293 467 6
1 2294 467 2
1 2295 467 4
1 2296 467 2
1 2297 467 3
1 2298 467 8
1 2299 467 2
1 2300 467 9
1 2301 467 3
1 2302 467 7
1 2303 467 8
1 2304 467 2
1 2305 467 4
1 2306 467 6
1 2307 467 4
1 2308 467 6
1 2309 467 5
1 2310 467 7
1 2311 467 2
1 2312 467 8
1 2313 467 6
1 2314 467 4
1 2315 467 3
1 2316 467 2
1 2317 467 2
1 2318 467 4
1 2319 467 4
1 2320 467 3
1 2321 467 6
1 2322 467 2
1 2323 467 5
1 2324 467 3
1 2325 467 2
1 2326 467 4
1 2327 467 3
1 2328 467 5
1 2329 467 4
1 2330 467 2
1 2331 467 3
1 2332 467 5
1 2333 467 2
1 2334 467 3
1 2335 467 2
1 2336 467 5
1 2337 467 3
1 2338 467 3
1 2339 467 4
1 2340 467 2
1 2341 467 5
1 2342 467 4
1 2343 467 7
1 2344 467 5
1 2345 467 2
1 2346 467 6
1 2347 467 8
1 2348 467 3
1 2349 467 2
1 2350 467 5
1 2351 467 3
1 2352 467 4
1 2353 405 2
1 2354 467 2
1 2355 467 3
1 2356 447 3
1 2357 447 6
1 2358 447 2
1 2359 447 4
1 2360 447 2
1 2361 447 2
1 2362 447 4
1 2363 447 6
1 2364 447 7
1 2365 447 3
1 2366 447 7
1 2367 447 5
1 2368 447 2
1 2369 447 3
1 2370 447 4
1 2371 447 2
1 2372 447 4
1 2373 447 2
1 2374 447 4
1 2375 447 2
1 2376 447 4
1 2377 447 3
1 2378 447 3
1 2379 447 6
1 2380 447 5
1 2381 447 2
1 2382 447 4
1 2383 447 2
1 2384 447 5
1 2385 447 4
1 2386 447 3
1 2387 447 6
1 2388 447 4
1 2389 447 3
1 2390 447 7
1 2391 447 2
1 2392 447 4
1 2393 447 3
1 2394 447 2
1 2395 447 5
1 2396 447 2
1 2397 447 3
1 2398 447 6
1 2399 447 4
1 2400 447 7
1 2401 447 5
1 2402 447 8
1 2403 447 3
1 2404 447 2
1 2405 447 4
1 2406 447 7
1 2407 447 6
1 2408 447 2
1 2409 447 3
1 2410 447 4
1 2411 447 5
1 2412 447 6
1 2413 447 3
1 2414 447 4
1 2415 447 4
1 2416 447 2
1 2417 447 3
1 2418 447 6
1 2419 447 5
1 2420 447 8
1 2421 447 2
1 2422 447 3
1 2423 447 4
1 2424 447 12
1 2425 447 3
1 2426 447 11
1 2427 447 2
1 2428 447 8
1 2429 447 5
1 2430 447 9
1 2431 447 10
1 2432 447 6
1 2433 447 4
1 2434 447 3
1 2435 447 2
1 2436 447 7
1 2437 447 3
1 2438 447 8
1 2439 447 8
1 2440 447 3
1 2441 447 4
1 2442 447 12
1 2443 447 3
1 2444 447 2
1 2445 447 3
1 2446 447 2
1 2447 447 4
1 2448 447 8
1 2449 447 5
1 2450 447 3
1 2451 447 5
1 2452 447 7
1 2453 447 4
1 2454 447 2
1 2455 447 3
1 2456 447 7
1 2457 447 10
1 2458 447 6
1 2459 447 8
1 2460 447 9
1 2461 447 4
1 2462 447 2
1 2463 447 3
1 2464 447 5
1 2465 447 6
1 2466 447 3
1 2467 447 2
1 2468 447 8
1 2469 447 5
1 2470 447 7
1 2471 447 4
1 2472 447 8
1 2473 447 4
1 2474 447 7
1 2475 447 3
1 2476 447 11
1 2477 447 7
1 2478 447 8
1 2479 447 2
1 2480 447 5
1 2481 447 7
1 2482 447 2
1 2483 447 3
1 2484 447 10
1 2485 447 3
1 2486 447 7
1 2487 447 6
1 2488 447 4
1 2489 447 4
1 2490 447 4
1 2491 447 3
1 2492 447 2
1 2493 447 2
1 2494 447 2
1 2495 447 2
1 2496 447 4
1 2497 447 3
1 2498 447 4
1 2499 447 4
1 2500 447 3
1 2501 447 2
1 2502 447 3
1 2503 447 4
1 2504 447 2
1 2505 447 7
1 2506 447 3
1 2507 447 6
1 2508 447 5
1 2509 447 2
1 2510 447 4
1 2511 447 6
1 2512 447 7
1 2513 447 3
1 2514 447 4
1 2515 447 2
1 2516 447 3
1 2517 447 6
1 2518 447 4
1 2519 447 2
1 2520 447 5
1 2521 447 2
1 2522 447 5
1 2523 447 4
1 2524 447 6
1 2525 447 8
1 2526 447 3
1 2527 447 5
1 2528 447 3
1 2529 447 2
1 2530 447 7
1 2531 447 2
1 2532 447 7
1 2533 447 3
1 2534 447 3
1 2535 447 2
1 2536 447 4
1 2537 447 8
1 2538 447 7
1 2539 447 4
1 2540 447 6
1 2541 447 3
1 2542 447 4
1 2543 447 6
1 2544 447 7
1 2545 447 9
1 2546 467 2
1 2547 567 6
1 2548 567 7
1 2549 567 8
1 2550 567 5
1 2551 567 2
1 2552 567 9
1 2553 567 6
1 2554 567 3
1 2555 567 3
1 2556 567 2
1 2557 567 6
1 2558 567 5
1 2559 567 3
1 2560 567 6
1 2561 567 4
1 2562 567 3
1 2563 567 5
1 2564 567 2
1 2565 567 6
1 2566 567 2
1 2567 567 2
1 2568 567 7
1 2569 567 6
1 2570 567 6
1 2571 567 4
1 2572 567 5
1 2573 567 3
1 2574 567 5
1 2575 567 2
1 2576 567 2
1 2577 567 8
1 2578 567 3
1 2579 567 5
1 2580 567 6
1 2581 567 7
1 2582 567 3
1 2583 567 3
1 2584 567 2
1 2585 567 4
1 2586 567 6
1 2587 567 5
1 2588 567 2
1 2589 567 3
1 2590 567 6
1 2591 567 3
1 2592 567 5
1 2593 567 3
1 2594 567 2
1 2595 567 3
1 2596 567 2
1 2597 567 8
1 2598 567 2
1 2599 567 3
1 2600 567 2
1 2601 567 5
1 2602 567 6
1 2603 567 2
1 2604 567 2
1 2605 567 3
1 2606 567 2
1 2607 567 2
1 2608 567 3
1 2609 567 4
1 2610 567 5
1 2611 567 2
1 2612 567 3
1 2613 567 5
1 2614 567 2
1 2615 567 3
1 2616 567 8
1 2617 567 4
1 2618 567 2
1 2619 567 6
1 2620 567 3
1 2621 567 2
1 2622 567 3
1 2623 567 2
1 2624 567 4
1 2625 567 3
1 2626 567 7
1 2627 567 6
1 2628 567 6
1 2629 567 5
1 2630 567 8
1 2631 567 9
1 2632 567 2
1 2633 567 7
1 2634 567 4
1 2635 567 3
1 2636 567 5
1 2637 567 6
1 2638 567 2
1 2639 567 2
1 2640 567 3
1 2641 567 2
1 2642 567 4
1 2643 567 6
1 2644 567 3
1 2645 567 9
1 2646 567 7
1 2647 567 3
1 2648 567 6
1 2649 567 5
1 2650 567 2
1 2651 567 8
1 2652 567 9
1 2653 567 3
1 2654 567 4
1 2655 567 7
1 2656 567 8
1 2657 567 5
1 2658 567 2
1 2659 567 3
1 2660 567 6
1 2661 567 4
1 2662 567 6
1 2663 567 10
1 2664 567 5
1 2665 567 2
1 2666 567 8
1 2667 567 6
1 2668 567 7
1 2669 567 2
1 2670 567 10
1 2671 567 5
1 2672 567 4
1 2673 567 3
1 2674 567 5
1 2675 567 7
1 2676 567 2
1 2677 567 6
1 2678 567 4
1 2679 567 6
1 2680 567 11
1 2681 567 2
1 2682 567 6
1 2683 567 3
1 2684 567 8
1 2685 567 4
1 2686 567 7
1 2687 567 4
1 2688 567 2
1 2689 567 3
1 2690 567 9
1 2691 567 5
1 2692 567 9
1 2693 567 3
1 2694 567 8
1 2695 567 2
1 2696 567 4
1 2697 567 6
1 2698 567 11
1 2699 567 11
1 2700 567 3
1 2701 567 7
1 2702 567 6
1 2703 567 9
1 2704 567 2
1 2705 567 8
1 2706 567 5
1 2707 567 10
1 2708 567 4
1 2709 567 2
1 2710 567 3
1 2711 567 3
1 2712 567 2
1 2713 567 6
1 2714 567 2
1 2715 567 3
1 2716 567 4
1 2717 567 2
1 2718 567 2
1 2719 567 3
1 2720 567 6
1 2721 567 9
1 2722 567 8
1 2723 567 6
1 2724 567 4
1 2725 567 7
1 2726 567 5
1 2727 567 4
1 2728 567 6
1 2729 567 5
1 2730 567 2
1 2731 567 10
1 2732 567 2
1 2733 567 8
1 2734 567 5
1 2735 567 6
1 2736 567 7
1 2737 567 4
1 2738 567 2
1 2739 567 3
1 2740 567 3
1 2741 567 2
1 2742 567 4
1 2743 567 3
1 2744 567 6
1 2745 567 2
1 2746 567 5
1 2747 567 2
1 2748 567 3
1 2749 567 6
1 2750 567 2
1 2751 567 4
1 2752 567 5
1 2753 567 9
1 2754 567 7
1 2755 567 5
1 2756 567 9
1 2757 567 2
1 2758 567 8
1 2759 567 9
1 2760 567 9
1 2761 567 6
1 2762 567 2
1 2763 567 2
1 2764 567 3
1 2765 567 6
1 2766 567 4
1 2767 617 5
1 2768 617 5
1 2769 617 6
1 2770 617 6
1 2771 617 5
1 2772 617 5
1 2773 617 6
1 2774 617 2
1 2775 617 5
1 2776 617 3
1 2777 617 2
1 2778 617 2
1 2779 617 8
1 2780 617 6
1 2781 617 9
1 2782 617 8
1 2783 617 4
1 2784 617 5
1 2785 617 4
1 2786 617 2
1 2787 617 3
1 2788 617 2
1 2789 617 2
1 2790 617 3
1 2791 617 8
1 2792 617 9
1 2793 617 5
1 2794 617 7
1 2795 617 5
1 2796 617 3
1 2797 617 5
1 2798 617 8
1 2799 617 2
1 2800 617 5
1 2801 617 6
1 2802 617 9
1 2803 617 2
1 2804 617 3
1 2805 617 4
1 2806 617 2
1 2807 617 4
1 2808 617 3
1 2809 617 5
1 2810 617 7
1 2811 617 6
1 2812 617 10
1 2813 617 2
1 2814 617 5
1 2815 617 12
1 2816 617 3
1 2817 617 5
1 2818 617 6
1 2819 617 5
1 2820 617 2
1 2821 617 7
1 2822 617 4
1 2823 617 3
1 2824 617 2
1 2825 617 4
1 2826 617 7
1 2827 617 3
1 2828 617 4
1 2829 617 9
1 2830 617 2
1 2831 617 6
1 2832 617 2
1 2833 617 5
1 2834 617 4
1 2835 617 7
1 2836 617 2
1 2837 617 3
1 2838 617 4
1 2839 617 2
1 2840 617 2
1 2841 617 3
1 2842 617 5
1 2843 617 6
1 2844 617 4
1 2845 617 10
1 2846 617 8
1 2847 617 3
1 2848 617 9
1 2849 617 2
1 2850 617 3
1 2851 617 6
1 2852 617 2
1 2853 617 2
1 2854 617 2
1 2855 617 9
1 2856 617 10
1 2857 617 5
1 2858 617 4
1 2859 617 2
1 2860 617 6
1 2861 617 3
1 2862 617 5
1 2863 617 2
1 2864 617 2
1 2865 617 2
1 2866 617 7
1 2867 617 7
1 2868 617 2
1 2869 617 8
1 2870 617 5
1 2871 617 4
1 2872 617 6
1 2873 617 3
1 2874 617 5
1 2875 617 7
1 2876 617 4
1 2877 617 3
1 2878 617 2
1 2879 617 10
1 2880 617 6
1 2881 617 6
1 2882 617 2
1 2883 617 5
1 2884 617 8
1 2885 617 5
1 2886 617 6
1 2887 617 4
1 2888 617 3
1 2889 617 2
1 2890 617 4
1 2891 617 2
1 2892 617 2
1 2893 617 4
1 2894 617 3
1 2895 617 2
1 2896 617 6
1 2897 617 7
1 2898 617 6
1 2899 617 4
1 2900 617 2
1 2901 617 3
1 2902 617 7
1 2903 617 2
1 2904 672 8
1 2905 672 6
1 2906 672 10
1 2907 672 9
1 2908 672 5
1 2909 672 2
1 2910 672 11
1 2911 672 4
1 2912 672 7
1 2913 672 3
1 2914 672 2
1 2915 672 4
1 2916 672 7
1 2917 672 9
1 2918 672 8
1 2919 672 4
1 2920 672 3
1 2921 672 5
1 2922 672 2
1 2923 672 3
1 2924 672 7
1 2925 672 6
1 2926 672 3
1 2927 672 2
1 2928 672 4
1 2929 672 6
1 2930 672 4
1 2931 672 5
1 2932 672 2
1 2933 672 4
1 2934 672 3
1 2935 672 7
1 2936 672 3
1 2937 672 9
1 2938 672 8
1 2939 672 6
1 2940 672 4
1 2941 672 2
1 2942 672 4
1 2943 672 4
1 2944 672 3
1 2945 672 5
1 2946 672 8
1 2947 672 4
1 2948 672 7
1 2949 672 2
1 2950 672 6
1 2951 672 3
1 2952 672 9
1 2953 672 11
1 2954 672 9
1 2955 672 4
1 2956 672 8
1 2957 672 2
1 2958 672 3
1 2959 672 5
1 2960 672 4
1 2961 672 7
1 2962 672 6
1 2963 672 5
1 2964 672 3
1 2965 672 4
1 2966 672 4
1 2967 672 2
1 2968 672 4
1 2969 672 4
1 2970 672 6
1 2971 672 7
1 2972 672 3
1 2973 672 2
1 2974 672 8
1 2975 672 5
1 2976 672 2
1 2977 672 3
1 2978 672 4
1 2979 672 5
1 2980 672 6
1 2981 672 5
1 2982 672 7
1 2983 672 4
1 2984 672 2
1 2985 672 3
1 2986 672 9
1 2987 672 4
1 2988 672 8
1 2989 672 6
1 2990 672 7
1 2991 672 8
1 2992 672 10
1 2993 672 2
1 2994 672 5
1 2995 672 4
1 2996 672 3
1 2997 672 7
1 2998 672 4
1 2999 672 6
1 3000 672 4
1 3001 617 8
1 3002 617 5
1 3003 617 5
1 3004 617 8
1 3005 567 2
1 3006 649 6
1 3007 649 4
1 3008 649 2
1 3009 649 5
1 3010 649 3
1 3011 649 4
1 3012 649 5
1 3013 649 10
1 3014 649 7
1 3015 649 3
1 3016 649 2
1 3017 649 5
1 3018 649 5
1 3019 649 4
1 3020 649 3
1 3021 649 4
1 3022 649 5
1 3023 649 8
1 3024 649 3
1 3025 649 4
1 3026 649 2
1 3027 649 7
1 3028 649 4
1 3029 649 2
1 3030 649 5
1 3031 649 6
1 3032 649 2
1 3033 649 4
1 3034 672 2
1 3035 672 4
1 3036 649 7
1 3037 649 2
1 3038 649 4
1 3039 649 3
1 3040 649 5
1 3041 649 3
1 3042 649 3
1 3043 649 4
1 3044 649 2
1 3045 649 8
1 3046 649 5
1 3047 362 2
1 3048 362 4
1 3049 362 4
1 3050 362 9
1 3051 362 3
1 3052 362 5
1 3053 362 9
1 3054 362 2
1 3055 362 4
1 3056 362 2
1 3057 362 3
1 3058 362 2
1 3059 362 4
1 3060 362 4
1 3061 362 6
1 3062 362 2
1 3063 362 5
1 3064 362 9
1 3065 362 3
1 3066 362 5
1 3067 362 4
1 3068 362 6
1 3069 362 8
1 3070 362 5
1 3071 362 2
1 3072 362 4
1 3073 362 9
1 3074 362 2
1 3075 362 6
1 3076 362 5
1 3077 362 3
1 3078 362 7
1 3079 362 8
1 3080 362 4
1 3081 362 5
1 3082 362 4
1 3083 362 7
1 3084 362 3
1 3085 362 4
1 3086 362 3
1 3087 362 5
1 3088 362 3
1 3089 362 2
1 3090 362 4
1 3091 362 4
1 3092 362 7
1 3093 362 2
1 3094 362 5
1 3095 362 7
1 3096 362 6
1 3097 362 2
1 3098 362 5
1 3099 362 4
1 3100 362 6
1 3101 362 3
1 3102 362 4
1 3103 362 8
1 3104 362 3
1 3105 362 2
1 3106 362 6
1 3107 362 9
1 3108 362 5
1 3109 362 7
1 3110 362 4
1 3111 362 4
1 3112 362 7
1 3113 362 3
1 3114 362 6
1 3115 362 4
1 3116 362 5
1 3117 362 2
1 3118 362 7
1 3119 362 9
1 3120 362 4
1 3121 362 2
1 3122 362 3
1 3123 362 5
1 3124 362 2
1 3125 362 3
1 3126 362 6
1 3127 362 2
1 3128 362 5
1 3129 362 3
1 3130 362 4
1 3131 362 7
1 3132 362 4
1 3133 362 2
1 3134 362 9
1 3135 362 8
1 3136 362 3
1 3137 362 5
1 3138 362 6
1 3139 362 3
1 3140 362 2
1 3141 362 2
1 3142 362 4
1 3143 362 4
1 3144 362 3
1 3145 362 2
1 3146 362 2
1 3147 362 5
1 3148 362 2
1 3149 362 9
1 3150 362 2
1 3151 362 6
1 3152 362 3
1 3153 362 4
1 3154 362 2
1 3155 362 3
1 3156 362 2
1 3157 362 2
1 3158 362 6
1 3159 362 2
1 3160 362 3
1 3161 362 6
1 3162 362 2
1 3163 362 5
1 3164 362 3
1 3165 362 5
1 3166 362 4
1 3167 362 5
1 3168 362 7
1 3169 362 2
1 3170 362 4
1 3171 362 2
1 3172 362 3
1 3173 362 9
1 3174 362 4
1 3175 362 8
1 3176 362 2
1 3177 362 6
1 3178 362 7
1 3179 362 3
1 3180 362 5
1 3181 362 3
1 3182 362 4
1 3183 362 2
1 3184 362 5
1 3185 362 3
1 3186 362 4
1 3187 362 2
1 3188 649 4
1 3189 649 3
1 3190 649 5
1 3191 567 7
1 3192 545 6
1 3193 545 3
1 3194 545 5
1 3195 545 4
1 3196 545 4
1 3197 545 6
1 3198 545 7
1 3199 545 4
1 3200 545 5
1 3201 545 8
1 3202 545 6
1 3203 545 2
1 3204 545 3
1 3205 545 3
1 3206 545 5
1 3207 545 2
1 3208 545 3
1 3209 545 4
1 3210 545 8
1 3211 545 5
1 3212 545 3
1 3213 545 2
1 3214 545 4
1 3215 545 8
1 3216 545 6
1 3217 545 4
1 3218 545 7
1 3219 545 5
1 3220 545 2
1 3221 545 6
1 3222 545 3
1 3223 545 6
1 3224 545 3
1 3225 545 4
1 3226 545 2
1 3227 545 4
1 3228 545 8
1 3229 545 5
1 3230 545 2
1 3231 545 6
1 3232 545 3
1 3233 545 3
1 3234 545 4
1 3235 545 6
1 3236 545 2
1 3237 545 6
1 3238 545 8
1 3239 545 4
1 3240 545 3
1 3241 545 3
1 3242 545 6
1 3243 545 2
1 3244 545 6
1 3245 545 3
1 3246 545 4
1 3247 545 2
1 3248 545 4
1 3249 545 6
1 3250 545 3
1 3251 545 3
1 3252 545 6
1 3253 545 4
1 3254 545 5
1 3255 545 6
1 3256 545 3
1 3257 545 8
1 3258 545 3
1 3259 545 2
1 3260 545 6
1 3261 545 2
1 3262 545 6
1 3263 545 2
1 3264 545 5
1 3265 545 3
1 3266 545 3
1 3267 545 4
1 3268 545 2
1 3269 545 7
1 3270 545 2
1 3271 545 3
1 3272 545 5
1 3273 545 4
1 3274 545 3
1 3275 545 5
1 3276 545 6
1 3277 545 8
1 3278 545 8
1 3279 362 2
1 3280 362 2
1 3281 545 3
1 3282 545 6
1 3283 545 6
1 3284 545 4
1 3285 545 5
1 3286 545 3
1 3287 545 6
1 3288 482 3
1 3289 482 4
1 3290 482 7
1 3291 482 3
1 3292 482 2
1 3293 482 3
1 3294 482 2
1 3295 482 7
1 3296 482 5
1 3297 482 3
1 3298 482 6
1 3299 482 2
1 3300 482 7
1 3301 482 3
1 3302 482 2
1 3303 482 7
1 3304 482 2
1 3305 482 5
1 3306 482 3
1 3307 482 7
1 3308 482 2
1 3309 482 4
1 3310 482 5
1 3311 482 3
1 3312 482 2
1 3313 482 3
1 3314 482 2
1 3315 482 4
1 3316 482 2
1 3317 482 5
1 3318 482 2
1 3319 482 7
1 3320 482 5
1 3321 482 6
1 3322 482 4
1 3323 482 2
1 3324 482 5
1 3325 482 2
1 3326 482 6
1 3327 482 4
1 3328 482 3
1 3329 482 7
1 3330 482 5
1 3331 482 3
1 3332 482 2
1 3333 482 7
1 3334 482 4
1 3335 482 6
1 3336 482 5
1 3337 482 4
1 3338 482 3
1 3339 482 2
1 3340 482 3
1 3341 482 4
1 3342 482 3
1 3343 482 3
1 3344 482 2
1 3345 482 2
1 3346 482 4
1 3347 482 5
1 3348 482 4
1 3349 482 2
1 3350 482 3
1 3351 482 7
1 3352 482 3
1 3353 482 2
1 3354 482 3
1 3355 482 2
1 3356 482 4
1 3357 482 3
1 3358 482 5
1 3359 482 7
1 3360 482 3
1 3361 482 4
1 3362 482 5
1 3363 482 3
1 3364 482 2
1 3365 482 7
1 3366 482 3
1 3367 482 5
1 3368 482 4
1 3369 545 4
1 3370 545 6
1 3371 545 3
1 3372 545 8
1 3373 545 6
1 3374 545 6
1 3375 545 3
1 3376 513 6
1 3377 513 4
1 3378 513 2
1 3379 513 3
1 3380 513 4
1 3381 513 3
1 3382 513 6
1 3383 513 2
1 3384 513 2
1 3385 513 3
1 3386 513 6
1 3387 513 4
1 3388 513 2
1 3389 513 2
1 3390 513 6
1 3391 513 6
1 3392 513 6
1 3393 513 5
1 3394 513 3
1 3395 513 4
1 3396 513 2
1 3397 513 3
1 3398 513 2
1 3399 513 2
1 3400 513 3
1 3401 513 4
1 3402 513 2
1 3403 513 3
1 3404 513 6
1 3405 513 3
1 3406 513 4
1 3407 513 2
1 3408 513 6
1 3409 513 4
1 3410 513 2
1 3411 513 5
1 3412 513 2
1 3413 513 2
1 3414 513 3
1 3415 513 4
1 3416 513 3
1 3417 513 6
1 3418 513 2
1 3419 513 4
1 3420 513 3
1 3421 513 2
1 3422 513 4
1 3423 513 6
1 3424 513 5
1 3425 513 2
1 3426 513 4
1 3427 513 3
1 3428 513 6
1 3429 513 2
1 3430 513 6
1 3431 513 2
1 3432 513 4
1 3433 513 2
1 3434 513 5
1 3435 513 3
1 3436 513 2
1 3437 513 4
1 3438 513 5
1 3439 513 6
1 3440 513 3
1 3441 513 6
1 3442 513 3
1 3443 513 5
1 3444 513 2
1 3445 444 2
1 3446 444 5
1 3447 444 3
1 3448 444 2
1 3449 444 3
1 3450 444 2
1 3451 444 5
1 3452 444 4
1 3453 444 3
1 3454 444 2
1 3455 444 2
1 3456 444 4
1 3457 444 2
1 3458 444 2
1 3459 444 3
1 3460 444 5
1 3461 444 2
1 3462 444 4
1 3463 444 3
1 3464 444 3
1 3465 444 2
1 3466 444 3
1 3467 444 2
1 3468 444 5
1 3469 444 3
1 3470 444 5
1 3471 444 2
1 3472 444 4
1 3473 444 3
1 3474 444 4
1 3475 444 2
1 3476 444 3
1 3477 444 2
1 3478 444 5
1 3479 444 3
1 3480 444 2
1 3481 444 3
1 3482 444 2
1 3483 444 5
1 3484 444 3
1 3485 444 2
1 3486 444 3
1 3487 444 2
1 3488 444 4
1 3489 444 5
1 3490 444 5
1 3491 444 3
1 3492 444 5
1 3493 444 2
1 3494 444 3
1 3495 444 3
1 3496 444 4
1 3497 444 2
1 3498 444 5
1 3499 444 3
1 3500 513 3
1 3501 513 2
1 3502 513 6
1 3503 444 3
1 3504 444 3
1 3505 528 3
1 3506 528 4
1 3507 528 4
1 3508 528 4
1 3509 528 2
1 3510 444 4
1 3511 444 2
1 3512 444 5
1 3513 444 2
1 3514 444 4
1 3515 378 2
1 3516 378 3
1 3517 378 3
1 3518 378 3
1 3519 378 3
1 3520 378 3
1 3521 378 3
1 3522 378 2
1 3523 378 3
1 3524 378 2
1 3525 378 3
1 3526 378 3
1 3527 378 2
1 3528 378 3
1 3529 378 2
1 3530 378 3
1 3531 378 3
1 3532 378 3
1 3533 378 3
1 3534 378 2
1 3535 378 3
1 3536 378 3
1 3537 378 3
1 3538 378 3
1 3539 378 3
1 3540 378 3
1 3541 378 2
1 3542 378 3
1 3543 378 2
1 3544 378 3
1 3545 378 2
1 3546 378 3
1 3547 378 2
1 3548 378 3
1 3549 378 2
1 3550 378 3
1 3551 378 2
1 3552 378 3
1 3553 378 3
1 3554 378 3
1 3555 378 3
1 3556 378 3
1 3557 378 3
1 3558 528 3
1 3559 545 8
1 3560 545 7
1 3561 545 5
1 3562 528 4
1 3563 378 2
1 3564 508 2
1 3565 508 2
1 3566 508 2
1 3567 508 2
1 3568 508 2
1 3569 508 2
1 3570 508 2
1 3571 508 2
1 3572 508 2
1 3573 508 2
1 3574 508 2
1 3575 508 2
1 3576 508 2
1 3577 508 2
1 3578 508 2
1 3579 508 2
1 3580 508 2
1 3581 508 2
1 3582 508 2
1 3583 508 2
1 3584 508 2
1 3585 508 2
1 3586 508 2
1 3587 508 2
1 3588 508 2
1 3589 508 2
1 3590 378 2
1 3591 444 3
1 3592 508 2
1 3593 362 8
1 3594 482 6
