FID IID CapYear 
1 1655 1992 
1 1433 1991 
1 1623 1992 
1 1336 1991 
1 691 1988 
1 1923 1993 
1 1770 1992 
1 658 1988 
1 660 1988 
1 743 1988 
1 661 1988 
1 777 1988 
1 662 1988 
1 635 1988 
1 713 1988 
1 763 1988 
1 663 1988 
1 770 1988 
1 665 1988 
1 771 1988 
1 694 1988 
1 638 1988 
1 726 1988 
1 703 1988 
1 686 1988 
1 2449 1995 
1 1174 1990 
1 646 1988 
1 1699 1992 
1 1366 1991 
1 1664 1992 
1 1425 1991 
1 4426 2001 
1 2514 1995 
1 645 1988 
1 1100 1990 
1 2043 1993 
1 1787 1992 
1 1367 1991 
1 2435 1995 
1 2965 1997 
1 2437 1995 
1 1720 1992 
1 1031 1989 
1 1108 1990 
1 2504 1995 
1 1622 1992 
1 1385 1991 
1 1025 1989 
1 1365 1991 
1 1173 1990 
1 1482 1991 
1 2969 1997 
1 1099 1990 
1 1698 1992 
1 2697 1996 
1 2049 1993 
1 1218 1990 
1 1016 1989 
1 1502 1991 
1 1205 1990 
1 1193 1990 
1 1540 1991 
1 1039 1989 
1 1856 1993 
1 2387 1995 
1 1291 1991 
1 1718 1992 
1 2966 1997 
1 1270 1991 
1 1019 1989 
1 2967 1997 
1 1857 1993 
1 2378 1995 
1 1719 1992 
1 1048 1989 
1 1293 1991 
1 1111 1990 
1 2727 1996 
1 1786 1992 
1 1112 1990 
1 1023 1989 
1 2814 1996 
1 1756 1992 
1 1424 1991 
1 2968 1997 
1 2081 1993 
1 1127 1990 
1 1035 1989 
1 1423 1991 
1 1646 1992 
1 1022 1989 
1 1926 1993 
1 1875 1993 
1 1324 1991 
1 1757 1992 
1 1364 1991 
1 1041 1989 
1 1876 1993 
1 1487 1991 
1 1049 1989 
1 2892 1996 
1 1110 1990 
1 2970 1997 
1 1292 1991 
1 1988 1993 
1 1390 1991 
1 1703 1992 
1 1161 1990 
1 1644 1992 
1 1363 1991 
1 1696 1992 
1 2803 1996 
1 2053 1993 
1 1972 1993 
1 1676 1992 
1 3519 1998 
1 1472 1991 
1 3797 1999 
1 1126 1990 
1 1323 1991 
1 1191 1990 
1 2590 1996 
1 2460 1995 
1 1532 1991 
1 1383 1991 
1 1716 1992 
1 1998 1993 
1 2891 1996 
1 1659 1992 
1 1446 1991 
1 1774 1992 
1 3377 1998 
1 2412 1995 
1 2971 1997 
1 1645 1992 
1 1192 1990 
1 3378 1998 
1 2972 1997 
1 1422 1991 
1 1269 1991 
1 3379 1998 
1 1172 1990 
1 1848 1993 
1 2367 1995 
1 1697 1992 
1 2973 1997 
1 1717 1992 
1 2389 1995 
1 1858 1993 
1 2877 1996 
1 3173 1997 
1 2844 1996 
1 1384 1991 
1 1621 1992 
1 1941 1993 
1 2510 1995 
1 2974 1997 
1 1751 1992 
1 1419 1991 
1 1877 1993 
1 2879 1996 
1 1752 1992 
1 1878 1993 
1 1320 1991 
1 1501 1991 
1 1918 1993 
1 1333 1991 
1 1766 1992 
1 1443 1991 
1 1322 1991 
1 1420 1991 
1 1754 1992 
1 1879 1993 
1 1346 1991 
1 1780 1992 
1 1471 1991 
1 1547 1991 
1 1486 1991 
1 1334 1991 
1 1495 1991 
1 1643 1992 
1 1421 1991 
1 2594 1996 
1 2064 1993 
1 2975 1997 
1 1694 1992 
1 2787 1996 
1 2052 1993 
1 1361 1991 
1 1321 1991 
1 1880 1993 
1 2400 1995 
1 2976 1997 
1 1753 1992 
1 2871 1996 
1 3373 1998 
1 2363 1995 
1 1266 1991 
1 1695 1992 
1 2977 1997 
1 2726 1996 
1 1849 1993 
1 1715 1992 
1 1381 1991 
1 1514 1991 
1 1611 1992 
1 1940 1993 
1 1382 1991 
1 1995 1993 
1 1620 1992 
1 3174 1997 
1 2508 1995 
1 3518 1998 
1 1993 1993 
1 3374 1998 
1 2408 1995 
1 3151 1997 
1 1335 1991 
1 1812 1992 
1 2097 1993 
1 2691 1996 
1 1543 1991 
1 1340 1991 
1 2713 1996 
1 2979 1997 
1 2089 1993 
1 3375 1998 
1 2048 1993 
1 2890 1996 
1 2980 1997 
1 1265 1991 
1 1445 1991 
1 1960 1993 
1 2978 1997 
1 2805 1996 
1 1347 1991 
1 1755 1992 
1 3760 1999 
1 1362 1991 
1 2042 1993 
1 2785 1996 
1 1267 1991 
1 1658 1992 
1 2596 1996 
1 1444 1991 
1 1962 1993 
1 2480 1995 
1 1507 1991 
1 1663 1992 
1 3239 1997 
1 2732 1996 
1 2382 1995 
1 1859 1993 
1 1290 1991 
1 1714 1992 
1 3376 1998 
1 2981 1997 
1 1268 1991 
1 1704 1992 
1 2862 1996 
1 2369 1995 
1 3148 1997 
1 1835 1993 
1 2448 1995 
1 2045 1993 
1 4424 2001 
1 3756 1999 
1 2990 1997 
1 4034 2000 
1 3436 1998 
1 2626 1996 
1 2056 1993 
1 2011 1993 
1 3512 1998 
1 1796 1992 
1 2824 1996 
1 2512 1995 
1 3178 1997 
1 3552 1998 
1 4624 2001 
1 1976 1993 
1 1672 1992 
1 2489 1995 
1 3553 1998 
1 3175 1997 
1 1638 1992 
1 2556 1996 
1 1784 1992 
1 1989 1993 
1 1948 1993 
1 1639 1992 
1 2762 1996 
1 3516 1998 
1 2423 1995 
1 3755 1999 
1 3515 1998 
1 2087 1993 
1 1640 1992 
1 1674 1992 
1 1742 1992 
1 2982 1997 
1 2447 1995 
1 1818 1992 
1 2041 1993 
1 1819 1992 
1 1777 1992 
1 1744 1992 
1 1795 1992 
1 1881 1993 
1 1745 1992 
1 1778 1992 
1 3372 1998 
1 2983 1997 
1 1927 1993 
1 1675 1992 
1 1641 1992 
1 2491 1995 
1 3176 1997 
1 2763 1996 
1 1883 1993 
1 1747 1992 
1 1884 1993 
1 2391 1995 
1 2873 1996 
1 1748 1992 
1 1820 1992 
1 1885 1993 
1 1749 1992 
1 2764 1996 
1 3177 1997 
1 2428 1995 
1 1886 1993 
1 3758 1999 
1 1750 1992 
1 2822 1996 
1 1954 1993 
1 2517 1995 
1 1642 1992 
1 1651 1992 
1 7769 2003 
1 7623 2003 
1 2984 1997 
1 4564 2001 
1 2351 1995 
1 7194 2002 
1 2623 1996 
1 1693 1992 
1 1850 1993 
1 2859 1996 
1 4094 2000 
1 2985 1997 
1 3826 1999 
1 1806 1992 
1 2060 1993 
1 4565 2001 
1 2091 1993 
1 1814 1992 
1 2823 1996 
1 1817 1992 
1 2502 1995 
1 1838 1993 
1 1761 1992 
1 1839 1993 
1 1690 1992 
1 1740 1992 
1 1887 1993 
1 1689 1992 
1 1851 1993 
1 2364 1995 
1 3435 1998 
1 2872 1996 
1 2986 1997 
1 2624 1996 
1 1852 1993 
1 3368 1998 
1 1691 1992 
1 2987 1997 
1 2352 1995 
1 1928 1993 
1 1779 1992 
1 1919 1993 
1 1765 1992 
1 1938 1993 
1 2860 1996 
1 2988 1997 
1 1813 1992 
1 3370 1998 
1 2088 1993 
1 2000 1993 
1 1788 1992 
1 4139 2000 
1 4478 2001 
1 1800 1992 
1 3513 1998 
1 2483 1995 
1 2544 1995 
1 2848 1996 
1 1741 1992 
1 2017 1993 
1 2465 1995 
1 2466 1995 
1 3554 1998 
1 2010 1993 
1 1789 1992 
1 2603 1996 
1 1996 1993 
1 2509 1995 
1 2353 1995 
1 1692 1992 
1 1853 1993 
1 2625 1996 
1 2989 1997 
1 1764 1992 
1 4093 2000 
1 2025 1993 
1 2627 1996 
1 2406 1995 
1 2991 1997 
1 2540 1995 
1 1673 1992 
1 1974 1993 
1 2826 1996 
1 3514 1998 
1 1803 1992 
1 1860 1993 
1 1713 1992 
1 1743 1992 
1 1746 1992 
1 1882 1993 
1 2718 1996 
1 2002 1993 
1 2765 1996 
1 2499 1995 
1 1610 1992 
1 3179 1997 
1 1657 1992 
1 3517 1998 
1 2527 1995 
1 2766 1996 
1 3369 1998 
1 4423 2001 
1 4033 2000 
1 7597 2003 
1 7125 2002 
1 2628 1996 
1 2373 1995 
1 3757 1999 
1 2992 1997 
1 2050 1993 
1 2066 1993 
1 3152 1997 
1 2861 1996 
1 4425 2001 
1 3371 1998 
1 2490 1995 
1 2047 1993 
1 4035 2000 
1 3759 1999 
1 2993 1997 
1 2751 1996 
1 4623 2001 
1 1785 1992 
1 1891 1993 
1 4091 2000 
1 2031 1993 
1 3001 1997 
1 3364 1998 
1 2618 1996 
1 2349 1995 
1 1861 1993 
1 2994 1997 
1 2887 1996 
1 3434 1998 
1 2079 1993 
1 2392 1995 
1 2995 1997 
1 2350 1995 
1 1862 1993 
1 3365 1998 
1 2619 1996 
1 2996 1997 
1 2029 1993 
1 2574 1996 
1 2007 1993 
1 2464 1995 
1 2500 1995 
1 3551 1998 
1 4422 2001 
1 3180 1997 
1 1964 1993 
1 2530 1995 
1 2554 1996 
1 3511 1998 
1 3901 1999 
1 1888 1993 
1 1982 1993 
1 4092 2000 
1 7274 2002 
1 2555 1996 
1 2759 1996 
1 3433 1998 
1 2420 1995 
1 3900 1999 
1 2528 1995 
1 1980 1993 
1 3549 1998 
1 2576 1996 
1 2520 1995 
1 2830 1996 
1 2519 1995 
1 2760 1996 
1 3550 1998 
1 3181 1997 
1 2545 1995 
1 4138 2000 
1 2604 1996 
1 1889 1993 
1 2620 1996 
1 2095 1993 
1 2761 1996 
1 2082 1993 
1 2997 1997 
1 2621 1996 
1 3367 1998 
1 1890 1993 
1 2733 1996 
1 2393 1995 
1 3362 1998 
1 2998 1997 
1 2065 1993 
1 2999 1997 
1 2875 1996 
1 2371 1995 
1 3000 1997 
1 2061 1993 
1 3366 1998 
1 2622 1996 
1 4090 2000 
1 3510 1998 
1 2030 1993 
1 2599 1996 
1 2549 1995 
1 3002 1997 
1 2372 1995 
1 2708 1996 
1 1840 1993 
1 3363 1998 
1 7595 2003 
1 2884 1996 
1 7123 2002 
1 4420 2001 
1 3751 1999 
1 3016 1997 
1 3354 1998 
1 3003 1997 
1 2377 1995 
1 3361 1998 
1 2608 1996 
1 2343 1995 
1 3004 1997 
1 2856 1996 
1 3182 1997 
1 2752 1996 
1 4563 2001 
1 2432 1995 
1 3005 1997 
1 2753 1996 
1 2609 1996 
1 3006 1997 
1 3240 1997 
1 2800 1996 
1 3546 1998 
1 3007 1997 
1 3357 1998 
1 2610 1996 
1 2344 1995 
1 3008 1997 
1 3548 1998 
1 2754 1996 
1 3183 1997 
1 2487 1995 
1 3009 1997 
1 2802 1996 
1 4089 2000 
1 7130 2002 
1 2551 1996 
1 2345 1995 
1 2611 1996 
1 2552 1996 
1 2612 1996 
1 2365 1995 
1 3359 1998 
1 4476 2001 
1 8257 2004 
1 3506 1998 
1 3241 1997 
1 2810 1996 
1 2446 1995 
1 3010 1997 
1 2547 1995 
1 3011 1997 
1 3753 1999 
1 4031 2000 
1 2857 1996 
1 3012 1997 
1 2613 1996 
1 2614 1996 
1 3013 1997 
1 2346 1995 
1 2553 1996 
1 3899 1999 
1 2858 1996 
1 3014 1997 
1 2479 1995 
1 3897 1999 
1 2755 1996 
1 2488 1995 
1 3508 1998 
1 3356 1998 
1 3015 1997 
1 3825 1999 
1 2347 1995 
1 2615 1996 
1 4576 2001 
1 2919 1996 
1 3547 1998 
1 4419 2001 
1 2404 1995 
1 2874 1996 
1 2876 1996 
1 2413 1995 
1 3017 1997 
1 2457 1995 
1 2710 1996 
1 2740 1996 
1 3153 1997 
1 2444 1995 
1 3355 1998 
1 2757 1996 
1 3184 1997 
1 2430 1995 
1 3752 1999 
1 2482 1995 
1 3018 1997 
1 2758 1996 
1 3898 1999 
1 2831 1996 
1 2537 1995 
1 3509 1998 
1 7768 2003 
1 4477 2001 
1 3507 1998 
1 2546 1995 
1 3844 1999 
1 3358 1998 
1 8190 2004 
1 4421 2001 
1 4032 2000 
1 3754 1999 
1 2348 1995 
1 2616 1996 
1 7596 2003 
1 7124 2002 
1 7193 2002 
1 2368 1995 
1 3360 1998 
1 3019 1997 
1 2617 1996 
1 3034 1997 
1 3823 1999 
1 7121 2002 
1 4557 2001 
1 8182 2004 
1 2679 1996 
1 7592 2003 
1 4027 2000 
1 3348 1998 
1 3749 1999 
1 3156 1997 
1 7593 2003 
1 4559 2001 
1 3430 1998 
1 7122 2002 
1 2379 1995 
1 8184 2004 
1 8971 2005 
1 4029 2000 
1 2658 1996 
1 3020 1997 
1 2883 1996 
1 2443 1995 
1 3021 1997 
1 2566 1996 
1 2493 1995 
1 3185 1997 
1 3427 1998 
1 7711 2003 
1 8187 2004 
1 2567 1996 
1 2568 1996 
1 2469 1995 
1 2868 1996 
1 2869 1996 
1 2438 1995 
1 3022 1997 
1 3426 1998 
1 3023 1997 
1 2399 1995 
1 3024 1997 
1 4137 2000 
1 3750 1999 
1 2429 1995 
1 3025 1997 
1 4620 2001 
1 3503 1998 
1 2900 1996 
1 2539 1995 
1 4558 2001 
1 8183 2004 
1 3352 1998 
1 7766 2003 
1 2398 1995 
1 4028 2000 
1 2653 1996 
1 3746 1999 
1 3026 1997 
1 2467 1995 
1 3842 1999 
1 3186 1997 
1 2424 1995 
1 2780 1996 
1 3027 1997 
1 2569 1996 
1 2359 1995 
1 2902 1996 
1 2360 1995 
1 3748 1999 
1 2654 1996 
1 3028 1997 
1 2361 1995 
1 3349 1998 
1 3187 1997 
1 3543 1998 
1 2516 1995 
1 2781 1996 
1 3029 1997 
1 7767 2003 
1 3188 1997 
1 3504 1998 
1 2495 1995 
1 4622 2001 
1 2903 1996 
1 8186 2004 
1 3895 1999 
1 3542 1998 
1 4621 2001 
1 2570 1996 
1 2496 1995 
1 2362 1995 
1 7191 2002 
1 3030 1997 
1 3350 1998 
1 7591 2003 
1 9150 2006 
1 8188 2004 
1 4418 2001 
1 3824 1999 
1 2655 1996 
1 4030 2000 
1 8972 2005 
1 3431 1998 
1 2870 1996 
1 3154 1997 
1 3841 1999 
1 2450 1995 
1 3500 1998 
1 3189 1997 
1 3545 1998 
1 2439 1995 
1 2513 1995 
1 2782 1996 
1 2783 1996 
1 4136 2000 
1 3843 1999 
1 3190 1997 
1 2543 1995 
1 3191 1997 
1 3505 1998 
1 3243 1997 
1 2497 1995 
1 2904 1996 
1 3499 1998 
1 2534 1995 
1 3192 1997 
1 2451 1995 
1 4562 2001 
1 3745 1999 
1 2452 1995 
1 8185 2004 
1 4575 2001 
1 3428 1998 
1 3155 1997 
1 7594 2003 
1 2656 1996 
1 7192 2002 
1 3822 1999 
1 3544 1998 
1 7007 2001 
1 2784 1996 
1 2481 1995 
1 3031 1997 
1 2886 1996 
1 4026 2000 
1 3747 1999 
1 3432 1998 
1 2682 1996 
1 3032 1997 
1 2390 1995 
1 3351 1998 
1 4561 2001 
1 2657 1996 
1 3033 1997 
1 2659 1996 
1 4560 2001 
1 3429 1998 
1 3035 1997 
1 4088 2000 
1 3850 1999 
1 2374 1995 
1 2660 1996 
1 3036 1997 
1 3353 1998 
1 2419 1995 
1 3893 1999 
1 7190 2002 
1 2778 1996 
1 7765 2003 
1 3193 1997 
1 3194 1997 
1 4614 2001 
1 2565 1996 
1 3424 1998 
1 3894 1999 
1 8180 2004 
1 3496 1998 
1 3195 1997 
1 3497 1998 
1 2649 1996 
1 3796 1999 
1 3037 1997 
1 3541 1998 
1 7710 2003 
1 3196 1997 
1 7265 2002 
1 2650 1996 
1 2779 1996 
1 3038 1997 
1 2686 1996 
1 3744 1999 
1 3425 1998 
1 2651 1996 
1 3498 1998 
1 4615 2001 
1 3244 1997 
1 2652 1996 
1 3039 1997 
1 3743 1999 
1 3347 1998 
1 4025 2000 
1 3840 1999 
1 3245 1997 
1 7120 2002 
1 4555 2001 
1 3736 1999 
1 3040 1997 
1 3197 1997 
1 3889 1999 
1 7708 2003 
1 8179 2004 
1 7269 2002 
1 4618 2001 
1 3729 1999 
1 4086 2000 
1 7587 2003 
1 3041 1997 
1 7583 2003 
1 3730 1999 
1 4019 2000 
1 3042 1997 
1 4617 2001 
1 3422 1998 
1 8170 2004 
1 7271 2002 
1 4085 2000 
1 3888 1999 
1 7268 2002 
1 3494 1998 
1 3246 1997 
1 3198 1997 
1 3734 1999 
1 3043 1997 
1 4619 2001 
1 3417 1998 
1 3157 1997 
1 3839 1999 
1 3199 1997 
1 3492 1998 
1 3795 1999 
1 8255 2004 
1 7266 2002 
1 3886 1999 
1 3338 1998 
1 3044 1997 
1 4087 2000 
1 4616 2001 
1 3892 1999 
1 7117 2002 
1 3821 1999 
1 8967 2005 
1 3339 1998 
1 8173 2004 
1 3045 1997 
1 7585 2003 
1 4415 2001 
1 4024 2000 
1 3410 1998 
1 3046 1997 
1 3411 1998 
1 3047 1997 
1 4023 2000 
1 3048 1997 
1 10158 2008 
1 4414 2001 
1 9147 2006 
1 3419 1998 
1 9680 2007 
1 7116 2002 
1 3740 1999 
1 7584 2003 
1 8968 2005 
1 8177 2004 
1 7764 2003 
1 7270 2002 
1 9679 2007 
1 3890 1999 
1 3049 1997 
1 4081 2000 
1 4551 2001 
1 3346 1998 
1 3200 1997 
1 3247 1997 
1 8256 2004 
1 4473 2001 
1 3838 1999 
1 7273 2002 
1 3050 1997 
1 8966 2005 
1 3735 1999 
1 7118 2002 
1 8172 2004 
1 7588 2003 
1 9146 2006 
1 4417 2001 
1 3248 1997 
1 3345 1998 
1 4022 2000 
1 3416 1998 
1 3249 1997 
1 3051 1997 
1 3340 1998 
1 4554 2001 
1 3737 1999 
1 7189 2002 
1 8241 2004 
1 3341 1998 
1 4550 2001 
1 7187 2002 
1 7621 2003 
1 3052 1997 
1 3418 1998 
1 3053 1997 
1 3238 1997 
1 4082 2000 
1 4574 2001 
1 3054 1997 
1 7586 2003 
1 7185 2002 
1 3849 1999 
1 8174 2004 
1 8969 2005 
1 7589 2003 
1 8178 2004 
1 9681 2007 
1 3819 1999 
1 4084 2000 
1 4552 2001 
1 3055 1997 
1 7119 2002 
1 3342 1998 
1 9149 2006 
1 4630 2001 
1 3728 1999 
1 4416 2001 
1 7272 2002 
1 3493 1998 
1 3250 1997 
1 3415 1998 
1 7113 2002 
1 3732 1999 
1 3056 1997 
1 4017 2000 
1 4412 2001 
1 4411 2001 
1 4016 2000 
1 7112 2002 
1 3731 1999 
1 3414 1998 
1 8240 2004 
1 3057 1997 
1 7581 2003 
1 3058 1997 
1 3420 1998 
1 7114 2002 
1 8168 2004 
1 3412 1998 
1 3739 1999 
1 4018 2000 
1 7582 2003 
1 3343 1998 
1 8175 2004 
1 7115 2002 
1 3741 1999 
1 4413 2001 
1 4100 2000 
1 3059 1997 
1 4102 2000 
1 3060 1997 
1 4133 2000 
1 3887 1999 
1 3495 1998 
1 3251 1997 
1 3252 1997 
1 4135 2000 
1 8176 2004 
1 7590 2003 
1 4079 2000 
1 7188 2002 
1 3344 1998 
1 3742 1999 
1 3061 1997 
1 4553 2001 
1 4629 2001 
1 4021 2000 
1 8171 2004 
1 3421 1998 
1 3062 1997 
1 7622 2003 
1 3738 1999 
1 3063 1997 
1 4080 2000 
1 3820 1999 
1 3423 1998 
1 3158 1997 
1 3064 1997 
1 3794 1999 
1 4474 2001 
1 4134 2000 
1 3891 1999 
1 3065 1997 
1 4101 2000 
1 3253 1997 
1 4099 2000 
1 7709 2003 
1 3558 1998 
1 8970 2005 
1 4549 2001 
1 7186 2002 
1 3413 1998 
1 3159 1997 
1 8169 2004 
1 4083 2000 
1 9148 2006 
1 3733 1999 
1 4020 2000 
1 4556 2001 
1 3818 1999 
1 4611 2001 
1 3536 1998 
1 3882 1999 
1 9190 2006 
1 7763 2003 
1 8167 2004 
1 10093 2008 
1 8965 2005 
1 3793 1999 
1 3556 1998 
1 7707 2003 
1 7263 2002 
1 9779 2007 
1 7139 2002 
1 8162 2004 
1 3789 1999 
1 4078 2000 
1 4098 2000 
1 3836 1999 
1 4472 2001 
1 7108 2002 
1 8161 2004 
1 3885 1999 
1 4131 2000 
1 4148 2000 
1 3817 1999 
1 4077 2000 
1 3330 1998 
1 3726 1999 
1 4015 2000 
1 4409 2001 
1 3725 1999 
1 3337 1998 
1 3537 1998 
1 3837 1999 
1 4547 2001 
1 4471 2001 
1 4128 2000 
1 7761 2003 
1 3538 1998 
1 7111 2002 
1 7579 2003 
1 3331 1998 
1 8961 2005 
1 7006 2001 
1 8163 2004 
1 3727 1999 
1 9145 2006 
1 4012 2000 
1 3408 1998 
1 9246 2006 
1 7762 2003 
1 3487 1998 
1 3883 1999 
1 8254 2004 
1 9245 2006 
1 3884 1999 
1 7264 2002 
1 3488 1998 
1 8960 2005 
1 8160 2004 
1 7575 2003 
1 7181 2002 
1 4546 2001 
1 3332 1998 
1 3722 1999 
1 3723 1999 
1 7576 2003 
1 3333 1998 
1 7182 2002 
1 8165 2004 
1 7580 2003 
1 9143 2006 
1 9678 2007 
1 8239 2004 
1 4013 2000 
1 10092 2008 
1 8962 2005 
1 3724 1999 
1 4408 2001 
1 7109 2002 
1 3334 1998 
1 3335 1998 
1 9144 2006 
1 3847 1999 
1 7578 2003 
1 4410 2001 
1 8963 2005 
1 8166 2004 
1 7110 2002 
1 9873 2007 
1 9814 2007 
1 9009 2005 
1 3792 1999 
1 3409 1998 
1 3539 1998 
1 3489 1998 
1 8164 2004 
1 4014 2000 
1 7183 2002 
1 3848 1999 
1 7577 2003 
1 3336 1998 
1 4132 2000 
1 3490 1998 
1 7256 2002 
1 3491 1998 
1 4612 2001 
1 3540 1998 
1 3790 1999 
1 4407 2001 
1 8986 2005 
1 7106 2002 
1 4129 2000 
1 3557 1998 
1 4470 2001 
1 7760 2003 
1 8159 2004 
1 3878 1999 
1 8302 2004 
1 4126 2000 
1 3785 1999 
1 8985 2005 
1 4405 2001 
1 3881 1999 
1 8155 2004 
1 8238 2004 
1 4628 2001 
1 4073 2000 
1 3786 1999 
1 9813 2007 
1 10091 2008 
1 8157 2004 
1 3787 1999 
1 9777 2007 
1 7258 2002 
1 7259 2002 
1 4545 2001 
1 7105 2002 
1 7620 2003 
1 4404 2001 
1 3720 1999 
1 4011 2000 
1 3721 1999 
1 4406 2001 
1 7572 2003 
1 7104 2002 
1 3879 1999 
1 4609 2001 
1 4076 2000 
1 9007 2005 
1 7102 2002 
1 7138 2002 
1 4544 2001 
1 3816 1999 
1 7573 2003 
1 8959 2005 
1 7184 2002 
1 8158 2004 
1 4147 2000 
1 7704 2003 
1 4127 2000 
1 3880 1999 
1 4074 2000 
1 8237 2004 
1 7101 2002 
1 7261 2002 
1 7706 2003 
1 4610 2001 
1 3788 1999 
1 4075 2000 
1 7705 2003 
1 8253 2004 
1 9008 2005 
1 9778 2007 
1 7757 2003 
1 7571 2003 
1 7758 2003 
1 4071 2000 
1 4608 2001 
1 4402 2001 
1 4010 2000 
1 8154 2004 
1 7703 2003 
1 9244 2006 
1 10660 2009 
1 11374 2010 
1 7254 2002 
1 8301 2004 
1 9189 2006 
1 4146 2000 
1 8958 2005 
1 7100 2002 
1 8236 2004 
1 7569 2003 
1 4403 2001 
1 7759 2003 
1 7255 2002 
1 8304 2004 
1 7257 2002 
1 7260 2002 
1 4072 2000 
1 4130 2000 
1 7107 2002 
1 4601 2001 
1 7093 2002 
1 9006 2005 
1 8298 2004 
1 7094 2002 
1 7750 2003 
1 4528 2001 
1 4462 2001 
1 4381 2001 
1 7697 2003 
1 4463 2001 
1 8299 2004 
1 4382 2001 
1 9005 2005 
1 4383 2001 
1 4529 2001 
1 8232 2004 
1 7244 2002 
1 7751 2003 
1 4384 2001 
1 7245 2002 
1 7698 2003 
1 4602 2001 
1 4385 2001 
1 4530 2001 
1 7565 2003 
1 4386 2001 
1 7095 2002 
1 8148 2004 
1 7246 2002 
1 7699 2003 
1 8149 2004 
1 4387 2001 
1 4531 2001 
1 10745 2009 
1 10282 2008 
1 7753 2003 
1 9142 2006 
1 7096 2002 
1 10659 2009 
1 7566 2003 
1 10090 2008 
1 12533 2012 
1 8150 2004 
1 10984 2010 
1 9677 2007 
1 8954 2005 
1 4388 2001 
1 11741 2011 
1 13439 2014 
1 7700 2003 
1 4603 2001 
1 4389 2001 
1 4390 2001 
1 4532 2001 
1 8153 2004 
1 7619 2003 
1 4391 2001 
1 4392 2001 
1 4533 2001 
1 4604 2001 
1 8235 2004 
1 7097 2002 
1 4393 2001 
1 7567 2003 
1 8955 2005 
1 4534 2001 
1 4464 2001 
1 9188 2006 
1 7247 2002 
1 8984 2005 
1 7248 2002 
1 7755 2003 
1 4535 2001 
1 4394 2001 
1 4465 2001 
1 4466 2001 
1 4607 2001 
1 7098 2002 
1 8233 2004 
1 4536 2001 
1 10658 2009 
1 4537 2001 
1 4467 2001 
1 9776 2007 
1 8300 2004 
1 7249 2002 
1 4468 2001 
1 4395 2001 
1 7754 2003 
1 4396 2001 
1 4397 2001 
1 4538 2001 
1 7251 2002 
1 4539 2001 
1 7701 2003 
1 7178 2002 
1 10572 2009 
1 8956 2005 
1 8152 2004 
1 10157 2008 
1 4540 2001 
1 7625 2003 
1 9675 2007 
1 7252 2002 
1 7756 2003 
1 4401 2001 
1 4398 2001 
1 4541 2001 
1 4605 2001 
1 4543 2001 
1 7099 2002 
1 7253 2002 
1 10574 2009 
1 10088 2008 
1 4606 2001 
1 7702 2003 
1 7179 2002 
1 8151 2004 
1 8957 2005 
1 9676 2007 
1 10089 2008 
1 10573 2009 
1 4542 2001 
1 7180 2002 
1 4469 2001 
1 8234 2004 
1 4613 2001 
1 3791 1999 
1 4399 2001 
1 7686 2003 
1 10080 2008 
1 10566 2009 
1 9665 2007 
1 8130 2004 
1 7613 2003 
1 7050 2002 
1 8131 2004 
1 7687 2003 
1 7231 2002 
1 8983 2005 
1 7232 2002 
1 7746 2003 
1 8147 2004 
1 7051 2002 
1 8297 2004 
1 7688 2003 
1 9674 2007 
1 7233 2002 
1 10087 2008 
1 9186 2006 
1 10446 2009 
1 10084 2008 
1 9774 2007 
1 11740 2011 
1 7563 2003 
1 7234 2002 
1 8142 2004 
1 7689 2003 
1 7136 2002 
1 7551 2003 
1 8944 2005 
1 9133 2006 
1 7052 2002 
1 8227 2004 
1 8953 2005 
1 9141 2006 
1 8132 2004 
1 11319 2010 
1 10570 2009 
1 7552 2003 
1 9672 2007 
1 10086 2008 
1 7053 2002 
1 7235 2002 
1 7690 2003 
1 9666 2007 
1 8228 2004 
1 7747 2003 
1 10654 2009 
1 10280 2008 
1 7236 2002 
1 9773 2007 
1 7134 2002 
1 9135 2006 
1 8945 2005 
1 7554 2003 
1 8133 2004 
1 9667 2007 
1 11317 2010 
1 10567 2009 
1 7054 2002 
1 10081 2008 
1 8134 2004 
1 7237 2002 
1 10082 2008 
1 10568 2009 
1 11065 2010 
1 9809 2007 
1 9241 2006 
1 7691 2003 
1 7692 2003 
1 8135 2004 
1 9673 2007 
1 10156 2008 
1 7555 2003 
1 10571 2009 
1 11320 2010 
1 8946 2005 
1 9136 2006 
1 7055 2002 
1 8136 2004 
1 9243 2006 
1 10085 2008 
1 7748 2003 
1 9003 2005 
1 7695 2003 
1 7239 2002 
1 7614 2003 
1 7073 2002 
1 8948 2005 
1 10569 2009 
1 9137 2006 
1 10154 2008 
1 7561 2003 
1 7056 2002 
1 11318 2010 
1 9668 2007 
1 8140 2004 
1 8947 2005 
1 9775 2007 
1 7693 2003 
1 10657 2009 
1 7057 2002 
1 9138 2006 
1 7562 2003 
1 8141 2004 
1 8949 2005 
1 9004 2005 
1 8252 2004 
1 7694 2003 
1 7059 2002 
1 9817 2007 
1 9187 2006 
1 10083 2008 
1 10983 2010 
1 11739 2011 
1 7087 2002 
1 9670 2007 
1 12800 2013 
1 7556 2003 
1 8952 2005 
1 8145 2004 
1 9140 2006 
1 12532 2012 
1 10655 2009 
1 8310 2004 
1 7088 2002 
1 7557 2003 
1 8143 2004 
1 8950 2005 
1 7089 2002 
1 7558 2003 
1 8144 2004 
1 7559 2003 
1 9669 2007 
1 10155 2008 
1 8951 2005 
1 7074 2002 
1 9139 2006 
1 9811 2007 
1 7240 2002 
1 7241 2002 
1 9812 2007 
1 8146 2004 
1 7091 2002 
1 10656 2009 
1 9671 2007 
1 7616 2003 
1 7242 2002 
1 7075 2002 
1 8231 2004 
1 7564 2003 
1 4400 2001 
1 8138 2004 
1 7092 2002 
1 7617 2003 
1 9661 2007 
1 11314 2010 
1 9131 2006 
1 8126 2004 
1 10078 2008 
1 8940 2005 
1 7548 2003 
1 10563 2009 
1 10079 2008 
1 8982 2005 
1 9240 2006 
1 10279 2008 
1 11738 2011 
1 10564 2009 
1 11315 2010 
1 9662 2007 
1 8941 2005 
1 8127 2004 
1 8129 2004 
1 7550 2003 
1 8128 2004 
1 10153 2008 
1 12482 2012 
1 7549 2003 
1 10565 2009 
1 9663 2007 
1 12711 2013 
1 13354 2014 
1 14074 2015 
1 11316 2010 
1 9132 2006 
1 8942 2005 
1 8139 2004 
1 7243 2002 
1 8137 2004 
1 7560 2003 
1 8289 2004 
1 8981 2005 
1 8098 2004 
1 9002 2005 
1 9202 2006 
1 10077 2008 
1 8099 2004 
1 8210 2004 
1 10069 2008 
1 10650 2009 
1 11307 2010 
1 8211 2004 
1 9643 2007 
1 8290 2004 
1 8100 2004 
1 9767 2007 
1 8212 2004 
1 8213 2004 
1 9124 2006 
1 10651 2009 
1 9644 2007 
1 8102 2004 
1 8929 2005 
1 10148 2008 
1 9236 2006 
1 9125 2006 
1 8930 2005 
1 9645 2007 
1 8103 2004 
1 10149 2008 
1 8104 2004 
1 8931 2005 
1 10076 2008 
1 9182 2006 
1 9660 2007 
1 9768 2007 
1 11733 2011 
1 8291 2004 
1 10199 2008 
1 8214 2004 
1 8105 2004 
1 8932 2005 
1 9126 2006 
1 9646 2007 
1 10274 2008 
1 8106 2004 
1 8292 2004 
1 9001 2005 
1 9772 2007 
1 10445 2009 
1 8107 2004 
1 11313 2010 
1 10073 2008 
1 11737 2011 
1 8108 2004 
1 9130 2006 
1 10560 2009 
1 9657 2007 
1 8939 2005 
1 8215 2004 
1 10652 2009 
1 8109 2004 
1 9647 2007 
1 8216 2004 
1 8293 2004 
1 10070 2008 
1 10562 2009 
1 8217 2004 
1 8110 2004 
1 10071 2008 
1 9183 2006 
1 11308 2010 
1 9649 2007 
1 10275 2008 
1 8111 2004 
1 9650 2007 
1 10072 2008 
1 9651 2007 
1 11734 2011 
1 11309 2010 
1 8218 2004 
1 8112 2004 
1 8113 2004 
1 10653 2009 
1 9769 2007 
1 10558 2009 
1 8114 2004 
1 10742 2009 
1 11857 2011 
1 8115 2004 
1 11311 2010 
1 9127 2006 
1 8933 2005 
1 9652 2007 
1 10559 2009 
1 10150 2008 
1 11735 2011 
1 8116 2004 
1 8934 2005 
1 8219 2004 
1 9185 2006 
1 9658 2007 
1 10074 2008 
1 8117 2004 
1 10444 2009 
1 8251 2004 
1 9807 2007 
1 9237 2006 
1 10276 2008 
1 11063 2010 
1 9653 2007 
1 10151 2008 
1 8220 2004 
1 8119 2004 
1 9659 2007 
1 10075 2008 
1 10561 2009 
1 9128 2006 
1 11312 2010 
1 8935 2005 
1 10277 2008 
1 8294 2004 
1 9808 2007 
1 9238 2006 
1 8221 2004 
1 8222 2004 
1 8223 2004 
1 8120 2004 
1 8936 2005 
1 8122 2004 
1 9654 2007 
1 10743 2009 
1 9184 2006 
1 8123 2004 
1 8124 2004 
1 8937 2005 
1 8125 2004 
1 9129 2006 
1 9655 2007 
1 9770 2007 
1 10744 2009 
1 11102 2010 
1 8226 2004 
1 8295 2004 
1 11310 2010 
1 8938 2005 
1 10152 2008 
1 9656 2007 
1 7238 2002 
1 9810 2007 
1 10281 2008 
1 9242 2006 
1 7749 2003 
1 11103 2010 
1 7684 2003 
1 8296 2004 
1 9239 2006 
1 8943 2005 
1 7685 2003 
1 9664 2007 
1 8224 2004 
1 8225 2004 
1 9802 2007 
1 11856 2011 
1 10982 2010 
1 8903 2005 
1 9181 2006 
1 9638 2007 
1 10145 2008 
1 10739 2009 
1 9227 2006 
1 11852 2011 
1 9803 2007 
1 10977 2010 
1 10548 2009 
1 10058 2008 
1 9196 2006 
1 10266 2008 
1 10738 2009 
1 8904 2005 
1 10741 2009 
1 11730 2011 
1 9614 2007 
1 14182 2015 
1 9764 2007 
1 9228 2006 
1 10271 2008 
1 10734 2009 
1 9178 2006 
1 10644 2009 
1 9633 2007 
1 8905 2005 
1 9112 2006 
1 10542 2009 
1 12527 2012 
1 10049 2008 
1 9615 2007 
1 11288 2010 
1 12706 2013 
1 11289 2010 
1 8906 2005 
1 11723 2011 
1 9616 2007 
1 9617 2007 
1 11718 2011 
1 10050 2008 
1 9113 2006 
1 10549 2009 
1 8907 2005 
1 11295 2010 
1 10735 2009 
1 8908 2005 
1 9618 2007 
1 8980 2005 
1 9765 2007 
1 8997 2005 
1 9754 2007 
1 9229 2006 
1 9755 2007 
1 9766 2007 
1 9619 2007 
1 8909 2005 
1 11290 2010 
1 9114 2006 
1 10543 2009 
1 10139 2008 
1 9230 2006 
1 11853 2011 
1 10060 2008 
1 9756 2007 
1 10443 2009 
1 9231 2006 
1 9115 2006 
1 10544 2009 
1 8927 2005 
1 10545 2009 
1 10730 2009 
1 10200 2008 
1 10976 2010 
1 14191 2015 
1 11725 2011 
1 9179 2006 
1 9632 2007 
1 10270 2008 
1 11296 2010 
1 11721 2011 
1 10051 2008 
1 14072 2015 
1 9620 2007 
1 13351 2014 
1 14564 2016 
1 9180 2006 
1 15073 2017 
1 10550 2009 
1 8910 2005 
1 12479 2012 
1 12708 2013 
1 11717 2011 
1 9232 2006 
1 8911 2005 
1 12531 2012 
1 10064 2008 
1 13352 2014 
1 11729 2011 
1 9621 2007 
1 10649 2009 
1 11304 2010 
1 11719 2011 
1 10979 2010 
1 10737 2009 
1 10052 2008 
1 14181 2015 
1 14563 2016 
1 8912 2005 
1 14073 2015 
1 14974 2017 
1 9622 2007 
1 13409 2014 
1 11305 2010 
1 10066 2008 
1 13353 2014 
1 15672 2018 
1 14565 2016 
1 11731 2011 
1 10556 2009 
1 9116 2006 
1 8913 2005 
1 12480 2012 
1 12709 2013 
1 9804 2007 
1 11855 2011 
1 11061 2010 
1 10272 2008 
1 10978 2010 
1 10059 2008 
1 9757 2007 
1 8914 2005 
1 10552 2009 
1 9639 2007 
1 10146 2008 
1 11722 2011 
1 11297 2010 
1 9122 2006 
1 9233 2006 
1 9758 2007 
1 10057 2008 
1 9197 2006 
1 9198 2006 
1 10546 2009 
1 9117 2006 
1 12707 2013 
1 12478 2012 
1 11716 2011 
1 14071 2015 
1 11291 2010 
1 8915 2005 
1 9623 2007 
1 10053 2008 
1 13350 2014 
1 8916 2005 
1 11300 2010 
1 9642 2007 
1 10555 2009 
1 9118 2006 
1 11726 2011 
1 10061 2008 
1 8917 2005 
1 11292 2010 
1 9624 2007 
1 12528 2012 
1 12799 2013 
1 9625 2007 
1 11732 2011 
1 8918 2005 
1 12481 2012 
1 10557 2009 
1 12710 2013 
1 9119 2006 
1 10067 2008 
1 11306 2010 
1 11728 2011 
1 9626 2007 
1 10063 2008 
1 11303 2010 
1 10740 2009 
1 10647 2009 
1 10142 2008 
1 11727 2011 
1 9000 2005 
1 9120 2006 
1 11302 2010 
1 9636 2007 
1 9640 2007 
1 10147 2008 
1 9123 2006 
1 11298 2010 
1 10553 2009 
1 8919 2005 
1 8920 2005 
1 10054 2008 
1 10442 2009 
1 9627 2007 
1 9635 2007 
1 11294 2010 
1 9199 2006 
1 10062 2008 
1 11299 2010 
1 12530 2012 
1 9641 2007 
1 13570 2014 
1 9805 2007 
1 8921 2005 
1 9121 2006 
1 8928 2005 
1 10143 2008 
1 9637 2007 
1 10551 2009 
1 9806 2007 
1 9234 2006 
1 10731 2009 
1 8922 2005 
1 10981 2010 
1 10267 2008 
1 10733 2009 
1 9763 2007 
1 9759 2007 
1 11854 2011 
1 12854 2013 
1 10268 2008 
1 8999 2005 
1 11101 2010 
1 13459 2014 
1 8998 2005 
1 9235 2006 
1 10732 2009 
1 10141 2008 
1 9762 2007 
1 9201 2006 
1 10056 2008 
1 8925 2005 
1 10645 2009 
1 9634 2007 
1 9200 2006 
1 9631 2007 
1 11062 2010 
1 10646 2009 
1 10269 2008 
1 9629 2007 
1 10643 2009 
1 10547 2009 
1 10140 2008 
1 8924 2005 
1 9628 2007 
1 11293 2010 
1 9761 2007 
1 10273 2008 
1 10736 2009 
1 11060 2010 
1 10648 2009 
1 11301 2010 
1 9630 2007 
1 10980 2010 
1 12529 2012 
1 11720 2011 
1 8923 2005 
1 10055 2008 
1 8926 2005 
1 9174 2006 
1 10729 2009 
1 9610 2007 
1 10975 2010 
1 10048 2008 
1 12525 2012 
1 9175 2006 
1 10138 2008 
1 11715 2011 
1 11287 2010 
1 10728 2009 
1 9752 2007 
1 9753 2007 
1 10136 2008 
1 10540 2009 
1 9611 2007 
1 11284 2010 
1 9111 2006 
1 11714 2011 
1 11285 2010 
1 9612 2007 
1 11064 2010 
1 9740 2007 
1 9743 2007 
1 10041 2008 
1 11850 2011 
1 9744 2007 
1 9799 2007 
1 11058 2010 
1 9745 2007 
1 11100 2010 
1 10974 2010 
1 9591 2007 
1 10723 2009 
1 11706 2011 
1 10534 2009 
1 11273 2010 
1 9592 2007 
1 10133 2008 
1 10263 2008 
1 9593 2007 
1 10535 2009 
1 11713 2011 
1 10042 2008 
1 9594 2007 
1 11283 2010 
1 10197 2008 
1 10724 2009 
1 9746 2007 
1 12853 2013 
1 10047 2008 
1 10725 2009 
1 11059 2010 
1 9748 2007 
1 12524 2012 
1 9595 2007 
1 10265 2008 
1 10727 2009 
1 9749 2007 
1 10198 2008 
1 9596 2007 
1 10134 2008 
1 10641 2009 
1 11274 2010 
1 11707 2011 
1 11275 2010 
1 9597 2007 
1 11712 2011 
1 12477 2012 
1 9598 2007 
1 11276 2010 
1 10536 2009 
1 10043 2008 
1 11708 2011 
1 12474 2012 
1 10044 2008 
1 9599 2007 
1 11279 2010 
1 11710 2011 
1 9601 2007 
1 14118 2015 
1 11709 2011 
1 9602 2007 
1 10642 2009 
1 13349 2014 
1 11278 2010 
1 14562 2016 
1 9606 2007 
1 11277 2010 
1 12476 2012 
1 11282 2010 
1 10537 2009 
1 9607 2007 
1 9750 2007 
1 10726 2009 
1 9608 2007 
1 11711 2011 
1 10045 2008 
1 11280 2010 
1 10538 2009 
1 10264 2008 
1 11851 2011 
1 9800 2007 
1 9751 2007 
1 9609 2007 
1 11281 2010 
1 12798 2013 
1 12475 2012 
1 10135 2008 
1 10539 2009 
1 11286 2010 
1 10137 2008 
1 9613 2007 
1 10541 2009 
1 11098 2010 
1 11699 2011 
1 10032 2008 
1 11261 2010 
1 10525 2009 
1 12796 2013 
1 10526 2009 
1 10129 2008 
1 11262 2010 
1 10720 2009 
1 10634 2009 
1 10257 2008 
1 10194 2008 
1 10527 2009 
1 11263 2010 
1 12470 2012 
1 12704 2013 
1 11700 2011 
1 15111 2017 
1 10033 2008 
1 13347 2014 
1 14561 2016 
1 14069 2015 
1 10528 2009 
1 10195 2008 
1 11099 2010 
1 10635 2009 
1 10258 2008 
1 10259 2008 
1 13655 2014 
1 10034 2008 
1 11326 2010 
1 12473 2012 
1 13348 2014 
1 10640 2009 
1 12797 2013 
1 14070 2015 
1 12882 2013 
1 12523 2012 
1 13569 2014 
1 10130 2008 
1 11056 2010 
1 11701 2011 
1 12471 2012 
1 11264 2010 
1 10035 2008 
1 10529 2009 
1 10036 2008 
1 11265 2010 
1 11057 2010 
1 12552 2012 
1 10721 2009 
1 10260 2008 
1 11704 2011 
1 10636 2009 
1 11266 2010 
1 10037 2008 
1 11702 2011 
1 10131 2008 
1 10530 2009 
1 11267 2010 
1 11849 2011 
1 10038 2008 
1 10637 2009 
1 11848 2011 
1 10261 2008 
1 10722 2009 
1 10638 2009 
1 10039 2008 
1 11268 2010 
1 10531 2009 
1 11780 2011 
1 12705 2013 
1 10040 2008 
1 13568 2014 
1 11703 2011 
1 10639 2009 
1 11270 2010 
1 12472 2012 
1 11781 2011 
1 10532 2009 
1 10132 2008 
1 11271 2010 
1 9801 2007 
1 10196 2008 
1 10533 2009 
1 11233 2010 
1 12787 2013 
1 10621 2009 
1 11679 2011 
1 10622 2009 
1 13561 2014 
1 12788 2013 
1 11234 2010 
1 10623 2009 
1 11772 2011 
1 12516 2012 
1 10624 2009 
1 11235 2010 
1 13562 2014 
1 11838 2011 
1 10625 2009 
1 11695 2011 
1 10626 2009 
1 11839 2011 
1 11840 2011 
1 11049 2010 
1 10712 2009 
1 12698 2013 
1 12458 2012 
1 10510 2009 
1 11773 2011 
1 11236 2010 
1 10713 2009 
1 11778 2011 
1 11238 2010 
1 12522 2012 
1 13458 2014 
1 10970 2010 
1 12702 2013 
1 11779 2011 
1 10714 2009 
1 11050 2010 
1 11841 2011 
1 10715 2009 
1 12699 2013 
1 11680 2011 
1 10511 2009 
1 12459 2012 
1 11239 2010 
1 12460 2012 
1 10512 2009 
1 11681 2011 
1 13406 2014 
1 12700 2013 
1 11240 2010 
1 13342 2014 
1 14062 2015 
1 12701 2013 
1 10513 2009 
1 11241 2010 
1 12461 2012 
1 11682 2011 
1 11242 2010 
1 11683 2011 
1 12792 2013 
1 12468 2012 
1 14063 2015 
1 11243 2010 
1 11698 2011 
1 10627 2009 
1 10514 2009 
1 11244 2010 
1 11245 2010 
1 14064 2015 
1 11684 2011 
1 12469 2012 
1 15671 2018 
1 15110 2017 
1 16018 2019 
1 12793 2013 
1 14558 2016 
1 10628 2009 
1 11051 2010 
1 10629 2009 
1 11685 2011 
1 10971 2010 
1 14117 2015 
1 13456 2014 
1 11696 2011 
1 11246 2010 
1 16032 2019 
1 14114 2015 
1 10716 2009 
1 11052 2010 
1 11053 2010 
1 10717 2009 
1 11842 2011 
1 12463 2012 
1 11247 2010 
1 14066 2015 
1 12794 2013 
1 11248 2010 
1 10515 2009 
1 12464 2012 
1 13407 2014 
1 11686 2011 
1 14065 2015 
1 13345 2014 
1 15072 2017 
1 14559 2016 
1 10718 2009 
1 12517 2012 
1 11774 2011 
1 10972 2010 
1 10516 2009 
1 13346 2014 
1 12466 2012 
1 11260 2010 
1 11694 2011 
1 12703 2013 
1 14067 2015 
1 13344 2014 
1 14115 2015 
1 11249 2010 
1 11687 2011 
1 15727 2018 
1 13563 2014 
1 14180 2015 
1 10440 2009 
1 10630 2009 
1 13564 2014 
1 12518 2012 
1 11250 2010 
1 15124 2017 
1 11843 2011 
1 11097 2010 
1 12881 2013 
1 13502 2014 
1 11844 2011 
1 11775 2011 
1 10517 2009 
1 11251 2010 
1 10518 2009 
1 10519 2009 
1 10441 2009 
1 11845 2011 
1 11252 2010 
1 11846 2011 
1 10520 2009 
1 11688 2011 
1 11253 2010 
1 11254 2010 
1 10521 2009 
1 11689 2011 
1 12519 2012 
1 11690 2011 
1 11255 2010 
1 13565 2014 
1 12789 2013 
1 10631 2009 
1 11691 2011 
1 12790 2013 
1 13566 2014 
1 11256 2010 
1 10522 2009 
1 12520 2012 
1 11697 2011 
1 11257 2010 
1 12791 2013 
1 10632 2009 
1 12795 2013 
1 10523 2009 
1 11692 2011 
1 12465 2012 
1 14068 2015 
1 11258 2010 
1 10633 2009 
1 11259 2010 
1 12521 2012 
1 13408 2014 
1 10973 2010 
1 10524 2009 
1 13343 2014 
1 11054 2010 
1 11693 2011 
1 10719 2009 
1 13457 2014 
1 14116 2015 
1 11777 2011 
1 11847 2011 
1 11055 2010 
1 12852 2013 
1 12851 2013 
1 14560 2016 
1 13567 2014 
1 10262 2008 
1 14640 2016 
1 13404 2014 
1 12844 2013 
1 14113 2015 
1 10966 2010 
1 15145 2017 
1 13338 2014 
1 11828 2011 
1 13556 2014 
1 11837 2011 
1 12848 2013 
1 11092 2010 
1 13550 2014 
1 11829 2011 
1 11764 2011 
1 11198 2010 
1 12696 2013 
1 12513 2012 
1 13551 2014 
1 11039 2010 
1 11093 2010 
1 14111 2015 
1 13329 2014 
1 13402 2014 
1 12549 2012 
1 12845 2013 
1 11656 2011 
1 12847 2013 
1 11040 2010 
1 13559 2014 
1 12850 2013 
1 14639 2016 
1 11830 2011 
1 14179 2015 
1 11094 2010 
1 11831 2011 
1 11199 2010 
1 11657 2011 
1 11200 2010 
1 11658 2011 
1 13552 2014 
1 12505 2012 
1 12777 2013 
1 11832 2011 
1 13553 2014 
1 12846 2013 
1 11833 2011 
1 11659 2011 
1 11201 2010 
1 11041 2010 
1 14671 2016 
1 11042 2010 
1 11202 2010 
1 11660 2011 
1 12849 2013 
1 13455 2014 
1 10967 2010 
1 11043 2010 
1 11203 2010 
1 11661 2011 
1 11662 2011 
1 11204 2010 
1 12550 2012 
1 12879 2013 
1 11205 2010 
1 11676 2011 
1 10968 2010 
1 12693 2013 
1 11834 2011 
1 11663 2011 
1 11206 2010 
1 14552 2016 
1 12455 2012 
1 13333 2014 
1 11207 2010 
1 11664 2011 
1 12456 2012 
1 11208 2010 
1 11665 2011 
1 14055 2015 
1 13334 2014 
1 13403 2014 
1 12781 2013 
1 11209 2010 
1 15070 2017 
1 14548 2016 
1 11666 2011 
1 13452 2014 
1 12691 2013 
1 12447 2012 
1 14051 2015 
1 11044 2010 
1 11765 2011 
1 11210 2010 
1 11211 2010 
1 13330 2014 
1 12506 2012 
1 11766 2011 
1 12695 2013 
1 15109 2017 
1 14551 2016 
1 11213 2010 
1 11667 2011 
1 13336 2014 
1 14112 2015 
1 11668 2011 
1 14557 2016 
1 12785 2013 
1 15123 2017 
1 11214 2010 
1 12448 2012 
1 14060 2015 
1 11767 2011 
1 12507 2012 
1 13453 2014 
1 15611 2018 
1 11215 2010 
1 13555 2014 
1 12880 2013 
1 15686 2018 
1 11217 2010 
1 14588 2016 
1 12449 2012 
1 13341 2014 
1 14059 2015 
1 12784 2013 
1 11669 2011 
1 12783 2013 
1 12450 2012 
1 11218 2010 
1 14058 2015 
1 13405 2014 
1 13340 2014 
1 11219 2010 
1 12515 2012 
1 11768 2011 
1 16066 2019 
1 13337 2014 
1 14555 2016 
1 14054 2015 
1 12452 2012 
1 11220 2010 
1 11835 2011 
1 15219 2017 
1 15108 2017 
1 10969 2010 
1 12508 2012 
1 16031 2019 
1 14549 2016 
1 11670 2011 
1 12778 2013 
1 13331 2014 
1 14056 2015 
1 11221 2010 
1 11671 2011 
1 15670 2018 
1 16017 2019 
1 15071 2017 
1 13335 2014 
1 14553 2016 
1 12694 2013 
1 12457 2012 
1 11222 2010 
1 11675 2011 
1 11672 2011 
1 11224 2010 
1 12551 2012 
1 13500 2014 
1 11836 2011 
1 11045 2010 
1 11095 2010 
1 13557 2014 
1 11225 2010 
1 14554 2016 
1 15039 2017 
1 11769 2011 
1 12453 2012 
1 12782 2013 
1 13339 2014 
1 14057 2015 
1 13560 2014 
1 12697 2013 
1 15612 2018 
1 11226 2010 
1 12509 2012 
1 11046 2010 
1 12692 2013 
1 11673 2011 
1 11227 2010 
1 12451 2012 
1 13454 2014 
1 14053 2015 
1 14550 2016 
1 12510 2012 
1 11770 2011 
1 11228 2010 
1 13558 2014 
1 11677 2011 
1 11229 2010 
1 11230 2010 
1 13554 2014 
1 12779 2013 
1 11674 2011 
1 12786 2013 
1 11231 2010 
1 12454 2012 
1 15246 2017 
1 14178 2015 
1 15178 2017 
1 12884 2013 
1 15175 2017 
1 11096 2010 
1 14638 2016 
1 11048 2010 
1 13501 2014 
1 15245 2017 
1 11771 2011 
1 12511 2012 
1 11232 2010 
1 13332 2014 
1 13320 2014 
1 14107 2015 
1 13397 2014 
1 14173 2015 
1 13321 2014 
1 13398 2014 
1 11818 2011 
1 14139 2015 
1 13544 2014 
1 12546 2012 
1 11819 2011 
1 11820 2011 
1 14140 2015 
1 15192 2017 
1 15609 2018 
1 13549 2014 
1 12878 2013 
1 15037 2017 
1 12682 2013 
1 12436 2012 
1 11636 2011 
1 11821 2011 
1 11759 2011 
1 15610 2018 
1 15038 2017 
1 13449 2014 
1 12547 2012 
1 13545 2014 
1 14669 2016 
1 12502 2012 
1 15036 2017 
1 13547 2014 
1 11637 2011 
1 15693 2018 
1 12437 2012 
1 13322 2014 
1 12772 2013 
1 14045 2015 
1 11638 2011 
1 11760 2011 
1 12548 2012 
1 13451 2014 
1 14637 2016 
1 12690 2013 
1 16078 2019 
1 11649 2011 
1 20331 2021 
1 14108 2015 
1 13324 2014 
1 13325 2014 
1 12442 2012 
1 12685 2013 
1 14048 2015 
1 11650 2011 
1 13399 2014 
1 14544 2016 
1 11651 2011 
1 12443 2012 
1 12686 2013 
1 14543 2016 
1 15668 2018 
1 12434 2012 
1 12681 2013 
1 11826 2011 
1 11639 2011 
1 14546 2016 
1 14110 2015 
1 13328 2014 
1 12773 2013 
1 12683 2013 
1 11640 2011 
1 12438 2012 
1 11761 2011 
1 11641 2011 
1 12503 2012 
1 13497 2014 
1 12774 2013 
1 15069 2017 
1 15669 2018 
1 16016 2019 
1 12439 2012 
1 11642 2011 
1 14046 2015 
1 14174 2015 
1 12440 2012 
1 11643 2011 
1 11644 2011 
1 13548 2014 
1 12775 2013 
1 11762 2011 
1 16139 2019 
1 15608 2018 
1 14175 2015 
1 11645 2011 
1 12504 2012 
1 11763 2011 
1 13323 2014 
1 11822 2011 
1 11823 2011 
1 14670 2016 
1 14635 2016 
1 14545 2016 
1 12441 2012 
1 13327 2014 
1 13401 2014 
1 14973 2017 
1 12684 2013 
1 11646 2011 
1 14050 2015 
1 12435 2012 
1 12771 2013 
1 16140 2019 
1 11647 2011 
1 14047 2015 
1 11824 2011 
1 14176 2015 
1 13326 2014 
1 13400 2014 
1 14109 2015 
1 15142 2017 
1 12776 2013 
1 12444 2012 
1 12843 2013 
1 11827 2011 
1 11652 2011 
1 12445 2012 
1 11653 2011 
1 12688 2013 
1 14177 2015 
1 11654 2011 
1 14547 2016 
1 14049 2015 
1 12687 2013 
1 12446 2012 
1 11655 2011 
1 14636 2016 
1 11825 2011 
1 15667 2018 
1 20204 2021 
1 16326 2020 
1 12424 2012 
1 15068 2017 
1 14042 2015 
1 12680 2013 
1 14541 2016 
1 16015 2019 
1 13317 2014 
1 12544 2012 
1 13540 2014 
1 15950 2019 
1 15607 2018 
1 15035 2017 
1 13542 2014 
1 12765 2013 
1 12768 2013 
1 12425 2012 
1 14041 2015 
1 15107 2017 
1 14540 2016 
1 13395 2014 
1 12769 2013 
1 12426 2012 
1 13318 2014 
1 14542 2016 
1 14043 2015 
1 12501 2012 
1 13543 2014 
1 12877 2013 
1 15034 2017 
1 13447 2014 
1 12766 2013 
1 15606 2018 
1 14534 2016 
1 15949 2019 
1 13311 2014 
1 12427 2012 
1 13396 2014 
1 12675 2013 
1 14036 2015 
1 13448 2014 
1 20203 2021 
1 15106 2017 
1 12676 2013 
1 12428 2012 
1 14536 2016 
1 15663 2018 
1 16012 2019 
1 14037 2015 
1 16013 2019 
1 15664 2018 
1 12677 2013 
1 14537 2016 
1 13312 2014 
1 13391 2014 
1 12429 2012 
1 15066 2017 
1 13319 2014 
1 14044 2015 
1 12770 2013 
1 13394 2014 
1 12430 2012 
1 15665 2018 
1 12678 2013 
1 14538 2016 
1 13314 2014 
1 13392 2014 
1 12432 2012 
1 14039 2015 
1 15067 2017 
1 12767 2013 
1 13313 2014 
1 14038 2015 
1 12431 2012 
1 14883 2016 
1 12433 2012 
1 15666 2018 
1 13393 2014 
1 14972 2017 
1 14040 2015 
1 13316 2014 
1 14539 2016 
1 16014 2019 
1 12679 2013 
1 15143 2017 
1 16388 2020 
1 15726 2018 
1 12545 2012 
1 13541 2014 
1 12842 2013 
1 14172 2015 
1 15144 2017 
1 13495 2014 
1 13496 2014 
1 14634 2016 
1 15173 2017 
1 13498 2014 
1 13499 2014 
1 15174 2017 
1 11047 2010 
1 12762 2013 
1 15105 2017 
1 14533 2016 
1 14034 2015 
1 12763 2013 
1 13308 2014 
1 14531 2016 
1 14033 2015 
1 15685 2018 
1 20330 2021 
1 13390 2014 
1 14586 2016 
1 14529 2016 
1 14028 2015 
1 14035 2015 
1 13494 2014 
1 14633 2016 
1 14032 2015 
1 15692 2018 
1 12673 2013 
1 13310 2014 
1 16065 2019 
1 14667 2016 
1 14171 2015 
1 15209 2017 
1 12827 2013 
1 12764 2013 
1 14029 2015 
1 12500 2012 
1 13315 2014 
1 12828 2013 
1 15761 2018 
1 14106 2015 
1 13446 2014 
1 16064 2019 
1 14530 2016 
1 14030 2015 
1 12674 2013 
1 13389 2014 
1 13309 2014 
1 14587 2016 
1 14511 2016 
1 13489 2014 
1 20379 2021 
1 14629 2016 
1 20438 2021 
1 14168 2015 
1 13437 2014 
1 15208 2017 
1 14582 2016 
1 13441 2014 
1 14100 2015 
1 13490 2014 
1 14630 2016 
1 14663 2016 
1 13535 2014 
1 15028 2017 
1 15621 2018 
1 20341 2021 
1 14014 2015 
1 14631 2016 
1 15217 2017 
1 16426 2020 
1 15604 2018 
1 13536 2014 
1 15029 2017 
1 14512 2016 
1 16007 2019 
1 16338 2020 
1 15659 2018 
1 20221 2021 
1 14015 2015 
1 15061 2017 
1 13294 2014 
1 14513 2016 
1 16062 2019 
1 14514 2016 
1 14169 2015 
1 15218 2017 
1 15030 2017 
1 14016 2015 
1 14515 2016 
1 13295 2014 
1 14516 2016 
1 14101 2015 
1 14517 2016 
1 13491 2014 
1 16063 2019 
1 13442 2014 
1 16138 2019 
1 15603 2018 
1 15031 2017 
1 15759 2018 
1 15207 2017 
1 14632 2016 
1 14017 2015 
1 14518 2016 
1 15660 2018 
1 16335 2020 
1 15062 2017 
1 13296 2014 
1 14676 2016 
1 14018 2015 
1 16008 2019 
1 20218 2021 
1 16146 2019 
1 14664 2016 
1 13443 2014 
1 20340 2021 
1 16011 2019 
1 14583 2016 
1 14102 2015 
1 15063 2017 
1 15605 2018 
1 14665 2016 
1 14103 2015 
1 13537 2014 
1 15244 2017 
1 13538 2014 
1 14170 2015 
1 13492 2014 
1 15760 2018 
1 14019 2015 
1 14521 2016 
1 15032 2017 
1 13297 2014 
1 15064 2017 
1 14522 2016 
1 15661 2018 
1 16009 2019 
1 14020 2015 
1 16337 2020 
1 20220 2021 
1 13384 2014 
1 14021 2015 
1 13298 2014 
1 14523 2016 
1 14022 2015 
1 14524 2016 
1 13385 2014 
1 13299 2014 
1 13493 2014 
1 15171 2017 
1 13386 2014 
1 14023 2015 
1 15682 2018 
1 20296 2021 
1 14584 2016 
1 13300 2014 
1 14024 2015 
1 14585 2016 
1 13301 2014 
1 13387 2014 
1 15684 2018 
1 13302 2014 
1 14027 2015 
1 15683 2018 
1 13444 2014 
1 15033 2017 
1 14138 2015 
1 15172 2017 
1 14666 2016 
1 15104 2017 
1 16077 2019 
1 13303 2014 
1 14528 2016 
1 13445 2014 
1 14104 2015 
1 20219 2021 
1 14525 2016 
1 16336 2020 
1 13304 2014 
1 15662 2018 
1 16010 2019 
1 14025 2015 
1 15065 2017 
1 14105 2015 
1 14526 2016 
1 13305 2014 
1 15186 2017 
1 14026 2015 
1 14527 2016 
1 13306 2014 
1 13539 2014 
1 14031 2015 
1 14668 2016 
1 14052 2015 
1 16061 2019 
1 14501 2016 
1 15758 2018 
1 15242 2017 
1 15100 2017 
1 16096 2019 
1 16330 2020 
1 14969 2017 
1 15658 2018 
1 20210 2021 
1 16004 2019 
1 14008 2015 
1 14502 2016 
1 14628 2016 
1 15757 2018 
1 14098 2015 
1 14503 2016 
1 15027 2017 
1 20289 2021 
1 15600 2018 
1 14508 2016 
1 14009 2015 
1 15103 2017 
1 20373 2021 
1 15948 2019 
1 15024 2017 
1 16423 2020 
1 15601 2018 
1 14010 2015 
1 16060 2019 
1 14504 2016 
1 16006 2019 
1 14509 2016 
1 15026 2017 
1 14099 2015 
1 15060 2017 
1 20334 2021 
1 15602 2018 
1 14135 2015 
1 15943 2019 
1 14618 2016 
1 14510 2016 
1 14971 2017 
1 15947 2019 
1 14165 2015 
1 16145 2019 
1 20432 2021 
1 15206 2017 
1 14661 2016 
1 14619 2016 
1 16108 2019 
1 14136 2015 
1 15944 2019 
1 14620 2016 
1 15170 2017 
1 14011 2015 
1 15101 2017 
1 16095 2019 
1 14505 2016 
1 14581 2016 
1 16005 2019 
1 15025 2017 
1 15597 2018 
1 16106 2019 
1 14621 2016 
1 20433 2021 
1 14622 2016 
1 14137 2015 
1 15945 2019 
1 14013 2015 
1 16093 2019 
1 14012 2015 
1 15599 2018 
1 14507 2016 
1 14623 2016 
1 15243 2017 
1 14166 2015 
1 16462 2020 
1 14167 2015 
1 14662 2016 
1 15756 2018 
1 15205 2017 
1 14625 2016 
1 15620 2018 
1 16097 2019 
1 20290 2021 
1 20372 2021 
1 13388 2014 
1 13307 2014 
1 14624 2016 
1 16107 2019 
1 15946 2019 
1 14970 2017 
1 15598 2018 
1 14506 2016 
1 16144 2019 
1 14968 2017 
1 15725 2018 
1 20375 2021 
1 15010 2017 
1 14578 2016 
1 15216 2017 
1 14489 2016 
1 20335 2021 
1 16076 2019 
1 15098 2017 
1 16424 2020 
1 14490 2016 
1 20337 2021 
1 15116 2017 
1 14492 2016 
1 20336 2021 
1 14614 2016 
1 15941 2019 
1 15241 2017 
1 20291 2021 
1 14493 2016 
1 15679 2018 
1 16059 2019 
1 15023 2017 
1 14494 2016 
1 15117 2017 
1 14495 2016 
1 15655 2018 
1 14579 2016 
1 16121 2019 
1 14496 2016 
1 20374 2021 
1 16122 2019 
1 16440 2020 
1 15724 2018 
1 14615 2016 
1 16104 2019 
1 14497 2016 
1 16332 2020 
1 15656 2018 
1 15058 2017 
1 20213 2021 
1 16003 2019 
1 15059 2017 
1 14498 2016 
1 20211 2021 
1 15657 2018 
1 16331 2020 
1 16002 2019 
1 15754 2018 
1 15204 2017 
1 14616 2016 
1 15236 2017 
1 15596 2018 
1 15022 2017 
1 15238 2017 
1 14499 2016 
1 14500 2016 
1 15595 2018 
1 15942 2019 
1 15755 2018 
1 14659 2016 
1 15239 2017 
1 20435 2021 
1 15168 2017 
1 14660 2016 
1 15184 2017 
1 14617 2016 
1 15753 2018 
1 15240 2017 
1 16105 2019 
1 20434 2021 
1 15169 2017 
1 15680 2018 
1 16057 2019 
1 15122 2017 
1 14580 2016 
1 20212 2021 
1 15099 2017 
1 16058 2019 
1 15681 2018 
1 15102 2017 
1 16094 2019 
1 14626 2016 
1 20431 2021 
1 16109 2019 
1 16110 2019 
1 14627 2016 
1 20215 2021 
1 16001 2019 
1 15057 2017 
1 15653 2018 
1 15940 2019 
1 15588 2018 
1 20295 2021 
1 15014 2017 
1 15191 2017 
1 15723 2018 
1 20436 2021 
1 16054 2019 
1 14965 2017 
1 15015 2017 
1 20292 2021 
1 20378 2021 
1 20214 2021 
1 16333 2020 
1 15654 2018 
1 15999 2019 
1 15097 2017 
1 15589 2018 
1 15016 2017 
1 15017 2017 
1 15590 2018 
1 15938 2019 
1 15020 2017 
1 15592 2018 
1 20437 2021 
1 15593 2018 
1 15939 2019 
1 15021 2017 
1 20216 2021 
1 16055 2019 
1 14966 2017 
1 16469 2020 
1 15233 2017 
1 15018 2017 
1 15594 2018 
1 16092 2019 
1 15619 2018 
1 20338 2021 
1 15121 2017 
1 16056 2019 
1 15678 2018 
1 15166 2017 
1 16075 2019 
1 20339 2021 
1 16392 2020 
1 15009 2017 
1 16120 2019 
1 15722 2018 
1 20293 2021 
1 15234 2017 
1 20377 2021 
1 15167 2017 
1 16137 2019 
1 15235 2017 
1 16490 2020 
1 15752 2018 
1 14967 2017 
1 16000 2019 
1 16334 2020 
1 20217 2021 
1 15652 2018 
1 20294 2021 
1 15591 2018 
1 16425 2020 
1 15019 2017 
1 15646 2018 
1 20333 2021 
1 16027 2019 
1 15647 2018 
1 16050 2019 
1 15561 2018 
1 20332 2021 
1 16328 2020 
1 15936 2019 
1 15717 2018 
1 15718 2018 
1 16422 2020 
1 15562 2018 
1 15618 2018 
1 15937 2019 
1 20209 2021 
1 15648 2018 
1 16329 2020 
1 15995 2019 
1 16102 2019 
1 15563 2018 
1 16051 2019 
1 15649 2018 
1 20371 2021 
1 15996 2019 
1 20206 2021 
1 15650 2018 
1 16327 2020 
1 16103 2019 
1 16437 2020 
1 15749 2018 
1 16119 2019 
1 15676 2018 
1 20286 2021 
1 15997 2019 
1 15651 2018 
1 15998 2019 
1 15677 2018 
1 20287 2021 
1 16052 2019 
1 15564 2018 
1 16028 2019 
1 15750 2018 
1 16438 2020 
1 20369 2021 
1 20207 2021 
1 16135 2019 
1 20288 2021 
1 15751 2018 
1 16029 2019 
1 16053 2019 
1 16461 2020 
1 15565 2018 
1 20208 2021 
1 16030 2019 
1 15721 2018 
1 15141 2017 
1 20376 2021 
1 16147 2019 
1 16136 2019 
1 16389 2020 
1 20368 2021 
1 20430 2021 
1 20205 2021 
1 16026 2019 
1 16439 2020 
1 15719 2018 
1 20370 2021 
1 15720 2018 
1 16391 2020 
1 16435 2020 
1 20275 2021 
1 20462 2021 
1 20463 2021 
1 20464 2021 
1 20467 2021 
1 20469 2021 
1 16411 2020 
1 20276 2021 
1 16460 2020 
1 20465 2021 
1 20417 2021 
1 16412 2020 
1 20421 2021 
1 16363 2020 
1 20277 2021 
1 20278 2021 
1 20422 2021 
1 20326 2021 
1 16415 2020 
1 20324 2021 
1 20365 2021 
1 20468 2021 
1 20279 2021 
1 20366 2021 
1 20280 2021 
1 16413 2020 
1 20364 2021 
1 16446 2020 
1 20420 2021 
1 16436 2020 
1 20367 2021 
1 16445 2020 
1 20281 2021 
1 16364 2020 
1 20419 2021 
1 16416 2020 
1 20282 2021 
1 20325 2021 
1 20466 2021 
1 20362 2021 
1 20283 2021 
1 20363 2021 
1 16390 2020 
1 20428 2021 
1 16421 2020 
1 15732 2018 
1 20429 2021 
1 16375 2020 
1 20297 2021 
1 20222 2021 
1 20298 2021 
1 20223 2021 
1 20224 2021 
1 20439 2021 
1 20225 2021 
1 20380 2021 
1 20381 2021 
1 20444 2021 
1 20226 2021 
1 20227 2021 
1 20228 2021 
1 20440 2021 
1 20382 2021 
1 20229 2021 
1 20441 2021 
1 20442 2021 
1 20383 2021 
1 20299 2021 
1 20230 2021 
1 20231 2021 
1 20232 2021 
1 20233 2021 
1 20384 2021 
1 20443 2021 
1 16376 2020 
1 16148 2019 
1 20300 2021 
1 16366 2020 
1 16367 2020 
