1 1 509 7
1 2 509 6
1 3 509 7
1 4 509 6
1 5 509 3
1 6 509 8
1 7 509 7
1 8 509 3
1 9 211 2
1 10 211 2
1 11 211 2
1 12 211 2
1 13 211 2
1 14 211 2
1 15 211 2
1 16 211 2
1 17 211 2
1 18 211 2
1 19 211 2
1 20 211 2
1 21 211 2
1 22 211 2
1 23 211 2
1 24 211 2
1 25 211 2
1 26 211 9
1 27 211 4
1 28 211 2
1 29 211 6
1 30 211 5
1 31 211 6
1 32 211 5
1 33 211 15
1 34 211 9
1 35 211 2
1 36 211 4
1 37 211 7
1 38 211 6
1 39 211 5
1 40 211 9
1 41 211 11
1 42 211 9
1 43 211 6
1 44 211 3
1 45 331 3
1 46 331 8
1 47 331 5
1 48 331 4
1 49 331 2
1 50 331 4
1 51 331 3
1 52 331 4
1 53 331 10
1 54 331 3
1 55 331 5
1 56 331 9
1 57 331 6
1 58 331 3
1 59 331 2
1 60 331 4
1 61 331 3
1 62 331 3
1 63 331 4
1 64 331 2
1 65 331 6
1 66 331 8
1 67 331 4
1 68 331 5
1 69 331 10
1 70 331 4
1 71 331 2
1 72 331 10
1 73 331 6
1 74 331 8
1 75 331 5
1 76 331 2
1 77 331 4
1 78 331 3
1 79 331 9
1 80 331 5
1 81 331 3
1 82 331 2
1 83 331 9
1 84 331 5
1 85 331 4
1 86 331 10
1 87 331 6
1 88 331 3
1 89 331 2
1 90 331 4
1 91 331 5
1 92 331 2
1 93 331 6
1 94 331 6
1 95 331 4
1 96 331 5
1 97 331 4
1 98 331 2
1 99 331 6
1 100 331 4
1 101 331 2
1 102 331 9
1 103 331 3
1 104 331 10
1 105 331 4
1 106 331 6
1 107 331 4
1 108 331 5
1 109 457 2
1 110 457 4
1 111 457 3
1 112 457 4
1 113 457 8
1 114 457 5
1 115 457 5
1 116 457 4
1 117 457 10
1 118 457 3
1 119 457 11
1 120 457 2
1 121 457 3
1 122 457 2
1 123 457 8
1 124 457 7
1 125 457 3
1 126 457 3
1 127 457 4
1 128 457 5
1 129 457 8
1 130 457 4
1 131 457 3
1 132 457 4
1 133 457 10
1 134 457 7
1 135 457 9
1 136 457 4
1 137 457 2
1 138 457 10
1 139 457 9
1 140 457 3
1 141 457 3
1 142 457 10
1 143 457 2
1 144 457 5
1 145 457 7
1 146 457 4
1 147 457 9
1 148 457 4
1 149 457 7
1 150 457 5
1 151 457 8
1 152 457 9
1 153 457 8
1 154 457 3
1 155 457 4
1 156 457 5
1 157 457 7
1 158 211 8
1 159 211 3
1 160 211 2
1 161 211 4
1 162 211 7
1 163 211 3
1 164 211 4
1 165 211 2
1 166 211 2
1 167 211 4
1 168 211 2
1 169 211 3
1 170 211 2
1 171 211 2
1 172 211 2
1 173 211 3
1 174 211 4
1 175 211 2
1 176 211 3
1 177 211 2
1 178 211 2
1 179 211 2
1 180 211 2
1 181 211 2
1 182 211 3
1 183 211 2
1 184 211 7
1 185 211 4
1 186 211 8
1 187 211 3
1 188 211 7
1 189 211 4
1 190 211 2
1 191 211 2
1 192 211 4
1 193 211 6
1 194 211 8
1 195 211 3
1 196 211 7
1 197 211 9
1 198 211 6
1 199 211 2
1 200 211 3
1 201 211 8
1 202 211 7
1 203 211 4
1 204 211 3
1 205 211 2
1 206 211 2
1 207 211 3
1 208 211 4
1 209 211 2
1 210 211 4
1 211 211 3
1 212 211 8
1 213 211 6
1 214 211 9
1 215 211 4
1 216 211 9
1 217 211 6
1 218 211 8
1 219 211 2
1 220 211 3
1 221 211 4
1 222 211 7
1 223 211 2
1 224 211 2
1 225 211 7
1 226 211 8
1 227 211 4
1 228 211 9
1 229 211 4
1 230 211 7
1 231 211 8
1 232 211 2
1 233 211 2
1 234 211 4
1 235 211 8
1 236 211 7
1 237 211 2
1 238 211 3
1 239 211 10
1 240 211 2
1 241 211 4
1 242 211 7
1 243 211 2
1 244 211 3
1 245 211 7
1 246 211 2
1 247 211 4
1 248 211 6
1 249 211 2
1 250 211 3
1 251 211 8
1 252 211 7
1 253 211 6
1 254 211 4
1 255 211 2
1 256 211 3
1 257 211 9
1 258 211 8
1 259 211 2
1 260 211 3
1 261 211 7
1 262 211 6
1 263 211 8
1 264 211 4
1 265 290 5
1 266 290 3
1 267 290 11
1 268 290 9
1 269 290 7
1 270 290 10
1 271 290 8
1 272 290 6
1 273 290 3
1 274 290 3
1 275 290 8
1 276 290 2
1 277 290 6
1 278 290 5
1 279 290 7
1 280 290 8
1 281 290 11
1 282 290 3
1 283 290 2
1 284 290 5
1 285 290 8
1 286 290 7
1 287 290 2
1 288 290 6
1 289 290 2
1 290 290 3
1 291 290 3
1 292 290 2
1 293 290 6
1 294 290 8
1 295 290 5
1 296 290 9
1 297 290 8
1 298 290 3
1 299 290 2
1 300 290 2
1 301 290 2
1 302 290 7
1 303 290 5
1 304 290 2
1 305 290 3
1 306 290 2
1 307 290 2
1 308 290 2
1 309 290 2
1 310 290 3
1 311 290 2
1 312 290 2
1 313 290 8
1 314 290 7
1 315 290 3
1 316 290 2
1 317 290 2
1 318 290 5
1 319 290 7
1 320 290 6
1 321 290 3
1 322 290 2
1 323 290 3
1 324 290 5
1 325 290 6
1 326 290 2
1 327 290 2
1 328 290 3
1 329 290 2
1 330 290 6
1 331 290 7
1 332 290 5
1 333 290 3
1 334 290 9
1 335 290 2
1 336 290 6
1 337 290 3
1 338 290 5
1 339 290 2
1 340 290 2
1 341 290 13
1 342 290 13
1 343 290 7
1 344 290 11
1 345 290 5
1 346 290 12
1 347 290 6
1 348 290 2
1 349 290 3
1 350 290 6
1 351 290 10
1 352 290 7
1 353 290 9
1 354 290 2
1 355 290 3
1 356 290 11
1 357 290 3
1 358 290 2
1 359 290 6
1 360 290 2
1 361 290 5
1 362 290 3
1 363 290 2
1 364 290 3
1 365 290 2
1 366 290 2
1 367 290 3
1 368 290 2
1 369 290 3
1 370 290 5
1 371 290 8
1 372 290 6
1 373 290 7
1 374 290 6
1 375 290 3
1 376 290 8
1 377 290 2
1 378 290 7
1 379 290 5
1 380 290 3
1 381 290 2
1 382 290 3
1 383 290 2
1 384 290 3
1 385 290 6
1 386 290 7
1 387 290 2
1 388 290 8
1 389 290 3
1 390 290 3
1 391 290 2
1 392 290 10
1 393 290 11
1 394 290 2
1 395 290 8
1 396 290 5
1 397 290 5
1 398 290 6
1 399 290 2
1 400 290 3
1 401 290 5
1 402 290 5
1 403 290 8
1 404 290 3
1 405 290 2
1 406 290 6
1 407 290 3
1 408 290 5
1 409 290 5
1 410 290 2
1 411 290 3
1 412 290 6
1 413 290 7
1 414 290 2
1 415 290 10
1 416 290 3
1 417 290 6
1 418 290 5
1 419 290 7
1 420 290 5
1 421 290 2
1 422 290 3
1 423 290 6
1 424 290 8
1 425 290 2
1 426 290 3
1 427 290 2
1 428 290 2
1 429 290 2
1 430 290 3
1 431 290 6
1 432 290 3
1 433 290 6
1 434 290 5
1 435 290 2
1 436 290 7
1 437 290 2
1 438 290 8
1 439 290 5
1 440 290 6
1 441 290 8
1 442 290 11
1 443 290 10
1 444 290 13
1 445 290 12
1 446 290 6
1 447 290 5
1 448 290 9
1 449 290 7
1 450 290 3
1 451 290 3
1 452 290 7
1 453 290 6
1 454 290 11
1 455 290 8
1 456 290 5
1 457 290 3
1 458 290 10
1 459 290 9
1 460 290 7
1 461 290 6
1 462 290 11
1 463 290 2
1 464 414 2
1 465 414 9
1 466 414 2
1 467 414 6
1 468 414 7
1 469 414 5
1 470 414 4
1 471 414 2
1 472 414 6
1 473 414 5
1 474 414 7
1 475 414 2
1 476 414 4
1 477 414 6
1 478 414 4
1 479 414 2
1 480 414 7
1 481 414 5
1 482 414 6
1 483 414 2
1 484 414 5
1 485 414 2
1 486 414 4
1 487 414 4
1 488 414 7
1 489 414 10
1 490 414 6
1 491 414 2
1 492 414 4
1 493 414 5
1 494 414 7
1 495 414 8
1 496 414 2
1 497 414 2
1 498 414 9
1 499 414 11
1 500 414 5
1 501 414 5
1 502 414 7
1 503 414 4
1 504 414 8
1 505 414 4
1 506 414 2
1 507 414 7
1 508 414 5
1 509 414 4
1 510 414 5
1 511 414 4
1 512 414 5
1 513 414 7
1 514 414 6
1 515 414 4
1 516 414 9
1 517 414 5
1 518 414 2
1 519 414 5
1 520 414 2
1 521 414 5
1 522 414 2
1 523 414 6
1 524 414 5
1 525 414 7
1 526 414 2
1 527 414 5
1 528 414 4
1 529 414 7
1 530 414 6
1 531 414 2
1 532 414 6
1 533 414 5
1 534 414 4
1 535 414 6
1 536 414 2
1 537 414 7
1 538 414 5
1 539 414 9
1 540 414 7
1 541 414 2
1 542 414 5
1 543 414 4
1 544 414 6
1 545 414 4
1 546 414 5
1 547 414 2
1 548 414 7
1 549 321 11
1 550 321 4
1 551 321 10
1 552 321 9
1 553 321 7
1 554 321 5
1 555 321 6
1 556 321 5
1 557 321 3
1 558 321 6
1 559 321 4
1 560 321 3
1 561 321 5
1 562 321 4
1 563 321 5
1 564 321 4
1 565 321 9
1 566 321 3
1 567 321 5
1 568 321 4
1 569 321 4
1 570 321 5
1 571 321 5
1 572 321 4
1 573 321 6
1 574 321 5
1 575 321 6
1 576 321 4
1 577 321 3
1 578 321 5
1 579 321 6
1 580 321 4
1 581 321 5
1 582 321 3
1 583 321 5
1 584 321 4
1 585 321 8
1 586 321 10
1 587 321 4
1 588 321 3
1 589 321 4
1 590 321 4
1 591 321 4
1 592 321 3
1 593 321 6
1 594 321 9
1 595 321 12
1 596 321 6
1 597 321 5
1 598 321 4
1 599 321 3
1 600 321 5
1 601 321 3
1 602 321 5
1 603 321 7
1 604 321 8
1 605 321 4
1 606 321 5
1 607 321 4
1 608 321 4
1 609 321 5
1 610 321 3
1 611 321 4
1 612 321 7
1 613 321 4
1 614 321 5
1 615 321 3
1 616 321 7
1 617 321 4
1 618 321 3
1 619 321 6
1 620 321 6
1 621 321 5
1 622 321 7
1 623 321 3
1 624 321 4
1 625 321 9
1 626 321 4
1 627 321 6
1 628 321 9
1 629 321 3
1 630 321 4
1 631 321 4
1 632 321 3
1 633 321 5
1 634 321 3
1 635 321 4
1 636 321 4
1 637 321 5
1 638 321 3
1 639 321 6
1 640 321 4
1 641 321 5
1 642 321 3
1 643 321 7
1 644 321 3
1 645 321 5
1 646 321 4
1 647 321 7
1 648 321 4
1 649 321 3
1 650 321 6
1 651 321 11
1 652 321 9
1 653 321 6
1 654 321 3
1 655 321 7
1 656 321 6
1 657 321 12
1 658 321 9
1 659 321 8
1 660 321 7
1 661 321 3
1 662 321 4
1 663 321 11
1 664 321 10
1 665 321 10
1 666 321 3
1 667 321 6
1 668 321 5
1 669 321 4
1 670 443 4
1 671 443 6
1 672 443 9
1 673 443 8
1 674 443 11
1 675 443 3
1 676 443 10
1 677 443 7
1 678 443 5
1 679 443 6
1 680 443 4
1 681 443 10
1 682 443 8
1 683 443 5
1 684 443 9
1 685 443 2
1 686 443 11
1 687 443 12
1 688 443 7
1 689 443 3
1 690 443 4
1 691 443 3
1 692 443 2
1 693 443 4
1 694 443 3
1 695 443 2
1 696 443 4
1 697 443 5
1 698 443 10
1 699 443 11
1 700 443 3
1 701 443 3
1 702 443 2
1 703 443 3
1 704 443 3
1 705 443 2
1 706 443 4
1 707 443 5
1 708 443 4
1 709 443 2
1 710 443 4
1 711 443 7
1 712 443 6
1 713 443 2
1 714 443 4
1 715 443 8
1 716 443 5
1 717 443 3
1 718 443 2
1 719 443 8
1 720 443 11
1 721 443 5
1 722 443 10
1 723 443 2
1 724 443 7
1 725 443 3
1 726 443 6
1 727 443 4
1 728 443 2
1 729 443 6
1 730 443 4
1 731 443 2
1 732 443 3
1 733 443 4
1 734 443 3
1 735 443 2
1 736 443 3
1 737 443 2
1 738 443 6
1 739 443 3
1 740 443 4
1 741 443 2
1 742 443 5
1 743 443 4
1 744 443 5
1 745 443 2
1 746 443 3
1 747 443 4
1 748 443 10
1 749 443 4
1 750 443 5
1 751 443 2
1 752 443 8
1 753 443 3
1 754 443 11
1 755 443 6
1 756 443 5
1 757 443 8
1 758 443 3
1 759 443 2
1 760 443 2
1 761 443 9
1 762 443 4
1 763 443 5
1 764 443 10
1 765 443 13
1 766 443 11
1 767 443 8
1 768 443 6
1 769 443 3
1 770 443 7
1 771 443 12
1 772 443 5
1 773 443 3
1 774 443 4
1 775 443 6
1 776 443 2
1 777 443 5
1 778 443 4
1 779 443 5
1 780 443 2
1 781 443 2
1 782 443 3
1 783 443 3
1 784 443 7
1 785 443 6
1 786 443 4
1 787 443 2
1 788 443 4
1 789 443 5
1 790 443 4
1 791 443 2
1 792 443 3
1 793 443 5
1 794 443 2
1 795 443 4
1 796 443 2
1 797 443 8
1 798 443 6
1 799 443 2
1 800 443 11
1 801 443 8
1 802 443 5
1 803 443 4
1 804 443 10
1 805 443 3
1 806 443 9
1 807 443 6
1 808 443 5
1 809 443 8
1 810 443 3
1 811 443 2
1 812 443 4
1 813 443 3
1 814 443 7
1 815 443 6
1 816 443 5
1 817 443 3
1 818 443 4
1 819 443 2
1 820 443 5
1 821 443 8
1 822 443 3
1 823 443 4
1 824 443 3
1 825 443 8
1 826 443 5
1 827 443 4
1 828 443 7
1 829 443 6
1 830 443 2
1 831 443 3
1 832 443 4
1 833 443 5
1 834 443 2
1 835 435 5
1 836 435 8
1 837 435 2
1 838 435 9
1 839 435 3
1 840 435 3
1 841 435 7
1 842 435 2
1 843 435 4
1 844 435 5
1 845 435 10
1 846 435 4
1 847 435 3
1 848 435 4
1 849 435 2
1 850 435 5
1 851 435 3
1 852 435 4
1 853 435 9
1 854 435 3
1 855 435 8
1 856 435 2
1 857 435 2
1 858 435 3
1 859 435 2
1 860 435 5
1 861 435 4
1 862 435 2
1 863 435 4
1 864 435 7
1 865 435 3
1 866 435 2
1 867 435 3
1 868 435 5
1 869 435 4
1 870 435 6
1 871 435 5
1 872 435 3
1 873 357 7
1 874 357 6
1 875 357 4
1 876 357 2
1 877 357 2
1 878 357 4
1 879 357 8
1 880 357 9
1 881 357 7
1 882 357 6
1 883 357 4
1 884 357 5
1 885 357 8
1 886 357 2
1 887 357 8
1 888 357 4
1 889 357 5
1 890 357 2
1 891 357 6
1 892 357 3
1 893 357 9
1 894 357 7
1 895 357 5
1 896 357 4
1 897 357 7
1 898 357 3
1 899 357 2
1 900 357 2
1 901 357 4
1 902 357 2
1 903 357 6
1 904 357 3
1 905 357 2
1 906 357 4
1 907 357 2
1 908 357 3
1 909 357 4
1 910 357 9
1 911 357 7
1 912 357 4
1 913 357 3
1 914 357 2
1 915 357 5
1 916 357 6
1 917 357 4
1 918 357 7
1 919 357 4
1 920 357 10
1 921 357 3
1 922 357 9
1 923 357 2
1 924 357 8
1 925 357 6
1 926 357 5
1 927 357 3
1 928 357 2
1 929 357 3
1 930 357 2
1 931 357 5
1 932 357 2
1 933 357 13
1 934 357 6
1 935 357 11
1 936 357 3
1 937 357 12
1 938 357 7
1 939 357 4
1 940 357 8
1 941 357 10
1 942 357 9
1 943 357 8
1 944 357 7
1 945 357 12
1 946 357 4
1 947 357 2
1 948 357 5
1 949 357 6
1 950 357 3
1 951 357 2
1 952 357 2
1 953 357 9
1 954 357 6
1 955 357 4
1 956 357 7
1 957 357 2
1 958 357 10
1 959 357 4
1 960 357 7
1 961 357 9
1 962 357 8
1 963 357 11
1 964 357 6
1 965 357 2
1 966 357 3
1 967 357 5
1 968 357 3
1 969 357 2
1 970 357 2
1 971 357 3
1 972 357 6
1 973 357 4
1 974 357 7
1 975 357 9
1 976 357 3
1 977 357 6
1 978 357 7
1 979 357 8
1 980 357 2
1 981 357 3
1 982 357 2
1 983 357 2
1 984 357 5
1 985 357 6
1 986 357 2
1 987 357 8
1 988 357 7
1 989 357 4
1 990 357 9
1 991 357 10
1 992 357 8
1 993 357 9
1 994 357 12
1 995 357 4
1 996 357 5
1 997 357 6
1 998 357 2
1 999 357 7
1 1000 357 3
1 1001 357 11
1 1002 357 6
1 1003 357 4
1 1004 357 6
1 1005 357 7
1 1006 357 3
1 1007 357 2
1 1008 357 3
1 1009 357 7
1 1010 357 4
1 1011 357 2
1 1012 357 5
1 1013 357 6
1 1014 357 6
1 1015 357 5
1 1016 357 7
1 1017 357 4
1 1018 357 3
1 1019 357 9
1 1020 357 2
1 1021 357 8
1 1022 357 2
1 1023 357 3
1 1024 357 7
1 1025 357 9
1 1026 357 3
1 1027 357 4
1 1028 357 5
1 1029 357 8
1 1030 357 3
1 1031 357 9
1 1032 357 7
1 1033 357 4
1 1034 357 6
1 1035 357 5
1 1036 357 2
1 1037 357 5
1 1038 357 2
1 1039 357 5
1 1040 357 4
1 1041 357 3
1 1042 357 2
1 1043 357 2
1 1044 357 5
1 1045 357 9
1 1046 357 8
1 1047 357 5
1 1048 357 7
1 1049 357 3
1 1050 357 4
1 1051 357 2
1 1052 357 6
1 1053 357 6
1 1054 357 5
1 1055 357 9
1 1056 357 3
1 1057 357 2
1 1058 357 8
1 1059 357 4
1 1060 357 2
1 1061 357 5
1 1062 357 4
1 1063 357 3
1 1064 357 2
1 1065 357 2
1 1066 357 4
1 1067 357 6
1 1068 357 5
1 1069 357 4
1 1070 357 2
1 1071 357 5
1 1072 357 2
1 1073 357 5
1 1074 357 8
1 1075 357 3
1 1076 357 10
1 1077 357 6
1 1078 357 7
1 1079 357 3
1 1080 357 2
1 1081 357 9
1 1082 357 5
1 1083 357 11
1 1084 357 4
1 1085 357 5
1 1086 357 6
1 1087 357 4
1 1088 575 5
1 1089 575 2
1 1090 575 3
1 1091 575 10
1 1092 575 7
1 1093 575 8
1 1094 575 12
1 1095 575 9
1 1096 575 3
1 1097 575 2
1 1098 575 7
1 1099 575 6
1 1100 575 11
1 1101 575 6
1 1102 575 8
1 1103 575 3
1 1104 575 4
1 1105 575 4
1 1106 575 3
1 1107 575 5
1 1108 575 6
1 1109 575 8
1 1110 575 3
1 1111 575 4
1 1112 575 4
1 1113 575 3
1 1114 575 4
1 1115 575 2
1 1116 575 3
1 1117 575 4
1 1118 575 5
1 1119 575 3
1 1120 575 2
1 1121 575 2
1 1122 575 3
1 1123 575 5
1 1124 575 5
1 1125 575 4
1 1126 575 7
1 1127 575 2
1 1128 575 6
1 1129 575 7
1 1130 575 2
1 1131 575 9
1 1132 575 5
1 1133 575 8
1 1134 575 3
1 1135 575 10
1 1136 575 4
1 1137 575 2
1 1138 575 10
1 1139 575 7
1 1140 575 2
1 1141 575 3
1 1142 575 8
1 1143 575 10
1 1144 575 3
1 1145 575 6
1 1146 575 2
1 1147 575 9
1 1148 575 8
1 1149 575 7
1 1150 575 6
1 1151 575 5
1 1152 575 2
1 1153 575 3
1 1154 575 3
1 1155 575 7
1 1156 575 2
1 1157 575 6
1 1158 575 8
1 1159 575 7
1 1160 575 10
1 1161 575 11
1 1162 575 8
1 1163 575 4
1 1164 575 12
1 1165 575 9
1 1166 575 3
1 1167 575 5
1 1168 575 6
1 1169 575 2
1 1170 575 2
1 1171 575 10
1 1172 575 3
1 1173 575 7
1 1174 575 5
1 1175 575 9
1 1176 575 8
1 1177 575 6
1 1178 575 11
1 1179 575 11
1 1180 575 9
1 1181 575 3
1 1182 575 2
1 1183 575 2
1 1184 575 2
1 1185 575 8
1 1186 575 4
1 1187 575 6
1 1188 575 3
1 1189 575 7
1 1190 575 2
1 1191 575 4
1 1192 575 2
1 1193 575 6
1 1194 575 2
1 1195 575 5
1 1196 575 2
1 1197 575 3
1 1198 575 5
1 1199 575 9
1 1200 575 6
1 1201 575 4
1 1202 575 2
1 1203 542 4
1 1204 542 6
1 1205 542 7
1 1206 542 2
1 1207 542 7
1 1208 542 3
1 1209 542 2
1 1210 542 8
1 1211 542 4
1 1212 542 2
1 1213 542 7
1 1214 542 7
1 1215 542 4
1 1216 542 3
1 1217 542 2
1 1218 542 10
1 1219 542 11
1 1220 542 7
1 1221 542 2
1 1222 542 10
1 1223 542 5
1 1224 542 5
1 1225 542 4
1 1226 542 5
1 1227 542 6
1 1228 542 4
1 1229 542 2
1 1230 542 3
1 1231 542 2
1 1232 542 4
1 1233 542 6
1 1234 542 5
1 1235 542 2
1 1236 542 4
1 1237 542 3
1 1238 542 8
1 1239 542 5
1 1240 542 5
1 1241 542 4
1 1242 542 2
1 1243 542 6
1 1244 542 8
1 1245 542 5
1 1246 542 7
1 1247 542 3
1 1248 542 6
1 1249 542 3
1 1250 542 2
1 1251 542 3
1 1252 542 7
1 1253 542 5
1 1254 542 5
1 1255 542 6
1 1256 542 4
1 1257 542 2
1 1258 542 3
1 1259 542 6
1 1260 542 7
1 1261 542 8
1 1262 542 10
1 1263 591 5
1 1264 591 5
1 1265 591 5
1 1266 591 2
1 1267 591 3
1 1268 591 3
1 1269 591 2
1 1270 591 6
1 1271 591 5
1 1272 591 8
1 1273 591 11
1 1274 591 12
1 1275 591 4
1 1276 591 6
1 1277 591 8
1 1278 591 2
1 1279 591 7
1 1280 591 4
1 1281 591 6
1 1282 591 5
1 1283 591 3
1 1284 591 5
1 1285 591 4
1 1286 542 7
1 1287 542 5
1 1288 542 5
1 1289 591 2
1 1290 575 4
1 1291 575 6
1 1292 325 2
1 1293 325 3
1 1294 325 6
1 1295 325 5
1 1296 325 3
1 1297 325 4
1 1298 325 2
1 1299 325 2
1 1300 325 2
1 1301 325 4
1 1302 325 2
1 1303 325 5
1 1304 325 2
1 1305 325 6
1 1306 325 2
1 1307 325 2
1 1308 325 5
1 1309 325 3
1 1310 325 4
1 1311 325 2
1 1312 325 3
1 1313 325 4
1 1314 325 2
1 1315 325 2
1 1316 325 2
1 1317 325 4
1 1318 325 2
1 1319 325 3
1 1320 325 5
1 1321 325 3
1 1322 325 4
1 1323 325 5
1 1324 325 2
1 1325 325 2
1 1326 325 10
1 1327 325 9
1 1328 325 4
1 1329 325 7
1 1330 325 3
1 1331 325 10
1 1332 325 4
1 1333 325 9
1 1334 325 13
1 1335 325 5
1 1336 325 11
1 1337 325 8
1 1338 325 6
1 1339 325 2
1 1340 325 12
1 1341 325 15
1 1342 325 4
1 1343 325 2
1 1344 325 2
1 1345 325 2
1 1346 325 2
1 1347 325 5
1 1348 325 4
1 1349 325 2
1 1350 325 2
1 1351 325 2
1 1352 325 2
1 1353 325 5
1 1354 325 3
1 1355 325 2
1 1356 325 4
1 1357 325 6
1 1358 325 2
1 1359 325 2
1 1360 325 7
1 1361 325 3
1 1362 325 6
1 1363 325 3
1 1364 325 4
1 1365 325 2
1 1366 325 2
1 1367 325 2
1 1368 325 2
1 1369 325 2
1 1370 325 3
1 1371 325 5
1 1372 325 2
1 1373 325 10
1 1374 325 2
1 1375 325 2
1 1376 325 8
1 1377 325 5
1 1378 325 3
1 1379 325 2
1 1380 325 2
1 1381 325 4
1 1382 325 2
1 1383 325 2
1 1384 325 2
1 1385 325 3
1 1386 325 2
1 1387 325 4
1 1388 325 3
1 1389 325 10
1 1390 325 6
1 1391 325 5
1 1392 325 9
1 1393 325 2
1 1394 325 4
1 1395 325 8
1 1396 325 3
1 1397 325 4
1 1398 325 2
1 1399 325 2
1 1400 325 2
1 1401 325 2
1 1402 325 2
1 1403 325 3
1 1404 325 3
1 1405 325 10
1 1406 325 9
1 1407 325 2
1 1408 325 4
1 1409 325 3
1 1410 325 5
1 1411 325 6
1 1412 325 8
1 1413 325 9
1 1414 325 10
1 1415 325 2
1 1416 325 3
1 1417 325 2
1 1418 325 5
1 1419 575 5
1 1420 575 3
1 1421 325 2
1 1422 461 3
1 1423 461 8
1 1424 461 9
1 1425 461 7
1 1426 461 4
1 1427 461 3
1 1428 461 2
1 1429 461 4
1 1430 461 3
1 1431 461 2
1 1432 461 5
1 1433 461 2
1 1434 461 3
1 1435 461 4
1 1436 461 2
1 1437 461 4
1 1438 461 3
1 1439 461 7
1 1440 461 2
1 1441 461 8
1 1442 461 6
1 1443 461 9
1 1444 461 8
1 1445 461 7
1 1446 461 11
1 1447 461 3
1 1448 461 2
1 1449 461 4
1 1450 461 3
1 1451 461 2
1 1452 461 3
1 1453 461 5
1 1454 461 6
1 1455 461 2
1 1456 461 4
1 1457 461 5
1 1458 461 6
1 1459 461 4
1 1460 461 10
1 1461 461 9
1 1462 461 3
1 1463 461 7
1 1464 461 8
1 1465 461 2
1 1466 461 2
1 1467 461 3
1 1468 461 7
1 1469 461 4
1 1470 461 3
1 1471 461 9
1 1472 461 8
1 1473 461 2
1 1474 461 7
1 1475 461 2
1 1476 461 6
1 1477 461 5
1 1478 461 3
1 1479 461 4
1 1480 461 7
1 1481 461 10
1 1482 461 9
1 1483 461 2
1 1484 461 8
1 1485 461 4
1 1486 461 2
1 1487 461 8
1 1488 461 9
1 1489 461 10
1 1490 461 7
1 1491 461 6
1 1492 461 3
1 1493 461 3
1 1494 461 4
1 1495 461 7
1 1496 461 8
1 1497 461 3
1 1498 461 9
1 1499 461 10
1 1500 461 5
1 1501 461 6
1 1502 461 2
1 1503 461 4
1 1504 461 6
1 1505 461 8
1 1506 461 3
1 1507 461 5
1 1508 461 3
1 1509 461 2
1 1510 461 3
1 1511 461 2
1 1512 461 5
1 1513 461 9
1 1514 461 6
1 1515 461 8
1 1516 461 3
1 1517 461 2
1 1518 461 10
1 1519 461 7
1 1520 461 4
1 1521 461 5
1 1522 461 7
1 1523 461 3
1 1524 461 9
1 1525 461 2
1 1526 461 6
1 1527 461 3
1 1528 461 4
1 1529 461 5
1 1530 461 5
1 1531 461 4
1 1532 461 3
1 1533 461 2
1 1534 461 7
1 1535 461 6
1 1536 461 8
1 1537 461 10
1 1538 461 11
1 1539 461 2
1 1540 461 7
1 1541 461 13
1 1542 461 3
1 1543 461 5
1 1544 461 4
1 1545 461 6
1 1546 461 12
1 1547 461 9
1 1548 461 4
1 1549 461 2
1 1550 461 3
1 1551 461 4
1 1552 461 5
1 1553 461 2
1 1554 461 3
1 1555 461 4
1 1556 461 3
1 1557 461 7
1 1558 461 8
1 1559 461 5
1 1560 461 2
1 1561 461 6
1 1562 461 7
1 1563 461 2
1 1564 461 2
1 1565 461 7
1 1566 461 4
1 1567 461 2
1 1568 461 9
1 1569 461 7
1 1570 461 3
1 1571 461 2
1 1572 461 2
1 1573 461 4
1 1574 461 3
1 1575 325 2
1 1576 461 4
1 1577 461 2
1 1578 461 3
1 1579 651 6
1 1580 651 9
1 1581 651 5
1 1582 651 3
1 1583 651 7
1 1584 651 4
1 1585 651 2
1 1586 651 8
1 1587 651 7
1 1588 651 4
1 1589 651 5
1 1590 651 7
1 1591 651 10
1 1592 651 8
1 1593 651 9
1 1594 651 6
1 1595 651 4
1 1596 651 3
1 1597 651 3
1 1598 651 2
1 1599 651 3
1 1600 651 7
1 1601 651 11
1 1602 651 2
1 1603 651 8
1 1604 651 6
1 1605 651 12
1 1606 651 13
1 1607 651 14
1 1608 651 9
1 1609 651 5
1 1610 651 4
1 1611 461 4
1 1612 461 2
1 1613 461 4
1 1614 461 3
1 1615 335 2
1 1616 335 3
1 1617 335 2
1 1618 335 3
1 1619 335 4
1 1620 335 6
1 1621 335 2
1 1622 335 2
1 1623 335 6
1 1624 335 7
1 1625 335 8
1 1626 335 2
1 1627 335 5
1 1628 335 2
1 1629 335 2
1 1630 335 5
1 1631 335 2
1 1632 335 2
1 1633 335 4
1 1634 335 7
1 1635 335 5
1 1636 335 2
1 1637 335 3
1 1638 335 6
1 1639 335 4
1 1640 335 4
1 1641 335 3
1 1642 335 5
1 1643 335 2
1 1644 335 6
1 1645 335 2
1 1646 335 3
1 1647 335 6
1 1648 335 4
1 1649 335 5
1 1650 335 5
1 1651 335 9
1 1652 335 2
1 1653 335 6
1 1654 335 2
1 1655 335 2
1 1656 335 3
1 1657 335 4
1 1658 335 5
1 1659 335 6
1 1660 335 2
1 1661 335 2
1 1662 335 3
1 1663 335 5
1 1664 335 7
1 1665 335 2
1 1666 335 8
1 1667 335 6
1 1668 335 9
1 1669 335 2
1 1670 335 4
1 1671 335 7
1 1672 335 5
1 1673 335 3
1 1674 335 2
1 1675 335 7
1 1676 335 2
1 1677 335 5
1 1678 335 2
1 1679 335 2
1 1680 335 6
1 1681 335 7
1 1682 335 2
1 1683 335 2
1 1684 335 6
1 1685 335 4
1 1686 335 8
1 1687 335 5
1 1688 335 6
1 1689 335 2
1 1690 335 5
1 1691 335 6
1 1692 335 5
1 1693 335 9
1 1694 335 8
1 1695 335 2
1 1696 335 2
1 1697 335 2
1 1698 335 7
1 1699 335 5
1 1700 335 7
1 1701 335 2
1 1702 335 7
1 1703 335 9
1 1704 335 2
1 1705 335 8
1 1706 335 4
1 1707 335 3
1 1708 335 5
1 1709 335 7
1 1710 335 6
1 1711 335 9
1 1712 335 2
1 1713 335 3
1 1714 335 2
1 1715 335 4
1 1716 335 5
1 1717 335 6
1 1718 335 2
1 1719 335 7
1 1720 335 2
1 1721 335 5
1 1722 335 4
1 1723 335 6
1 1724 335 8
1 1725 335 5
1 1726 335 6
1 1727 335 2
1 1728 335 2
1 1729 335 5
1 1730 335 6
1 1731 335 7
1 1732 335 4
1 1733 335 8
1 1734 335 3
1 1735 335 6
1 1736 335 2
1 1737 335 5
1 1738 335 4
1 1739 335 2
1 1740 335 2
1 1741 335 2
1 1742 335 2
1 1743 335 3
1 1744 335 2
1 1745 335 5
1 1746 335 7
1 1747 335 4
1 1748 335 2
1 1749 335 2
1 1750 335 3
1 1751 335 2
1 1752 335 4
1 1753 335 5
1 1754 335 5
1 1755 335 7
1 1756 335 8
1 1757 335 2
1 1758 335 2
1 1759 335 8
1 1760 335 3
1 1761 335 6
1 1762 335 5
1 1763 461 2
1 1764 461 7
1 1765 461 8
1 1766 461 6
1 1767 461 3
1 1768 651 9
1 1769 651 2
1 1770 651 3
1 1771 651 5
1 1772 651 4
1 1773 651 2
1 1774 651 6
1 1775 335 2
1 1776 335 2
1 1777 494 4
1 1778 494 8
1 1779 494 7
1 1780 494 2
1 1781 494 3
1 1782 494 4
1 1783 494 5
1 1784 494 6
1 1785 494 3
1 1786 494 8
1 1787 494 4
1 1788 494 7
1 1789 494 6
1 1790 494 5
1 1791 494 3
1 1792 494 5
1 1793 494 6
1 1794 494 2
1 1795 494 6
1 1796 494 8
1 1797 494 4
1 1798 494 12
1 1799 494 4
1 1800 494 3
1 1801 494 5
1 1802 494 6
1 1803 494 3
1 1804 494 6
1 1805 494 4
1 1806 494 2
1 1807 494 3
1 1808 494 6
1 1809 494 9
1 1810 494 5
1 1811 494 4
1 1812 494 7
1 1813 494 10
1 1814 494 7
1 1815 494 2
1 1816 494 8
1 1817 494 4
1 1818 494 4
1 1819 494 8
1 1820 494 5
1 1821 494 3
1 1822 494 6
1 1823 494 2
1 1824 494 7
1 1825 494 6
1 1826 494 2
1 1827 494 4
1 1828 494 2
1 1829 494 4
1 1830 494 2
1 1831 494 4
1 1832 494 3
1 1833 494 4
1 1834 494 4
1 1835 494 4
1 1836 494 2
1 1837 494 7
1 1838 494 3
1 1839 494 6
1 1840 494 5
1 1841 494 3
1 1842 494 8
1 1843 494 5
1 1844 494 4
1 1845 494 6
1 1846 494 3
1 1847 494 3
1 1848 494 6
1 1849 494 2
1 1850 494 6
1 1851 494 6
1 1852 494 5
1 1853 494 7
1 1854 494 12
1 1855 494 8
1 1856 494 3
1 1857 494 4
1 1858 494 5
1 1859 494 7
1 1860 494 8
1 1861 494 5
1 1862 494 12
1 1863 494 4
1 1864 494 11
1 1865 494 13
1 1866 494 3
1 1867 494 14
1 1868 494 6
1 1869 494 2
1 1870 494 9
1 1871 494 10
1 1872 494 8
1 1873 494 3
1 1874 494 2
1 1875 494 9
1 1876 494 5
1 1877 494 11
1 1878 494 8
1 1879 494 4
1 1880 494 6
1 1881 494 7
1 1882 494 8
1 1883 494 7
1 1884 494 6
1 1885 494 5
1 1886 494 12
1 1887 494 13
1 1888 494 2
1 1889 494 12
1 1890 494 14
1 1891 494 4
1 1892 494 11
1 1893 494 7
1 1894 494 5
1 1895 494 11
1 1896 494 15
1 1897 494 13
1 1898 494 8
1 1899 494 6
1 1900 494 3
1 1901 494 2
1 1902 494 9
1 1903 494 10
1 1904 494 4
1 1905 494 8
1 1906 494 7
1 1907 494 5
1 1908 494 7
1 1909 494 5
1 1910 494 4
1 1911 494 2
1 1912 494 6
1 1913 494 4
1 1914 494 5
1 1915 494 8
1 1916 494 7
1 1917 494 3
1 1918 494 3
1 1919 494 4
1 1920 494 5
1 1921 494 3
1 1922 494 3
1 1923 494 6
1 1924 494 3
1 1925 494 10
1 1926 494 9
1 1927 494 8
1 1928 494 12
1 1929 494 7
1 1930 494 2
1 1931 494 4
1 1932 494 5
1 1933 494 11
1 1934 494 2
1 1935 494 7
1 1936 494 4
1 1937 494 6
1 1938 494 3
1 1939 494 8
1 1940 494 5
1 1941 494 2
1 1942 494 7
1 1943 494 4
1 1944 494 9
1 1945 494 10
1 1946 494 4
1 1947 494 8
1 1948 494 2
1 1949 494 9
1 1950 494 6
1 1951 494 10
1 1952 494 3
1 1953 494 5
1 1954 494 7
1 1955 494 8
1 1956 494 4
1 1957 494 5
1 1958 494 7
1 1959 494 6
1 1960 494 6
1 1961 494 5
1 1962 494 8
1 1963 494 2
1 1964 494 3
1 1965 494 7
1 1966 494 4
1 1967 494 4
1 1968 494 5
1 1969 494 3
1 1970 494 7
1 1971 494 6
1 1972 494 2
1 1973 494 2
1 1974 494 5
1 1975 494 6
1 1976 494 4
1 1977 494 4
1 1978 494 7
1 1979 494 3
1 1980 494 5
1 1981 494 7
1 1982 494 9
1 1983 494 4
1 1984 494 11
1 1985 494 4
1 1986 494 2
1 1987 494 3
1 1988 494 2
1 1989 494 5
1 1990 494 4
1 1991 494 6
1 1992 494 4
1 1993 494 3
1 1994 494 6
1 1995 494 2
1 1996 494 7
1 1997 494 5
1 1998 494 6
1 1999 494 4
1 2000 494 4
1 2001 494 8
1 2002 494 10
1 2003 494 5
1 2004 494 2
1 2005 494 7
1 2006 494 11
1 2007 494 2
1 2008 494 3
1 2009 494 6
1 2010 494 5
1 2011 494 4
1 2012 494 3
1 2013 494 5
1 2014 494 2
1 2015 494 6
1 2016 494 4
1 2017 494 3
1 2018 494 4
1 2019 494 7
1 2020 494 6
1 2021 494 5
1 2022 494 4
1 2023 494 6
1 2024 494 6
1 2025 494 5
1 2026 494 2
1 2027 494 4
1 2028 494 7
1 2029 494 4
1 2030 494 5
1 2031 494 6
1 2032 494 7
1 2033 494 6
1 2034 494 7
1 2035 494 4
1 2036 494 7
1 2037 494 9
1 2038 494 8
1 2039 494 2
1 2040 494 5
1 2041 494 2
1 2042 671 2
1 2043 671 5
1 2044 671 3
1 2045 671 6
1 2046 671 4
1 2047 671 8
1 2048 671 2
1 2049 671 4
1 2050 671 7
1 2051 671 6
1 2052 671 5
1 2053 671 3
1 2054 671 3
1 2055 671 4
1 2056 671 5
1 2057 671 3
1 2058 671 6
1 2059 671 2
1 2060 671 7
1 2061 671 6
1 2062 671 3
1 2063 671 6
1 2064 405 2
1 2065 405 2
1 2066 405 3
1 2067 405 6
1 2068 405 2
1 2069 405 2
1 2070 405 5
1 2071 405 2
1 2072 405 5
1 2073 405 5
1 2074 405 2
1 2075 405 4
1 2076 405 6
1 2077 405 4
1 2078 405 5
1 2079 405 2
1 2080 405 3
1 2081 405 3
1 2082 405 2
1 2083 405 4
1 2084 405 6
1 2085 405 3
1 2086 405 2
1 2087 405 5
1 2088 405 3
1 2089 405 4
1 2090 405 2
1 2091 405 8
1 2092 405 3
1 2093 405 4
1 2094 405 5
1 2095 405 2
1 2096 405 7
1 2097 405 2
1 2098 405 3
1 2099 405 4
1 2100 405 2
1 2101 405 3
1 2102 405 2
1 2103 405 3
1 2104 405 4
1 2105 405 5
1 2106 405 6
1 2107 405 5
1 2108 405 2
1 2109 405 6
1 2110 405 7
1 2111 405 2
1 2112 405 5
1 2113 405 4
1 2114 405 3
1 2115 405 6
1 2116 405 7
1 2117 405 3
1 2118 405 2
1 2119 405 5
1 2120 405 6
1 2121 405 2
1 2122 405 10
1 2123 405 6
1 2124 405 2
1 2125 405 4
1 2126 405 9
1 2127 405 5
1 2128 405 11
1 2129 405 2
1 2130 405 5
1 2131 405 7
1 2132 405 5
1 2133 405 4
1 2134 405 2
1 2135 405 2
1 2136 405 4
1 2137 405 2
1 2138 405 6
1 2139 405 3
1 2140 405 5
1 2141 405 4
1 2142 405 3
1 2143 405 6
1 2144 405 2
1 2145 405 2
1 2146 405 2
1 2147 405 5
1 2148 405 8
1 2149 405 7
1 2150 405 3
1 2151 405 4
1 2152 671 6
1 2153 671 4
1 2154 671 3
1 2155 671 5
1 2156 467 4
1 2157 467 5
1 2158 467 2
1 2159 467 4
1 2160 467 3
1 2161 467 7
1 2162 467 3
1 2163 467 2
1 2164 467 4
1 2165 467 3
1 2166 467 3
1 2167 467 2
1 2168 467 2
1 2169 467 3
1 2170 467 4
1 2171 467 6
1 2172 467 7
1 2173 467 5
1 2174 467 11
1 2175 467 2
1 2176 467 8
1 2177 467 10
1 2178 467 9
1 2179 467 3
1 2180 467 2
1 2181 467 4
1 2182 467 3
1 2183 467 2
1 2184 467 2
1 2185 467 8
1 2186 467 2
1 2187 467 4
1 2188 467 6
1 2189 467 8
1 2190 467 3
1 2191 467 7
1 2192 467 9
1 2193 467 7
1 2194 467 6
1 2195 467 8
1 2196 467 2
1 2197 467 4
1 2198 467 5
1 2199 467 6
1 2200 467 4
1 2201 467 2
1 2202 467 3
1 2203 467 2
1 2204 467 4
1 2205 467 4
1 2206 467 6
1 2207 467 3
1 2208 467 2
1 2209 467 5
1 2210 467 3
1 2211 467 4
1 2212 467 2
1 2213 467 5
1 2214 467 2
1 2215 467 3
1 2216 467 4
1 2217 467 5
1 2218 467 2
1 2219 467 3
1 2220 467 5
1 2221 467 2
1 2222 467 3
1 2223 467 3
1 2224 467 2
1 2225 467 4
1 2226 467 3
1 2227 467 5
1 2228 467 7
1 2229 467 2
1 2230 467 8
1 2231 467 5
1 2232 467 3
1 2233 467 4
1 2234 467 6
1 2235 467 5
1 2236 467 3
1 2237 467 2
1 2238 467 4
1 2239 405 2
1 2240 467 2
1 2241 467 3
1 2242 447 3
1 2243 447 6
1 2244 447 2
1 2245 447 4
1 2246 447 2
1 2247 447 7
1 2248 447 6
1 2249 447 3
1 2250 447 2
1 2251 447 4
1 2252 447 5
1 2253 447 2
1 2254 447 3
1 2255 447 7
1 2256 447 4
1 2257 447 2
1 2258 447 4
1 2259 447 2
1 2260 447 4
1 2261 447 4
1 2262 447 3
1 2263 447 2
1 2264 447 6
1 2265 447 5
1 2266 447 2
1 2267 447 4
1 2268 447 3
1 2269 447 2
1 2270 447 4
1 2271 447 3
1 2272 447 5
1 2273 447 7
1 2274 447 3
1 2275 447 6
1 2276 447 4
1 2277 447 2
1 2278 447 3
1 2279 447 4
1 2280 447 2
1 2281 447 6
1 2282 447 4
1 2283 447 2
1 2284 447 5
1 2285 447 3
1 2286 447 5
1 2287 447 2
1 2288 447 4
1 2289 447 7
1 2290 447 6
1 2291 447 3
1 2292 447 7
1 2293 447 8
1 2294 447 6
1 2295 447 2
1 2296 447 3
1 2297 447 5
1 2298 447 4
1 2299 447 3
1 2300 447 4
1 2301 447 6
1 2302 447 5
1 2303 447 8
1 2304 447 3
1 2305 447 4
1 2306 447 2
1 2307 447 2
1 2308 447 3
1 2309 447 3
1 2310 447 8
1 2311 447 4
1 2312 447 5
1 2313 447 11
1 2314 447 10
1 2315 447 12
1 2316 447 6
1 2317 447 9
1 2318 447 2
1 2319 447 3
1 2320 447 2
1 2321 447 4
1 2322 447 3
1 2323 447 8
1 2324 447 7
1 2325 447 4
1 2326 447 3
1 2327 447 12
1 2328 447 8
1 2329 447 2
1 2330 447 3
1 2331 447 3
1 2332 447 2
1 2333 447 4
1 2334 447 5
1 2335 447 3
1 2336 447 8
1 2337 447 6
1 2338 447 3
1 2339 447 2
1 2340 447 5
1 2341 447 7
1 2342 447 4
1 2343 447 8
1 2344 447 7
1 2345 447 10
1 2346 447 9
1 2347 447 2
1 2348 447 5
1 2349 447 4
1 2350 447 3
1 2351 447 2
1 2352 447 7
1 2353 447 5
1 2354 447 3
1 2355 447 4
1 2356 447 6
1 2357 447 8
1 2358 447 7
1 2359 447 8
1 2360 447 3
1 2361 447 4
1 2362 447 11
1 2363 447 7
1 2364 447 8
1 2365 447 2
1 2366 447 2
1 2367 447 7
1 2368 447 5
1 2369 447 3
1 2370 447 10
1 2371 447 4
1 2372 447 3
1 2373 447 6
1 2374 447 7
1 2375 447 4
1 2376 447 4
1 2377 447 2
1 2378 447 3
1 2379 447 2
1 2380 447 2
1 2381 447 2
1 2382 447 4
1 2383 447 3
1 2384 447 4
1 2385 447 2
1 2386 447 4
1 2387 447 3
1 2388 447 3
1 2389 447 2
1 2390 447 4
1 2391 447 5
1 2392 447 4
1 2393 447 3
1 2394 447 7
1 2395 447 6
1 2396 447 2
1 2397 447 4
1 2398 447 6
1 2399 447 7
1 2400 447 3
1 2401 447 2
1 2402 447 5
1 2403 447 4
1 2404 447 3
1 2405 447 6
1 2406 447 2
1 2407 447 6
1 2408 447 2
1 2409 447 4
1 2410 447 5
1 2411 447 8
1 2412 447 3
1 2413 447 2
1 2414 447 3
1 2415 447 5
1 2416 447 7
1 2417 447 3
1 2418 447 2
1 2419 447 7
1 2420 447 3
1 2421 447 4
1 2422 447 2
1 2423 447 7
1 2424 447 8
1 2425 447 4
1 2426 447 4
1 2427 447 3
1 2428 447 6
1 2429 447 6
1 2430 447 9
1 2431 447 7
1 2432 467 2
1 2433 567 8
1 2434 567 6
1 2435 567 5
1 2436 567 7
1 2437 567 2
1 2438 567 9
1 2439 567 6
1 2440 567 3
1 2441 567 6
1 2442 567 3
1 2443 567 5
1 2444 567 2
1 2445 567 6
1 2446 567 3
1 2447 567 3
1 2448 567 2
1 2449 567 5
1 2450 567 4
1 2451 567 6
1 2452 567 2
1 2453 567 2
1 2454 567 7
1 2455 567 6
1 2456 567 6
1 2457 567 4
1 2458 567 5
1 2459 567 3
1 2460 567 5
1 2461 567 2
1 2462 567 6
1 2463 567 5
1 2464 567 8
1 2465 567 3
1 2466 567 7
1 2467 567 2
1 2468 567 3
1 2469 567 2
1 2470 567 3
1 2471 567 2
1 2472 567 3
1 2473 567 6
1 2474 567 4
1 2475 567 5
1 2476 567 3
1 2477 567 6
1 2478 567 5
1 2479 567 3
1 2480 567 3
1 2481 567 2
1 2482 567 2
1 2483 567 8
1 2484 567 2
1 2485 567 2
1 2486 567 3
1 2487 567 5
1 2488 567 6
1 2489 567 2
1 2490 567 2
1 2491 567 2
1 2492 567 3
1 2493 567 3
1 2494 567 2
1 2495 567 4
1 2496 567 5
1 2497 567 2
1 2498 567 3
1 2499 567 2
1 2500 567 5
1 2501 567 3
1 2502 567 3
1 2503 567 2
1 2504 567 8
1 2505 567 4
1 2506 567 6
1 2507 567 2
1 2508 567 3
1 2509 567 4
1 2510 567 2
1 2511 567 3
1 2512 567 7
1 2513 567 6
1 2514 567 6
1 2515 567 5
1 2516 567 2
1 2517 567 9
1 2518 567 8
1 2519 567 3
1 2520 567 6
1 2521 567 5
1 2522 567 4
1 2523 567 7
1 2524 567 2
1 2525 567 3
1 2526 567 2
1 2527 567 2
1 2528 567 6
1 2529 567 4
1 2530 567 3
1 2531 567 5
1 2532 567 9
1 2533 567 8
1 2534 567 2
1 2535 567 3
1 2536 567 6
1 2537 567 7
1 2538 567 3
1 2539 567 8
1 2540 567 5
1 2541 567 9
1 2542 567 2
1 2543 567 4
1 2544 567 7
1 2545 567 3
1 2546 567 4
1 2547 567 6
1 2548 567 10
1 2549 567 2
1 2550 567 6
1 2551 567 5
1 2552 567 10
1 2553 567 2
1 2554 567 8
1 2555 567 4
1 2556 567 6
1 2557 567 7
1 2558 567 5
1 2559 567 3
1 2560 567 5
1 2561 567 4
1 2562 567 2
1 2563 567 7
1 2564 567 6
1 2565 567 6
1 2566 567 2
1 2567 567 4
1 2568 567 3
1 2569 567 11
1 2570 567 6
1 2571 567 8
1 2572 567 7
1 2573 567 4
1 2574 567 2
1 2575 567 3
1 2576 567 9
1 2577 567 9
1 2578 567 2
1 2579 567 4
1 2580 567 11
1 2581 567 8
1 2582 567 3
1 2583 567 5
1 2584 567 6
1 2585 567 7
1 2586 567 2
1 2587 567 3
1 2588 567 10
1 2589 567 11
1 2590 567 9
1 2591 567 6
1 2592 567 8
1 2593 567 5
1 2594 567 4
1 2595 567 2
1 2596 567 3
1 2597 567 3
1 2598 567 2
1 2599 567 4
1 2600 567 6
1 2601 567 3
1 2602 567 2
1 2603 567 2
1 2604 567 6
1 2605 567 2
1 2606 567 8
1 2607 567 9
1 2608 567 3
1 2609 567 4
1 2610 567 5
1 2611 567 6
1 2612 567 7
1 2613 567 6
1 2614 567 5
1 2615 567 10
1 2616 567 2
1 2617 567 4
1 2618 567 2
1 2619 567 5
1 2620 567 3
1 2621 567 2
1 2622 567 4
1 2623 567 6
1 2624 567 7
1 2625 567 8
1 2626 567 4
1 2627 567 3
1 2628 567 2
1 2629 567 6
1 2630 567 3
1 2631 567 2
1 2632 567 2
1 2633 567 6
1 2634 567 5
1 2635 567 3
1 2636 567 5
1 2637 567 2
1 2638 567 4
1 2639 567 9
1 2640 567 7
1 2641 567 9
1 2642 567 5
1 2643 567 9
1 2644 567 2
1 2645 567 8
1 2646 567 2
1 2647 567 6
1 2648 567 9
1 2649 567 3
1 2650 567 4
1 2651 567 2
1 2652 567 6
1 2653 617 5
1 2654 617 6
1 2655 617 5
1 2656 617 6
1 2657 617 5
1 2658 617 5
1 2659 617 2
1 2660 617 6
1 2661 617 5
1 2662 617 3
1 2663 617 2
1 2664 617 2
1 2665 617 6
1 2666 617 8
1 2667 617 9
1 2668 617 5
1 2669 617 4
1 2670 617 8
1 2671 617 4
1 2672 617 3
1 2673 617 2
1 2674 617 2
1 2675 617 2
1 2676 617 9
1 2677 617 8
1 2678 617 5
1 2679 617 3
1 2680 617 5
1 2681 617 7
1 2682 617 3
1 2683 617 8
1 2684 617 5
1 2685 617 2
1 2686 617 9
1 2687 617 3
1 2688 617 5
1 2689 617 4
1 2690 617 6
1 2691 617 2
1 2692 617 2
1 2693 617 3
1 2694 617 5
1 2695 617 7
1 2696 617 4
1 2697 617 10
1 2698 617 2
1 2699 617 12
1 2700 617 6
1 2701 617 5
1 2702 617 5
1 2703 617 3
1 2704 617 4
1 2705 617 6
1 2706 617 2
1 2707 617 5
1 2708 617 7
1 2709 617 2
1 2710 617 3
1 2711 617 4
1 2712 617 7
1 2713 617 9
1 2714 617 3
1 2715 617 4
1 2716 617 2
1 2717 617 2
1 2718 617 7
1 2719 617 6
1 2720 617 5
1 2721 617 4
1 2722 617 4
1 2723 617 2
1 2724 617 3
1 2725 617 2
1 2726 617 2
1 2727 617 3
1 2728 617 5
1 2729 617 4
1 2730 617 8
1 2731 617 9
1 2732 617 10
1 2733 617 3
1 2734 617 2
1 2735 617 6
1 2736 617 6
1 2737 617 3
1 2738 617 2
1 2739 617 2
1 2740 617 5
1 2741 617 4
1 2742 617 2
1 2743 617 10
1 2744 617 9
1 2745 617 6
1 2746 617 2
1 2747 617 3
1 2748 617 2
1 2749 617 5
1 2750 617 2
1 2751 617 2
1 2752 617 7
1 2753 617 7
1 2754 617 7
1 2755 617 3
1 2756 617 5
1 2757 617 5
1 2758 617 8
1 2759 617 4
1 2760 617 2
1 2761 617 6
1 2762 617 3
1 2763 617 4
1 2764 617 10
1 2765 617 2
1 2766 617 6
1 2767 617 2
1 2768 617 6
1 2769 617 5
1 2770 617 5
1 2771 617 6
1 2772 617 8
1 2773 617 4
1 2774 617 3
1 2775 617 4
1 2776 617 2
1 2777 617 2
1 2778 617 3
1 2779 617 2
1 2780 617 4
1 2781 617 6
1 2782 617 2
1 2783 617 7
1 2784 617 6
1 2785 617 4
1 2786 617 3
1 2787 617 2
1 2788 617 7
1 2789 617 2
1 2790 672 8
1 2791 672 11
1 2792 672 10
1 2793 672 2
1 2794 672 7
1 2795 672 5
1 2796 672 3
1 2797 672 6
1 2798 672 9
1 2799 672 4
1 2800 672 2
1 2801 672 4
1 2802 672 9
1 2803 672 8
1 2804 672 7
1 2805 672 4
1 2806 672 3
1 2807 672 3
1 2808 672 2
1 2809 672 5
1 2810 672 7
1 2811 672 6
1 2812 672 4
1 2813 672 3
1 2814 672 2
1 2815 672 4
1 2816 672 6
1 2817 672 5
1 2818 672 2
1 2819 672 4
1 2820 672 3
1 2821 672 7
1 2822 672 4
1 2823 672 3
1 2824 672 8
1 2825 672 6
1 2826 672 9
1 2827 672 4
1 2828 672 2
1 2829 672 4
1 2830 672 3
1 2831 672 5
1 2832 672 4
1 2833 672 11
1 2834 672 7
1 2835 672 3
1 2836 672 2
1 2837 672 6
1 2838 672 8
1 2839 672 9
1 2840 672 5
1 2841 672 9
1 2842 672 8
1 2843 672 3
1 2844 672 6
1 2845 672 4
1 2846 672 4
1 2847 672 2
1 2848 672 7
1 2849 672 4
1 2850 672 5
1 2851 672 3
1 2852 672 4
1 2853 672 2
1 2854 672 8
1 2855 672 3
1 2856 672 6
1 2857 672 4
1 2858 672 4
1 2859 672 2
1 2860 672 5
1 2861 672 7
1 2862 672 3
1 2863 672 4
1 2864 672 5
1 2865 672 2
1 2866 672 6
1 2867 672 2
1 2868 672 8
1 2869 672 4
1 2870 672 7
1 2871 672 5
1 2872 672 4
1 2873 672 6
1 2874 672 9
1 2875 672 3
1 2876 672 7
1 2877 672 10
1 2878 672 8
1 2879 672 2
1 2880 672 4
1 2881 672 3
1 2882 672 5
1 2883 672 7
1 2884 672 4
1 2885 672 4
1 2886 672 6
1 2887 617 8
1 2888 617 5
1 2889 617 5
1 2890 617 8
1 2891 567 2
1 2892 649 2
1 2893 649 6
1 2894 649 5
1 2895 649 4
1 2896 649 2
1 2897 649 3
1 2898 649 5
1 2899 649 4
1 2900 649 7
1 2901 649 10
1 2902 649 3
1 2903 649 5
1 2904 649 5
1 2905 649 4
1 2906 649 4
1 2907 649 3
1 2908 649 5
1 2909 649 4
1 2910 649 7
1 2911 649 2
1 2912 649 3
1 2913 649 8
1 2914 649 5
1 2915 649 4
1 2916 649 6
1 2917 649 2
1 2918 649 2
1 2919 649 4
1 2920 672 2
1 2921 672 4
1 2922 649 2
1 2923 649 7
1 2924 649 4
1 2925 649 3
1 2926 649 8
1 2927 649 5
1 2928 649 4
1 2929 649 2
1 2930 649 3
1 2931 649 3
1 2932 649 5
1 2933 362 4
1 2934 362 2
1 2935 362 9
1 2936 362 4
1 2937 362 9
1 2938 362 3
1 2939 362 2
1 2940 362 5
1 2941 362 4
1 2942 362 2
1 2943 362 3
1 2944 362 2
1 2945 362 4
1 2946 362 4
1 2947 362 2
1 2948 362 5
1 2949 362 6
1 2950 362 9
1 2951 362 3
1 2952 362 4
1 2953 362 5
1 2954 362 8
1 2955 362 6
1 2956 362 2
1 2957 362 5
1 2958 362 4
1 2959 362 7
1 2960 362 8
1 2961 362 6
1 2962 362 9
1 2963 362 3
1 2964 362 5
1 2965 362 2
1 2966 362 4
1 2967 362 7
1 2968 362 4
1 2969 362 3
1 2970 362 5
1 2971 362 5
1 2972 362 3
1 2973 362 4
1 2974 362 2
1 2975 362 4
1 2976 362 3
1 2977 362 4
1 2978 362 2
1 2979 362 7
1 2980 362 2
1 2981 362 7
1 2982 362 6
1 2983 362 5
1 2984 362 6
1 2985 362 5
1 2986 362 4
1 2987 362 3
1 2988 362 4
1 2989 362 6
1 2990 362 8
1 2991 362 5
1 2992 362 2
1 2993 362 4
1 2994 362 3
1 2995 362 7
1 2996 362 9
1 2997 362 7
1 2998 362 4
1 2999 362 2
1 3000 362 9
1 3001 362 7
1 3002 362 4
1 3003 362 3
1 3004 362 5
1 3005 362 6
1 3006 362 4
1 3007 362 3
1 3008 362 2
1 3009 362 5
1 3010 362 2
1 3011 362 3
1 3012 362 2
1 3013 362 6
1 3014 362 3
1 3015 362 4
1 3016 362 5
1 3017 362 2
1 3018 362 5
1 3019 362 4
1 3020 362 6
1 3021 362 7
1 3022 362 3
1 3023 362 8
1 3024 362 9
1 3025 362 2
1 3026 362 3
1 3027 362 2
1 3028 362 4
1 3029 362 3
1 3030 362 4
1 3031 362 2
1 3032 362 2
1 3033 362 2
1 3034 362 5
1 3035 362 2
1 3036 362 3
1 3037 362 6
1 3038 362 9
1 3039 362 4
1 3040 362 2
1 3041 362 3
1 3042 362 4
1 3043 362 2
1 3044 362 2
1 3045 362 6
1 3046 362 2
1 3047 362 3
1 3048 362 6
1 3049 362 2
1 3050 362 5
1 3051 362 3
1 3052 362 5
1 3053 362 4
1 3054 362 5
1 3055 362 7
1 3056 362 2
1 3057 362 4
1 3058 362 2
1 3059 362 3
1 3060 362 9
1 3061 362 4
1 3062 362 8
1 3063 362 2
1 3064 362 6
1 3065 362 7
1 3066 362 3
1 3067 362 5
1 3068 362 3
1 3069 362 4
1 3070 362 2
1 3071 362 5
1 3072 362 3
1 3073 362 4
1 3074 362 2
1 3075 649 3
1 3076 649 4
1 3077 649 5
1 3078 567 7
1 3079 545 6
1 3080 545 3
1 3081 545 5
1 3082 545 4
1 3083 545 4
1 3084 545 6
1 3085 545 7
1 3086 545 4
1 3087 545 5
1 3088 545 8
1 3089 545 6
1 3090 545 2
1 3091 545 3
1 3092 545 3
1 3093 545 5
1 3094 545 2
1 3095 545 3
1 3096 545 4
1 3097 545 8
1 3098 545 5
1 3099 545 3
1 3100 545 2
1 3101 545 4
1 3102 545 8
1 3103 545 6
1 3104 545 4
1 3105 545 7
1 3106 545 5
1 3107 545 2
1 3108 545 6
1 3109 545 3
1 3110 545 6
1 3111 545 3
1 3112 545 4
1 3113 545 2
1 3114 545 4
1 3115 545 8
1 3116 545 5
1 3117 545 2
1 3118 545 6
1 3119 545 3
1 3120 545 3
1 3121 545 4
1 3122 545 6
1 3123 545 2
1 3124 545 6
1 3125 545 8
1 3126 545 4
1 3127 545 3
1 3128 545 3
1 3129 545 6
1 3130 545 2
1 3131 545 6
1 3132 545 3
1 3133 545 4
1 3134 545 2
1 3135 545 4
1 3136 545 6
1 3137 545 3
1 3138 545 3
1 3139 545 6
1 3140 545 4
1 3141 545 5
1 3142 545 6
1 3143 545 3
1 3144 545 8
1 3145 545 3
1 3146 545 2
1 3147 545 6
1 3148 545 2
1 3149 545 6
1 3150 545 2
1 3151 545 5
1 3152 545 3
1 3153 545 3
1 3154 545 4
1 3155 545 2
1 3156 545 7
1 3157 545 2
1 3158 545 3
1 3159 545 5
1 3160 545 4
1 3161 545 3
1 3162 545 5
1 3163 545 6
1 3164 545 8
1 3165 545 8
1 3166 362 2
1 3167 362 2
1 3168 545 3
1 3169 545 6
1 3170 545 6
1 3171 545 4
1 3172 545 5
1 3173 545 3
1 3174 545 6
1 3175 482 3
1 3176 482 4
1 3177 482 7
1 3178 482 3
1 3179 482 2
1 3180 482 3
1 3181 482 2
1 3182 482 7
1 3183 482 5
1 3184 482 3
1 3185 482 6
1 3186 482 2
1 3187 482 7
1 3188 482 3
1 3189 482 2
1 3190 482 7
1 3191 482 2
1 3192 482 5
1 3193 482 3
1 3194 482 7
1 3195 482 2
1 3196 482 4
1 3197 482 5
1 3198 482 3
1 3199 482 2
1 3200 482 3
1 3201 482 2
1 3202 482 4
1 3203 482 2
1 3204 482 5
1 3205 482 2
1 3206 482 7
1 3207 482 5
1 3208 482 6
1 3209 482 4
1 3210 482 2
1 3211 482 5
1 3212 482 2
1 3213 482 6
1 3214 482 4
1 3215 482 3
1 3216 482 7
1 3217 482 5
1 3218 482 3
1 3219 482 2
1 3220 482 7
1 3221 482 4
1 3222 482 6
1 3223 482 5
1 3224 482 4
1 3225 482 3
1 3226 482 2
1 3227 482 3
1 3228 482 4
1 3229 482 3
1 3230 482 3
1 3231 482 2
1 3232 482 2
1 3233 482 4
1 3234 482 5
1 3235 482 4
1 3236 482 2
1 3237 482 3
1 3238 482 7
1 3239 482 3
1 3240 482 2
1 3241 482 3
1 3242 482 2
1 3243 482 4
1 3244 482 3
1 3245 482 5
1 3246 482 7
1 3247 482 3
1 3248 482 4
1 3249 482 5
1 3250 482 3
1 3251 482 2
1 3252 482 7
1 3253 482 3
1 3254 482 5
1 3255 482 4
1 3256 545 4
1 3257 545 6
1 3258 545 3
1 3259 545 8
1 3260 545 6
1 3261 545 6
1 3262 545 3
1 3263 513 6
1 3264 513 4
1 3265 513 2
1 3266 513 3
1 3267 513 4
1 3268 513 3
1 3269 513 6
1 3270 513 2
1 3271 513 2
1 3272 513 3
1 3273 513 6
1 3274 513 4
1 3275 513 2
1 3276 513 2
1 3277 513 6
1 3278 513 6
1 3279 513 6
1 3280 513 5
1 3281 513 3
1 3282 513 4
1 3283 513 2
1 3284 513 3
1 3285 513 2
1 3286 513 2
1 3287 513 3
1 3288 513 4
1 3289 513 2
1 3290 513 3
1 3291 513 6
1 3292 513 3
1 3293 513 4
1 3294 513 2
1 3295 513 6
1 3296 513 4
1 3297 513 2
1 3298 513 5
1 3299 513 2
1 3300 513 2
1 3301 513 3
1 3302 513 4
1 3303 513 3
1 3304 513 6
1 3305 513 2
1 3306 513 4
1 3307 513 3
1 3308 513 2
1 3309 513 4
1 3310 513 6
1 3311 513 5
1 3312 513 2
1 3313 513 4
1 3314 513 3
1 3315 513 6
1 3316 513 2
1 3317 513 6
1 3318 513 2
1 3319 513 4
1 3320 513 2
1 3321 513 5
1 3322 513 3
1 3323 513 2
1 3324 513 4
1 3325 513 5
1 3326 513 6
1 3327 513 3
1 3328 513 6
1 3329 513 3
1 3330 513 5
1 3331 513 2
1 3332 444 2
1 3333 444 5
1 3334 444 3
1 3335 444 2
1 3336 444 3
1 3337 444 2
1 3338 444 5
1 3339 444 4
1 3340 444 3
1 3341 444 2
1 3342 444 2
1 3343 444 4
1 3344 444 2
1 3345 444 2
1 3346 444 3
1 3347 444 5
1 3348 444 2
1 3349 444 4
1 3350 444 3
1 3351 444 3
1 3352 444 2
1 3353 444 3
1 3354 444 2
1 3355 444 5
1 3356 444 3
1 3357 444 5
1 3358 444 2
1 3359 444 4
1 3360 444 3
1 3361 444 4
1 3362 444 2
1 3363 444 3
1 3364 444 2
1 3365 444 5
1 3366 444 3
1 3367 444 2
1 3368 444 3
1 3369 444 2
1 3370 444 5
1 3371 444 3
1 3372 444 2
1 3373 444 3
1 3374 444 2
1 3375 444 4
1 3376 444 5
1 3377 444 5
1 3378 444 3
1 3379 444 5
1 3380 444 2
1 3381 444 3
1 3382 444 3
1 3383 444 4
1 3384 444 2
1 3385 444 5
1 3386 444 3
1 3387 513 3
1 3388 513 2
1 3389 513 6
1 3390 444 3
1 3391 444 3
1 3392 528 3
1 3393 528 4
1 3394 528 4
1 3395 528 4
1 3396 528 2
1 3397 444 4
1 3398 444 2
1 3399 444 5
1 3400 444 2
1 3401 444 4
1 3402 378 2
1 3403 378 3
1 3404 378 3
1 3405 378 3
1 3406 378 3
1 3407 378 3
1 3408 378 3
1 3409 378 2
1 3410 378 3
1 3411 378 2
1 3412 378 3
1 3413 378 3
1 3414 378 2
1 3415 378 3
1 3416 378 2
1 3417 378 3
1 3418 378 3
1 3419 378 3
1 3420 378 3
1 3421 378 2
1 3422 378 3
1 3423 378 3
1 3424 378 3
1 3425 378 3
1 3426 378 3
1 3427 378 3
1 3428 378 2
1 3429 378 3
1 3430 378 2
1 3431 378 3
1 3432 378 2
1 3433 378 3
1 3434 378 2
1 3435 378 3
1 3436 378 2
1 3437 378 3
1 3438 378 2
1 3439 378 3
1 3440 378 3
1 3441 378 3
1 3442 378 3
1 3443 378 3
1 3444 378 3
1 3445 528 3
1 3446 545 8
1 3447 545 7
1 3448 545 5
1 3449 528 4
1 3450 378 2
1 3451 508 2
1 3452 508 2
1 3453 508 2
1 3454 508 2
1 3455 508 2
1 3456 508 2
1 3457 508 2
1 3458 508 2
1 3459 508 2
1 3460 508 2
1 3461 508 2
1 3462 508 2
1 3463 508 2
1 3464 508 2
1 3465 508 2
1 3466 508 2
1 3467 508 2
1 3468 508 2
1 3469 508 2
1 3470 508 2
1 3471 508 2
1 3472 508 2
1 3473 508 2
1 3474 508 2
1 3475 508 2
1 3476 508 2
1 3477 378 2
1 3478 444 3
1 3479 508 2
1 3480 362 8
1 3481 482 6
