1 1 1552 185
1 2 1552 189
1 3 1553 175
1 4 1554 182
1 5 1554 181
1 6 1554 184
1 7 1554 182
1 8 1583 191
1 9 1592 179
1 10 1597 179
1 11 1598 176
1 12 1600 173
1 13 1604 193
1 14 1605 172
1 15 1610 175
1 16 1614 183
1 17 1615 185
1 18 1617 189
1 19 1621 184
1 20 1625 177
1 21 1629 183
1 22 1632 164
1 23 1639 188
1 24 1648 193
1 25 1649 173
1 26 1649 181
1 27 1660 187
1 28 1660 188
1 29 1660 185
1 30 1660 186
1 31 1660 183
1 32 1662 185
1 33 1663 186
1 34 1663 173
1 35 1663 186
1 36 1663 186
1 37 1664 187
1 38 1664 182
1 39 1664 186
1 40 1664 187
1 41 1664 185
1 42 1664 186
1 43 1666 183
1 44 1666 183
1 45 1666 183
1 46 1666 184
1 47 1666 183
1 48 1741 189
1 49 1741 188
1 50 1741 187
1 51 1741 188
1 52 1746 182
1 53 1769 190
1 54 1769 191
1 55 1784 161
1 56 1784 162
1 57 1784 161
1 58 1784 158
1 59 1784 160
1 60 1784 158
1 61 1784 162
1 62 1803 184
1 63 1803 187
1 64 1820 183
1 65 1821 188
1 66 1821 189
1 67 1825 172
1 68 1825 185
1 69 1825 189
1 70 1825 188
1 71 1834 172
1 72 1834 172
1 73 1834 172
1 74 1834 171
1 75 1834 172
1 76 1834 173
1 77 1835 176
1 78 1835 177
1 79 1876 182
1 80 1876 179
1 81 1876 181
1 82 1876 181
1 83 1876 181
1 84 1876 182
1 85 1876 182
1 86 1876 182
1 87 1876 182
1 88 1877 190
1 89 1877 190
1 90 1877 193
1 91 1878 184
1 92 1878 186
1 93 1880 176
1 94 1880 177
1 95 1880 178
1 96 1880 178
1 97 1880 179
1 98 1880 176
1 99 1880 178
1 100 1882 188
1 101 1882 190
1 102 1883 182
1 103 1884 186
1 104 1885 186
1 105 1885 186
1 106 1885 186
1 107 1885 185
1 108 1887 185
1 109 1887 181
1 110 1887 184
1 111 1890 186
1 112 1890 183
1 113 1891 190
1 114 1891 186
1 115 1891 189
1 116 1891 185
1 117 1891 189
1 118 1899 193
1 119 1899 188
1 120 1899 190
1 121 1899 191
1 122 1960 192
1 123 1981 188
1 124 2064 190
1 125 2064 192
1 126 2064 193
1 127 2064 190
1 128 2066 181
1 129 2066 178
1 130 2066 179
1 131 2066 180
1 132 2066 180
1 133 2067 185
1 134 2067 185
1 135 2068 189
1 136 2068 188
1 137 2068 178
1 138 2069 191
1 139 2069 191
1 140 2069 192
1 141 2069 182
1 142 2069 187
1 143 2069 193
1 144 2069 193
1 145 2070 188
1 146 2070 189
1 147 2071 189
1 148 2071 190
1 149 2071 188
1 150 2071 190
1 151 2071 189
1 152 2072 183
1 153 2072 183
1 154 2072 183
1 155 2072 185
1 156 2072 184
1 157 2073 188
1 158 2073 185
1 159 2073 188
1 160 2073 186
1 161 2073 187
1 162 2073 187
1 163 2073 188
1 164 2073 188
1 165 2075 182
1 166 2075 187
1 167 2075 183
1 168 2075 183
1 169 2075 182
1 170 2076 180
1 171 2076 183
1 172 2076 179
1 173 2076 180
1 174 2076 180
1 175 2076 181
1 176 2096 201
1 177 2096 198
1 178 2096 200
1 179 2096 197
1 180 2096 200
1 181 2099 177
1 182 2099 179
1 183 2099 178
1 184 2099 178
1 185 2110 167
1 186 2115 203
1 187 2115 202
1 188 2115 200
1 189 2115 201
1 190 2120 195
1 191 2123 196
1 192 2126 185
1 193 2126 188
1 194 2126 190
1 195 2133 178
1 196 2135 193
1 197 2135 192
1 198 2137 185
1 199 2138 190
1 200 2141 192
1 201 2142 200
1 202 2143 173
1 203 2143 170
1 204 2143 172
1 205 2146 183
1 206 2149 204
1 207 2154 178
1 208 2159 187
1 209 2159 186
1 210 2159 184
1 211 2159 185
1 212 2162 195
1 213 2162 199
1 214 2162 197
1 215 2162 198
1 216 2162 193
1 217 2162 199
1 218 2162 197
1 219 2163 180
1 220 2163 179
1 221 2163 181
1 222 2163 182
1 223 2163 182
1 224 2163 183
1 225 2163 184
1 226 2163 185
1 227 2164 171
1 228 2164 168
1 229 2165 182
1 230 2165 182
1 231 2165 180
1 232 2165 182
1 233 2167 179
1 234 2167 179
1 235 2167 178
1 236 2167 180
1 237 2167 180
1 238 2167 179
1 239 2168 174
1 240 2168 177
1 241 2169 180
1 242 2169 180
1 243 2169 178
1 244 2169 181
1 245 2169 181
1 246 2169 182
1 247 2169 180
1 248 2169 177
1 249 2169 180
1 250 2170 189
1 251 2170 187
1 252 2170 186
1 253 2170 190
1 254 2170 186
1 255 2170 183
1 256 2171 193
1 257 2171 193
1 258 2171 195
1 259 2171 193
1 260 2171 191
1 261 2172 179
1 262 2172 181
1 263 2172 182
1 264 2172 176
1 265 2172 180
1 266 2173 188
1 267 2174 188
1 268 2174 187
1 269 2174 186
1 270 2174 185
1 271 2174 185
1 272 2175 176
1 273 2176 184
1 274 2176 187
1 275 2176 186
1 276 2176 186
1 277 2177 185
1 278 2177 184
1 279 2177 184
1 280 2177 186
1 281 2177 186
1 282 2178 190
1 283 2178 189
1 284 2178 186
1 285 2178 189
1 286 2178 190
1 287 2178 188
1 288 2178 188
1 289 2178 191
1 290 2180 171
1 291 2214 175
1 292 2214 175
1 293 2214 177
1 294 2214 177
1 295 2214 176
1 296 2214 177
1 297 2218 174
1 298 2219 191
1 299 2223 175
1 300 2223 170
1 301 2223 174
1 302 2223 175
1 303 2223 182
1 304 2223 175
1 305 2223 175
1 306 2223 176
1 307 2236 194
1 308 2236 193
1 309 2236 194
1 310 2236 188
1 311 2239 195
1 312 2239 197
1 313 2239 197
1 314 2239 182
1 315 2245 182
1 316 2245 180
1 317 2245 185
1 318 2245 178
1 319 2245 181
1 320 2245 182
1 321 2248 185
1 322 2248 182
1 323 2252 183
1 324 2252 185
1 325 2260 184
1 326 2260 188
1 327 2260 190
1 328 2260 189
1 329 2262 177
1 330 2262 176
1 331 2262 176
1 332 2262 173
1 333 2265 193
1 334 2270 181
1 335 2271 194
1 336 2275 198
1 337 2275 194
1 338 2276 198
1 339 2278 185
1 340 2279 194
1 341 2280 190
1 342 2282 184
1 343 2285 190
1 344 2287 177
1 345 2287 180
1 346 2287 178
1 347 2292 179
1 348 2292 179
1 349 2292 176
1 350 2292 179
1 351 2296 177
1 352 2296 177
1 353 2297 200
1 354 2297 162
1 355 2297 198
1 356 2297 199
1 357 2300 189
1 358 2300 187
1 359 2303 196
1 360 2303 200
1 361 2303 198
1 362 2303 197
1 363 2303 197
1 364 2312 188
1 365 2321 201
1 366 2321 200
1 367 2323 193
1 368 2323 191
1 369 2323 193
1 370 2323 191
1 371 2323 192
1 372 2323 192
1 373 2323 192
1 374 2337 181
1 375 2339 187
1 376 2339 185
1 377 2339 184
1 378 2340 184
1 379 2340 185
1 380 2341 181
1 381 2341 179
1 382 2341 181
1 383 2341 181
1 384 2341 181
1 385 2341 181
1 386 2341 180
1 387 2341 181
1 388 2341 181
1 389 2342 179
1 390 2342 176
1 391 2342 179
1 392 2342 179
1 393 2342 181
1 394 2342 179
1 395 2342 179
1 396 2342 179
1 397 2343 188
1 398 2343 190
1 399 2344 207
1 400 2344 209
1 401 2344 204
1 402 2349 176
1 403 2349 180
1 404 2350 197
1 405 2350 198
1 406 2350 194
1 407 2351 174
1 408 2351 173
1 409 2352 191
1 410 2352 184
1 411 2352 192
1 412 2352 191
1 413 2352 181
1 414 2352 191
1 415 2352 189
1 416 2353 181
1 417 2353 183
1 418 2353 183
1 419 2353 178
1 420 2353 180
1 421 2353 179
1 422 2354 192
1 423 2354 189
1 424 2355 176
1 425 2355 176
1 426 2355 177
1 427 2356 191
1 428 2356 191
1 429 2358 187
1 430 2358 190
1 431 2358 187
1 432 2358 187
1 433 2358 187
1 434 2358 186
1 435 2359 182
1 436 2359 183
1 437 2359 183
1 438 2360 186
1 439 2360 182
1 440 2360 185
1 441 2360 186
1 442 2361 172
1 443 2361 181
1 444 2361 183
1 445 2362 182
1 446 2362 182
1 447 2363 173
1 448 2363 177
1 449 2363 175
1 450 2363 174
1 451 2363 175
1 452 2364 181
1 453 2364 181
1 454 2364 161
1 455 2364 181
1 456 2365 184
1 457 2365 181
1 458 2365 181
1 459 2365 183
1 460 2365 181
1 461 2366 177
1 462 2366 180
1 463 2366 179
1 464 2366 179
1 465 2366 182
1 466 2366 175
1 467 2368 178
1 468 2368 176
1 469 2368 175
1 470 2368 175
1 471 2368 177
1 472 2368 174
1 473 2368 174
1 474 2369 175
1 475 2369 178
1 476 2369 176
1 477 2369 175
1 478 2369 176
1 479 2369 174
1 480 2370 169
1 481 2370 171
1 482 2371 173
1 483 2371 174
1 484 2371 171
1 485 2372 186
1 486 2372 188
1 487 2373 190
1 488 2373 193
1 489 2373 189
1 490 2373 189
1 491 2374 182
1 492 2374 181
1 493 2375 188
1 494 2375 187
1 495 2375 183
1 496 2375 189
1 497 2376 180
1 498 2376 178
1 499 2376 177
1 500 2376 180
1 501 2376 180
1 502 2376 176
1 503 2377 185
1 504 2377 184
1 505 2377 188
1 506 2377 187
1 507 2377 184
1 508 2377 184
1 509 2377 185
1 510 2377 185
1 511 2377 186
1 512 2377 181
1 513 2377 184
1 514 2378 184
1 515 2378 185
1 516 2378 188
1 517 2378 185
1 518 2378 186
1 519 2378 184
1 520 2379 185
1 521 2379 183
1 522 2379 186
1 523 2379 187
1 524 2379 185
1 525 2379 186
1 526 2379 185
1 527 2379 185
1 528 2393 189
1 529 2401 189
1 530 2401 177
1 531 2401 179
1 532 2409 182
1 533 2409 183
1 534 2409 175
1 535 2409 183
1 536 2409 180
1 537 2409 180
1 538 2417 185
1 539 2417 179
1 540 2417 182
1 541 2417 186
1 542 2417 186
1 543 2417 186
1 544 2421 172
1 545 2421 174
1 546 2421 172
1 547 2421 171
1 548 2421 171
1 549 2421 175
1 550 2431 180
1 551 2431 178
1 552 2443 171
1 553 2447 191
1 554 2447 189
1 555 2447 191
1 556 2459 202
1 557 2459 203
1 558 2460 176
1 559 2460 177
1 560 2460 182
1 561 2460 179
1 562 2460 177
1 563 2460 180
1 564 2460 181
1 565 2462 174
1 566 2465 177
1 567 2475 189
1 568 2475 189
1 569 2475 191
1 570 2476 182
1 571 2476 183
1 572 2476 180
1 573 2479 176
1 574 2479 177
1 575 2479 173
1 576 2479 179
1 577 2479 177
1 578 2487 189
1 579 2488 193
1 580 2488 191
1 581 2494 191
1 582 2494 199
1 583 2494 200
1 584 2494 196
1 585 2505 172
1 586 2505 172
1 587 2505 172
1 588 2505 174
1 589 2517 193
1 590 2520 192
1 591 2523 191
1 592 2523 180
1 593 2523 179
1 594 2532 171
1 595 2534 180
1 596 2534 180
1 597 2534 179
1 598 2534 179
1 599 2534 179
1 600 2536 176
1 601 2536 180
1 602 2536 179
1 603 2536 178
1 604 2536 180
1 605 2536 179
1 606 2540 198
1 607 2540 197
1 608 2540 194
1 609 2540 161
1 610 2545 182
1 611 2545 184
1 612 2545 185
1 613 2545 183
1 614 2545 180
1 615 2545 185
1 616 2549 174
1 617 2569 190
1 618 2571 182
1 619 2571 182
1 620 2571 183
1 621 2571 184
1 622 2571 183
1 623 2572 190
1 624 2572 189
1 625 2572 188
1 626 2572 184
1 627 2572 190
1 628 2572 188
1 629 2597 171
1 630 2597 172
1 631 2597 174
1 632 2597 174
1 633 2597 168
1 634 2597 170
1 635 2597 172
1 636 2597 170
1 637 2600 190
1 638 2601 173
1 639 2601 172
1 640 2601 174
1 641 2601 173
1 642 2601 172
1 643 2605 178
1 644 2606 183
1 645 2606 188
1 646 2606 186
1 647 2606 187
1 648 2607 178
1 649 2607 177
1 650 2607 175
1 651 2607 178
1 652 2610 180
1 653 2610 180
1 654 2611 183
1 655 2611 183
1 656 2612 178
1 657 2612 174
1 658 2612 178
1 659 2614 198
1 660 2614 196
1 661 2617 181
1 662 2617 180
1 663 2617 178
1 664 2617 176
1 665 2617 179
1 666 2623 160
1 667 2623 163
1 668 2623 162
1 669 2623 164
1 670 2624 177
1 671 2624 181
1 672 2624 171
1 673 2627 185
1 674 2627 184
1 675 2627 185
1 676 2631 174
1 677 2631 173
1 678 2631 175
1 679 2632 175
1 680 2635 176
1 681 2637 193
1 682 2637 194
1 683 2637 194
1 684 2637 188
1 685 2640 174
1 686 2640 170
1 687 2640 170
1 688 2640 175
1 689 2640 173
1 690 2641 185
1 691 2641 184
1 692 2641 184
1 693 2644 183
1 694 2644 182
1 695 2645 193
1 696 2645 196
1 697 2645 191
1 698 2645 191
1 699 2645 196
1 700 2648 189
1 701 2650 197
1 702 2651 182
1 703 2653 180
1 704 2658 183
1 705 2658 183
1 706 2658 183
1 707 2658 182
1 708 2659 180
1 709 2659 178
1 710 2661 191
1 711 2661 189
1 712 2661 191
1 713 2666 191
1 714 2666 191
1 715 2668 185
1 716 2668 183
1 717 2668 181
1 718 2668 187
1 719 2671 179
1 720 2673 186
1 721 2673 185
1 722 2673 181
1 723 2673 185
1 724 2673 184
1 725 2673 183
1 726 2673 181
1 727 2674 187
1 728 2677 184
1 729 2680 187
1 730 2681 183
1 731 2681 188
1 732 2683 182
1 733 2683 186
1 734 2683 189
1 735 2685 188
1 736 2685 173
1 737 2685 192
1 738 2686 180
1 739 2686 178
1 740 2686 178
1 741 2686 184
1 742 2688 174
1 743 2688 177
1 744 2695 166
1 745 2695 160
1 746 2695 164
1 747 2695 167
1 748 2695 164
1 749 2697 165
1 750 2697 165
1 751 2697 163
1 752 2697 165
1 753 2698 188
1 754 2698 185
1 755 2698 184
1 756 2698 184
1 757 2699 173
1 758 2699 172
1 759 2699 175
1 760 2699 171
1 761 2699 176
1 762 2700 178
1 763 2703 182
1 764 2703 180
1 765 2703 174
1 766 2703 180
1 767 2703 179
1 768 2704 200
1 769 2706 176
1 770 2706 178
1 771 2706 179
1 772 2706 177
1 773 2706 177
1 774 2706 177
1 775 2706 180
1 776 2706 177
1 777 2706 176
1 778 2706 178
1 779 2707 181
1 780 2707 185
1 781 2707 188
1 782 2707 181
1 783 2707 184
1 784 2707 184
1 785 2784 184
1 786 2784 182
1 787 2784 190
1 788 2784 185
1 789 2784 183
1 790 2784 184
1 791 2784 184
1 792 2784 185
1 793 2784 182
1 794 2787 183
1 795 2787 178
1 796 2787 179
1 797 2787 181
1 798 2787 174
1 799 2787 180
1 800 2787 180
1 801 2787 181
1 802 2787 182
1 803 2787 181
1 804 2787 180
1 805 2792 187
1 806 2795 196
1 807 2795 198
1 808 2795 197
1 809 2799 174
1 810 2799 170
1 811 2799 175
1 812 2799 165
1 813 2800 183
1 814 2800 183
1 815 2800 183
1 816 2804 181
1 817 2807 186
1 818 2807 184
1 819 2812 193
1 820 2812 192
1 821 2812 190
1 822 2817 192
1 823 2817 188
1 824 2817 184
1 825 2819 171
1 826 2819 174
1 827 2829 182
1 828 2829 182
1 829 2829 181
1 830 2829 183
1 831 2830 180
1 832 2830 184
1 833 2830 179
1 834 2834 179
1 835 2834 176
1 836 2834 176
1 837 2834 177
1 838 2834 179
1 839 2834 178
1 840 2834 176
1 841 2834 174
1 842 2834 172
1 843 2841 180
1 844 2841 182
1 845 2841 182
1 846 2842 189
1 847 2842 194
1 848 2842 193
1 849 2843 197
1 850 2850 199
1 851 2850 196
1 852 2852 175
1 853 2853 178
1 854 2853 184
1 855 2853 180
1 856 2853 182
1 857 2853 181
1 858 2856 186
1 859 2856 191
1 860 2856 192
1 861 2856 191
1 862 2858 199
1 863 2860 174
1 864 2860 178
1 865 2860 174
1 866 2860 173
1 867 2860 173
1 868 2860 172
1 869 2860 176
1 870 2860 172
1 871 2861 189
1 872 2861 190
1 873 2861 188
1 874 2861 189
1 875 2868 186
1 876 2868 191
1 877 2868 190
1 878 2868 189
1 879 2868 189
1 880 2868 189
1 881 2868 192
1 882 2868 190
1 883 2868 191
1 884 2868 189
1 885 2868 187
1 886 2868 189
1 887 2871 174
1 888 2871 180
1 889 2871 180
1 890 2873 175
1 891 2873 175
1 892 2873 178
1 893 2873 178
1 894 2880 191
1 895 2880 189
1 896 2884 191
1 897 2884 188
1 898 2892 184
1 899 2892 186
1 900 2892 183
1 901 2898 182
1 902 2898 181
1 903 2899 175
1 904 2899 182
1 905 2901 156
1 906 2903 179
1 907 2903 180
1 908 2906 182
1 909 2906 185
1 910 2908 186
1 911 2908 188
1 912 2908 186
1 913 2908 186
1 914 2921 191
1 915 2927 173
1 916 2927 177
1 917 2927 179
1 918 2927 181
1 919 2927 178
1 920 2927 176
1 921 2927 176
1 922 2931 178
1 923 2931 178
1 924 2931 180
1 925 2931 177
1 926 2933 188
1 927 2933 189
1 928 2941 177
1 929 2941 182
1 930 2941 185
1 931 2941 184
1 932 2941 184
1 933 2941 183
1 934 2942 185
1 935 2942 185
1 936 2942 185
1 937 2942 186
1 938 2963 185
1 939 2963 187
1 940 2963 186
1 941 2963 179
1 942 2963 187
1 943 2963 184
1 944 2964 183
1 945 2964 180
1 946 2964 177
1 947 2964 180
1 948 2966 191
1 949 3002 171
1 950 3002 170
1 951 3002 172
1 952 3002 171
1 953 3002 171
1 954 3009 181
1 955 3009 182
1 956 3009 178
1 957 3009 181
1 958 3009 181
1 959 3009 183
1 960 3027 192
1 961 3027 190
1 962 3033 178
1 963 3033 180
1 964 3048 173
1 965 3061 190
1 966 3076 173
1 967 3076 167
1 968 3076 175
1 969 3076 171
1 970 3088 176
1 971 3100 178
1 972 3111 176
1 973 3111 178
1 974 3111 181
1 975 3111 170
1 976 3116 176
1 977 3121 190
1 978 3121 192
1 979 3121 185
1 980 3123 175
1 981 3123 173
1 982 3123 174
1 983 3123 174
1 984 3123 171
1 985 3129 181
1 986 3129 185
1 987 3198 164
1 988 3198 165
1 989 3198 165
1 990 3198 164
1 991 3199 174
1 992 3201 184
1 993 3201 184
1 994 3201 184
1 995 3201 184
1 996 3202 181
1 997 3202 183
1 998 3202 181
1 999 3202 181
1 1000 3202 180
1 1001 3203 184
1 1002 3203 181
1 1003 3203 181
1 1004 3203 186
1 1005 3203 175
1 1006 3203 183
1 1007 3209 181
1 1008 3209 183
1 1009 3209 184
1 1010 3214 173
1 1011 3214 172
1 1012 3214 173
1 1013 3221 183
1 1014 3222 184
1 1015 3224 175
1 1016 3224 177
1 1017 3224 177
1 1018 3227 179
1 1019 3227 173
1 1020 3232 177
1 1021 3232 175
1 1022 3236 170
1 1023 3236 172
1 1024 3236 174
1 1025 3237 178
1 1026 3237 177
1 1027 3239 173
1 1028 3239 175
1 1029 3248 174
1 1030 3248 177
1 1031 3248 167
1 1032 3250 184
1 1033 3250 181
1 1034 3250 183
1 1035 3250 179
1 1036 3250 181
1 1037 3250 179
1 1038 3250 183
1 1039 3250 183
1 1040 3250 182
1 1041 3252 168
1 1042 3252 161
1 1043 3253 174
1 1044 3253 179
1 1045 3255 180
1 1046 3255 180
1 1047 3255 177
1 1048 3255 183
1 1049 3255 178
1 1050 3255 181
1 1051 3255 188
1 1052 3255 180
1 1053 3255 176
1 1054 3255 181
1 1055 3255 182
1 1056 3255 182
1 1057 3259 188
1 1058 3259 189
1 1059 3259 190
1 1060 3259 189
1 1061 3260 172
1 1062 3260 171
1 1063 3260 174
1 1064 3260 175
1 1065 3263 198
1 1066 3265 174
1 1067 3265 171
1 1068 3265 174
1 1069 3265 173
1 1070 3265 173
1 1071 3267 172
1 1072 3268 176
1 1073 3268 172
1 1074 3268 176
1 1075 3268 178
1 1076 3268 179
1 1077 3268 177
1 1078 3268 177
1 1079 3268 175
1 1080 3268 178
1 1081 3268 176
1 1082 3270 190
1 1083 3270 192
1 1084 3273 174
1 1085 3273 175
1 1086 3273 175
1 1087 3273 173
1 1088 3273 173
1 1089 3275 172
1 1090 3275 173
1 1091 3275 174
1 1092 3275 170
1 1093 3275 171
1 1094 3275 173
1 1095 3276 176
1 1096 3276 171
1 1097 3278 178
1 1098 3279 182
1 1099 3279 185
1 1100 3279 180
1 1101 3279 180
1 1102 3279 179
1 1103 3279 183
1 1104 3279 181
1 1105 3280 181
1 1106 3280 180
1 1107 3280 172
1 1108 3280 181
1 1109 3280 180
1 1110 3280 182
1 1111 3280 183
1 1112 3280 180
1 1113 3280 179
1 1114 3280 176
1 1115 3280 181
1 1116 3281 183
1 1117 3281 184
1 1118 3282 180
1 1119 3282 179
1 1120 3282 175
1 1121 3282 182
1 1122 3285 188
1 1123 3285 178
1 1124 3285 188
1 1125 3285 187
1 1126 3285 185
1 1127 3285 186
1 1128 3286 195
1 1129 3286 194
1 1130 3286 192
1 1131 3286 195
1 1132 3286 194
1 1133 3286 194
1 1134 3286 190
1 1135 3286 195
1 1136 3287 178
1 1137 3287 174
1 1138 3289 166
1 1139 3289 161
1 1140 3289 168
1 1141 3290 186
1 1142 3291 164
1 1143 3291 187
1 1144 3291 185
1 1145 3291 183
1 1146 3291 184
1 1147 3291 187
1 1148 3291 186
1 1149 3292 176
1 1150 3295 188
1 1151 3296 194
1 1152 3296 191
1 1153 3300 175
1 1154 3300 178
1 1155 3300 179
1 1156 3300 173
1 1157 3301 185
1 1158 3301 184
1 1159 3303 185
1 1160 3303 181
1 1161 3303 182
1 1162 3303 184
1 1163 3303 185
1 1164 3303 180
1 1165 3303 181
1 1166 3303 188
1 1167 3306 179
1 1168 3306 172
1 1169 3306 178
1 1170 3306 181
1 1171 3306 179
1 1172 3306 181
1 1173 3306 180
1 1174 3307 177
1 1175 3307 181
1 1176 3307 182
1 1177 3307 182
1 1178 3308 181
1 1179 3310 191
1 1180 3314 183
1 1181 3316 182
1 1182 3316 184
1 1183 3316 184
1 1184 3317 194
1 1185 3317 192
1 1186 3318 195
1 1187 3318 193
1 1188 3319 180
1 1189 3320 188
1 1190 3326 159
1 1191 3326 179
1 1192 3326 176
1 1193 3326 179
1 1194 3326 179
1 1195 3326 182
1 1196 3326 180
1 1197 3326 180
1 1198 3328 185
1 1199 3328 187
1 1200 3330 180
1 1201 3330 180
1 1202 3414 168
1 1203 3414 171
1 1204 3414 171
1 1205 3420 180
1 1206 3420 182
1 1207 3420 180
1 1208 3420 182
1 1209 3420 181
1 1210 3420 180
1 1211 3423 179
1 1212 3428 184
1 1213 3428 184
1 1214 3431 176
1 1215 3431 181
1 1216 3431 179
1 1217 3440 191
1 1218 3440 192
1 1219 3442 186
1 1220 3443 180
1 1221 3443 181
1 1222 3445 173
1 1223 3445 171
1 1224 3445 171
1 1225 3447 181
1 1226 3468 184
1 1227 3468 181
1 1228 3469 178
1 1229 3469 176
1 1230 3469 178
1 1231 3471 177
1 1232 3471 176
1 1233 3471 180
1 1234 3471 178
1 1235 3473 177
1 1236 3473 180
1 1237 3473 179
1 1238 3488 173
1 1239 3488 175
1 1240 3488 175
1 1241 3488 176
1 1242 3490 188
1 1243 3490 189
1 1244 3490 187
1 1245 3490 186
1 1246 3490 186
1 1247 3490 185
1 1248 3490 190
1 1249 3490 188
1 1250 3490 186
1 1251 3509 193
1 1252 3533 185
1 1253 3533 184
1 1254 3538 190
1 1255 3538 183
1 1256 3538 190
1 1257 3552 182
1 1258 3552 182
1 1259 3552 181
1 1260 3552 180
1 1261 3559 170
1 1262 3559 169
1 1263 3559 170
1 1264 3559 172
1 1265 3559 171
1 1266 3559 168
1 1267 3559 168
1 1268 3563 179
1 1269 3563 180
1 1270 3563 180
1 1271 3563 180
1 1272 3563 186
1 1273 3564 178
1 1274 3564 179
1 1275 3564 179
1 1276 3564 178
1 1277 3564 179
1 1278 3564 178
1 1279 3564 178
1 1280 3564 181
1 1281 3564 175
1 1282 3564 178
1 1283 3564 179
1 1284 3567 178
1 1285 3567 179
1 1286 3567 175
1 1287 3567 182
1 1288 3567 184
1 1289 3567 179
1 1290 3567 178
1 1291 3567 180
1 1292 3567 182
1 1293 3571 177
1 1294 3571 182
1 1295 3571 179
1 1296 3573 187
1 1297 3577 180
1 1298 3581 183
1 1299 3589 181
1 1300 3589 181
1 1301 3589 181
1 1302 3589 188
1 1303 3589 183
1 1304 3589 181
1 1305 3592 182
1 1306 3592 178
1 1307 3592 181
1 1308 3593 186
1 1309 3593 194
1 1310 3604 183
1 1311 3607 180
1 1312 3607 181
1 1313 3607 181
1 1314 3607 181
1 1315 3609 178
1 1316 3611 178
1 1317 3636 175
1 1318 3636 178
1 1319 3636 180
1 1320 3636 180
1 1321 3641 175
1 1322 3641 178
1 1323 3641 177
1 1324 3641 180
1 1325 3641 177
1 1326 3651 180
1 1327 3651 182
1 1328 3658 199
1 1329 3658 194
1 1330 3659 184
1 1331 3659 185
1 1332 3659 184
1 1333 3662 166
1 1334 3662 166
1 1335 3662 151
1 1336 3662 169
1 1337 3662 169
1 1338 3681 185
1 1339 3692 173
1 1340 3692 174
1 1341 3692 173
1 1342 3700 187
1 1343 3700 185
1 1344 3700 186
1 1345 3704 185
1 1346 3704 187
1 1347 3704 186
1 1348 3704 187
1 1349 3711 180
1 1350 3711 181
1 1351 3725 189
1 1352 3725 190
1 1353 3725 187
1 1354 3734 188
1 1355 3738 174
1 1356 3738 175
1 1357 3738 175
1 1358 3738 175
1 1359 3738 176
1 1360 3738 176
1 1361 3738 174
1 1362 3748 172
1 1363 3759 176
1 1364 3759 176
1 1365 3762 172
1 1366 3762 174
1 1367 3762 175
1 1368 3771 171
1 1369 3771 172
1 1370 3771 172
1 1371 3782 176
1 1372 3782 175
1 1373 3782 177
1 1374 3796 183
1 1375 3796 187
1 1376 3796 182
1 1377 3881 184
1 1378 3885 175
1 1379 3945 166
1 1380 3954 183
1 1381 3954 184
1 1382 3968 176
1 1383 3968 178
1 1384 4004 173
1 1385 4004 177
1 1386 4004 176
1 1387 4004 179
1 1388 4004 179
1 1389 4008 180
1 1390 4008 181
1 1391 4051 168
1 1392 4051 169
1 1393 4051 169
1 1394 4051 166
1 1395 4051 169
1 1396 4051 166
1 1397 4051 169
1 1398 4068 174
1 1399 4068 176
1 1400 4103 181
1 1401 4103 186
1 1402 4104 183
1 1403 4120 180
1 1404 4131 186
1 1405 4131 184
1 1406 4153 178
1 1407 4155 180
1 1408 4155 177
1 1409 4155 176
1 1410 4156 186
1 1411 4157 173
1 1412 4157 173
1 1413 4158 180
1 1414 4159 186
1 1415 4161 171
1 1416 4161 170
1 1417 4162 175
1 1418 4164 192
1 1419 4166 176
1 1420 4168 183
1 1421 4169 176
1 1422 4169 172
1 1423 4170 186
1 1424 4170 186
1 1425 4172 175
1 1426 4173 192
1 1427 4173 193
1 1428 4175 175
1 1429 4176 190
1 1430 4177 191
1 1431 4179 185
1 1432 4179 186
1 1433 4179 188
1 1434 4179 183
1 1435 4184 187
1 1436 4184 188
1 1437 4184 186
1 1438 4186 177
1 1439 4187 173
1 1440 4190 182
1 1441 4190 182
1 1442 4190 180
1 1443 4193 182
1 1444 4193 183
1 1445 4193 184
1 1446 4193 182
1 1447 4193 184
1 1448 4193 182
1 1449 4193 184
1 1450 4193 181
1 1451 4193 183
1 1452 4193 175
1 1453 4193 185
1 1454 4193 184
1 1455 4193 186
1 1456 4195 179
1 1457 4196 183
1 1458 4200 194
1 1459 4205 180
1 1460 4206 180
1 1461 4206 177
1 1462 4206 180
1 1463 4209 187
1 1464 4210 196
1 1465 4212 180
1 1466 4216 187
1 1467 4217 177
1 1468 4217 180
1 1469 4217 180
1 1470 4217 180
1 1471 4217 179
1 1472 4218 193
1 1473 4220 169
1 1474 4223 175
1 1475 4223 174
1 1476 4223 174
1 1477 4226 181
1 1478 4226 182
1 1479 4227 176
1 1480 4229 189
1 1481 4230 188
1 1482 4232 176
1 1483 4234 183
1 1484 4238 178
1 1485 4238 180
1 1486 4238 184
1 1487 4238 174
1 1488 4240 177
1 1489 4241 181
1 1490 4241 178
1 1491 4241 178
1 1492 4242 180
1 1493 4242 180
1 1494 4243 183
1 1495 4244 177
1 1496 4250 177
1 1497 4251 184
1 1498 4255 169
1 1499 4255 170
1 1500 4256 185
1 1501 4257 187
1 1502 4258 170
1 1503 4258 172
1 1504 4258 173
1 1505 4258 180
1 1506 4258 173
1 1507 4258 172
1 1508 4258 170
1 1509 4258 169
1 1510 4259 171
1 1511 4259 171
1 1512 4260 172
1 1513 4261 164
1 1514 4262 188
1 1515 4266 186
1 1516 4309 167
1 1517 4310 169
1 1518 4313 190
1 1519 4313 184
1 1520 4313 185
1 1521 4314 170
1 1522 4314 172
1 1523 4316 173
1 1524 4316 172
1 1525 4316 170
1 1526 4316 173
1 1527 4316 173
1 1528 4316 173
1 1529 4316 175
1 1530 4317 179
1 1531 4318 181
1 1532 4318 178
1 1533 4322 183
1 1534 4322 181
1 1535 4323 187
1 1536 4335 178
1 1537 4335 177
1 1538 4335 179
1 1539 4335 176
1 1540 4335 179
1 1541 4343 197
1 1542 4343 198
1 1543 4343 198
1 1544 4345 162
1 1545 4345 163
1 1546 4346 160
1 1547 4346 161
1 1548 4346 163
1 1549 4346 161
1 1550 4353 181
1 1551 4359 185
1 1552 4359 186
1 1553 4359 181
1 1554 4359 183
1 1555 4359 184
1 1556 4359 180
1 1557 4359 186
1 1558 4361 185
1 1559 4361 186
1 1560 4361 186
1 1561 4378 177
1 1562 4378 176
1 1563 4378 178
1 1564 4385 182
1 1565 4385 183
1 1566 4386 172
1 1567 4386 171
1 1568 4386 173
1 1569 4386 177
1 1570 4386 174
1 1571 4395 180
1 1572 4395 187
1 1573 4395 181
1 1574 4395 178
1 1575 4395 183
1 1576 4395 177
1 1577 4395 182
1 1578 4395 182
1 1579 4395 183
1 1580 4396 179
1 1581 4396 178
1 1582 4398 183
1 1583 4398 186
1 1584 4398 182
1 1585 4398 183
1 1586 4399 183
1 1587 4399 184
1 1588 4404 183
1 1589 4404 183
1 1590 4407 161
1 1591 4407 161
1 1592 4407 172
1 1593 4407 161
1 1594 4407 161
1 1595 4407 160
1 1596 4407 162
1 1597 4407 160
1 1598 4407 158
1 1599 4410 181
1 1600 4410 182
1 1601 4410 182
1 1602 4410 180
1 1603 4410 176
1 1604 4410 178
1 1605 4410 180
1 1606 4410 171
1 1607 4416 188
1 1608 4418 185
1 1609 4418 185
1 1610 4418 186
1 1611 4418 183
1 1612 4418 183
1 1613 4418 181
1 1614 4418 185
1 1615 4418 186
1 1616 4418 182
1 1617 4420 179
1 1618 4420 185
1 1619 4420 182
1 1620 4420 178
1 1621 4432 185
1 1622 4432 188
1 1623 4432 186
1 1624 4440 198
1 1625 4440 198
1 1626 4440 197
1 1627 4454 179
1 1628 4454 179
1 1629 4454 179
1 1630 4454 179
1 1631 4454 178
1 1632 4454 179
1 1633 4454 180
1 1634 4454 178
1 1635 4454 177
1 1636 4456 176
1 1637 4456 177
1 1638 4456 177
1 1639 4456 177
1 1640 4459 181
1 1641 4459 184
1 1642 4459 184
1 1643 4459 182
1 1644 4459 184
1 1645 4460 178
1 1646 4460 187
1 1647 4461 198
1 1648 4461 198
1 1649 4461 200
1 1650 4461 198
1 1651 4465 185
1 1652 4465 185
1 1653 4465 186
1 1654 4465 186
1 1655 4465 187
1 1656 4465 186
1 1657 4465 186
1 1658 4465 185
1 1659 4465 186
1 1660 4465 186
1 1661 4465 185
1 1662 4465 186
1 1663 4466 188
1 1664 4466 189
1 1665 4466 206
1 1666 4467 169
1 1667 4467 197
1 1668 4467 171
1 1669 4467 169
1 1670 4468 170
1 1671 4468 169
1 1672 4468 171
1 1673 4468 171
1 1674 4468 174
1 1675 4468 170
1 1676 4468 170
1 1677 4470 183
1 1678 4470 183
1 1679 4472 176
1 1680 4472 172
1 1681 4473 178
1 1682 4473 176
1 1683 4473 177
1 1684 4473 180
1 1685 4473 179
1 1686 4517 179
1 1687 4529 193
1 1688 4529 195
1 1689 4529 191
1 1690 4543 184
1 1691 4562 190
1 1692 4562 193
1 1693 4562 190
1 1694 4575 176
1 1695 4575 177
1 1696 4575 176
1 1697 4575 176
1 1698 4575 175
1 1699 4575 172
1 1700 4575 176
1 1701 4575 174
1 1702 4598 178
1 1703 4598 182
1 1704 4628 183
1 1705 4628 182
1 1706 4631 174
1 1707 4631 172
1 1708 4631 174
1 1709 4631 172
1 1710 4631 174
1 1711 4635 187
1 1712 4635 190
1 1713 4636 184
1 1714 4636 188
1 1715 4636 186
1 1716 4636 185
1 1717 4636 186
1 1718 4636 187
1 1719 4636 184
1 1720 4636 185
1 1721 4636 187
1 1722 4636 185
1 1723 4636 186
1 1724 4636 187
1 1725 4688 172
1 1726 4734 177
1 1727 4734 178
1 1728 4734 179
1 1729 5059 180
1 1730 5060 178
1 1731 5061 169
1 1732 5063 178
1 1733 5063 178
1 1734 5063 179
1 1735 5066 192
1 1736 5067 181
1 1737 5069 187
1 1738 5069 187
1 1739 5069 186
1 1740 5069 187
1 1741 5069 188
1 1742 5075 188
1 1743 5076 178
1 1744 5076 177
1 1745 5077 185
1 1746 5080 185
1 1747 5084 182
1 1748 5084 186
1 1749 5084 181
1 1750 5084 183
1 1751 5084 183
1 1752 5084 183
1 1753 5085 183
1 1754 5086 199
1 1755 5086 192
1 1756 5086 198
1 1757 5086 196
1 1758 5086 193
1 1759 5087 190
1 1760 5089 180
1 1761 5089 187
1 1762 5089 181
1 1763 5089 185
1 1764 5094 175
1 1765 5094 171
1 1766 5094 173
1 1767 5094 177
1 1768 5096 189
1 1769 5097 188
1 1770 5097 185
1 1771 5097 189
1 1772 5100 182
1 1773 5100 182
1 1774 5100 183
1 1775 5102 183
1 1776 5103 167
1 1777 5103 170
1 1778 5103 171
1 1779 5105 180
1 1780 5107 174
1 1781 5107 170
1 1782 5107 171
1 1783 5107 172
1 1784 5107 170
1 1785 5107 170
1 1786 5107 169
1 1787 5107 170
1 1788 5108 185
1 1789 5111 173
1 1790 5111 169
1 1791 5111 169
1 1792 5113 189
1 1793 5114 188
1 1794 5119 179
1 1795 5119 179
1 1796 5120 168
1 1797 5121 170
1 1798 5121 179
1 1799 5121 179
1 1800 5121 177
1 1801 5121 180
1 1802 5122 175
1 1803 5124 177
1 1804 5125 171
1 1805 5125 174
1 1806 5127 169
1 1807 5127 169
1 1808 5127 169
1 1809 5128 185
1 1810 5129 181
1 1811 5130 194
1 1812 5130 182
1 1813 5130 182
1 1814 5132 191
1 1815 5132 189
1 1816 5133 180
1 1817 5133 180
1 1818 5135 170
1 1819 5137 182
1 1820 5137 182
1 1821 5137 181
1 1822 5137 182
1 1823 5137 180
1 1824 5137 182
1 1825 5137 182
1 1826 5137 182
1 1827 5141 175
1 1828 5141 176
1 1829 5141 172
1 1830 5141 177
1 1831 5141 179
1 1832 5142 182
1 1833 5144 165
1 1834 5144 168
1 1835 5144 165
1 1836 5144 169
1 1837 5144 169
1 1838 5144 167
1 1839 5146 166
1 1840 5146 192
1 1841 5147 189
1 1842 5150 172
1 1843 5150 172
1 1844 5150 172
1 1845 5150 173
1 1846 5150 173
1 1847 5150 173
1 1848 5150 172
1 1849 5152 187
1 1850 5152 187
1 1851 5152 185
1 1852 5152 185
1 1853 5153 192
1 1854 5156 185
1 1855 5157 172
1 1856 5158 188
1 1857 5226 175
1 1858 5226 176
1 1859 5232 176
1 1860 5232 173
1 1861 5232 171
1 1862 5232 172
1 1863 5234 178
1 1864 5235 175
1 1865 5235 177
1 1866 5235 177
1 1867 5235 175
1 1868 5242 172
1 1869 5242 174
1 1870 5242 174
1 1871 5246 178
1 1872 5247 180
1 1873 5248 168
1 1874 5248 166
1 1875 5248 170
1 1876 5248 169
1 1877 5250 175
1 1878 5250 175
1 1879 5250 175
1 1880 5250 179
1 1881 5250 177
1 1882 5276 174
1 1883 5276 172
1 1884 5312 192
1 1885 5326 178
1 1886 5326 182
1 1887 5326 179
1 1888 5326 182
1 1889 5403 185
1 1890 5407 192
1 1891 5420 195
1 1892 5420 194
1 1893 5421 190
1 1894 5421 190
1 1895 5421 190
1 1896 5421 187
1 1897 5421 188
1 1898 5421 191
1 1899 5422 192
1 1900 5422 196
1 1901 5426 182
1 1902 5427 175
1 1903 5427 174
1 1904 5427 175
1 1905 5427 172
1 1906 5430 182
1 1907 5430 178
1 1908 5430 177
1 1909 5431 182
1 1910 5431 186
1 1911 5431 184
1 1912 5431 176
1 1913 5433 175
1 1914 5433 176
1 1915 5433 177
1 1916 5433 174
1 1917 5439 190
1 1918 5439 186
1 1919 5439 190
1 1920 5442 192
1 1921 5442 186
1 1922 5442 190
1 1923 5442 191
1 1924 5442 187
1 1925 5442 189
1 1926 5442 190
1 1927 5442 191
1 1928 5443 179
1 1929 5443 163
1 1930 5443 179
1 1931 5443 180
1 1932 5444 182
1 1933 5444 179
1 1934 5444 181
1 1935 5444 182
1 1936 5444 179
1 1937 5444 180
1 1938 5444 178
1 1939 5447 180
1 1940 5447 175
1 1941 5447 184
1 1942 5455 176
1 1943 5455 170
1 1944 5456 172
1 1945 5456 167
1 1946 5458 183
1 1947 5459 182
1 1948 5460 179
1 1949 5466 174
1 1950 5466 172
1 1951 5466 176
1 1952 5466 172
1 1953 5466 171
1 1954 5466 173
1 1955 5467 196
1 1956 5468 189
1 1957 5469 176
1 1958 5469 179
1 1959 5476 187
1 1960 5476 187
1 1961 5480 190
1 1962 5480 189
1 1963 5483 177
1 1964 5484 171
1 1965 5485 173
1 1966 5485 176
1 1967 5486 184
1 1968 5486 186
1 1969 5486 186
1 1970 5486 180
1 1971 5486 184
1 1972 5486 186
1 1973 5490 176
1 1974 5490 178
1 1975 5490 178
1 1976 5490 176
1 1977 5490 177
1 1978 5490 177
1 1979 5490 177
1 1980 5490 177
1 1981 5490 175
1 1982 5490 175
1 1983 5490 179
1 1984 5490 178
1 1985 5490 177
1 1986 5491 174
1 1987 5491 172
1 1988 5491 176
1 1989 5495 178
1 1990 5495 176
1 1991 5495 172
1 1992 5495 174
1 1993 5495 174
1 1994 5495 176
1 1995 5495 176
1 1996 5496 186
1 1997 5496 186
1 1998 5496 187
1 1999 5496 186
1 2000 5496 188
1 2001 5496 183
1 2002 5496 188
1 2003 5501 185
1 2004 5501 182
1 2005 5501 184
1 2006 5501 182
1 2007 5501 185
1 2008 5501 183
1 2009 5501 184
1 2010 5501 182
1 2011 5501 183
1 2012 5501 186
1 2013 5501 182
1 2014 5501 183
1 2015 5501 184
1 2016 5501 184
1 2017 5501 183
1 2018 5505 184
1 2019 5505 184
1 2020 5505 185
1 2021 5505 183
1 2022 5506 179
1 2023 5506 181
1 2024 5506 179
1 2025 5510 183
1 2026 5510 189
1 2027 5510 186
1 2028 5510 187
1 2029 5510 188
1 2030 5510 186
1 2031 5510 184
1 2032 5513 191
1 2033 5514 180
1 2034 5515 180
1 2035 5515 178
1 2036 5516 179
1 2037 5520 181
1 2038 5520 181
1 2039 5520 181
1 2040 5520 181
1 2041 5520 178
1 2042 5520 182
1 2043 5520 183
1 2044 5520 169
1 2045 5520 182
1 2046 5520 178
1 2047 5520 182
1 2048 5525 185
1 2049 5525 178
1 2050 5525 182
1 2051 5525 186
1 2052 5525 185
1 2053 5525 184
1 2054 5525 185
1 2055 5526 182
1 2056 5526 186
1 2057 5526 185
1 2058 5526 181
1 2059 5526 185
1 2060 5528 186
1 2061 5528 185
1 2062 5528 185
1 2063 5528 186
1 2064 5528 185
1 2065 5528 188
1 2066 5528 186
1 2067 5528 185
1 2068 5528 186
1 2069 5530 168
1 2070 5530 168
1 2071 5530 169
1 2072 5530 167
1 2073 5530 168
1 2074 5531 182
1 2075 5531 182
1 2076 5531 181
1 2077 5531 183
1 2078 5531 183
1 2079 5531 184
1 2080 5531 185
1 2081 5535 175
1 2082 5535 179
1 2083 5535 175
1 2084 5535 176
1 2085 5535 176
1 2086 5535 175
1 2087 5542 177
1 2088 5542 178
1 2089 5542 179
1 2090 5542 180
1 2091 5543 185
1 2092 5543 184
1 2093 5543 185
1 2094 5544 180
1 2095 5547 170
1 2096 5547 168
1 2097 5547 170
1 2098 5547 167
1 2099 5552 182
1 2100 5552 179
1 2101 5555 182
1 2102 5555 189
1 2103 5555 184
1 2104 5555 183
1 2105 5555 183
1 2106 5556 188
1 2107 5561 188
1 2108 5562 179
1 2109 5562 181
1 2110 5562 182
1 2111 5562 185
1 2112 5589 174
1 2113 5589 172
1 2114 5593 180
1 2115 5593 179
1 2116 5594 181
1 2117 5595 186
1 2118 5596 186
1 2119 5597 165
1 2120 5597 166
1 2121 5597 167
1 2122 5604 178
1 2123 5604 180
1 2124 5604 180
1 2125 5606 188
1 2126 5616 182
1 2127 5616 187
1 2128 5622 193
1 2129 5626 171
1 2130 5626 171
1 2131 5626 171
1 2132 5631 169
1 2133 5631 167
1 2134 5631 171
1 2135 5631 168
1 2136 5632 180
1 2137 5632 182
1 2138 5636 178
1 2139 5636 185
1 2140 5636 187
1 2141 5636 187
1 2142 5636 185
1 2143 5648 187
1 2144 5648 187
1 2145 5648 187
1 2146 5648 189
1 2147 5652 185
1 2148 5652 184
1 2149 5652 184
1 2150 5662 180
1 2151 5662 174
1 2152 5662 170
1 2153 5662 173
1 2154 5662 173
1 2155 5705 181
1 2156 5741 183
1 2157 5741 186
1 2158 5741 184
1 2159 5741 185
1 2160 5741 181
1 2161 5751 171
1 2162 5751 175
1 2163 5751 176
1 2164 5751 171
1 2165 5751 172
1 2166 5751 173
1 2167 5759 169
1 2168 5762 194
1 2169 5768 193
1 2170 5768 196
1 2171 5768 194
1 2172 5768 192
1 2173 5768 195
1 2174 5768 195
1 2175 5891 170
1 2176 5891 175
1 2177 5917 180
1 2178 6082 182
1 2179 6084 179
1 2180 6084 158
1 2181 6086 170
1 2182 6086 170
1 2183 6089 182
1 2184 6089 182
1 2185 6099 183
1 2186 6099 182
1 2187 6100 192
1 2188 6100 192
1 2189 6100 192
1 2190 6116 187
1 2191 6116 175
1 2192 6116 190
1 2193 6116 191
1 2194 6116 187
1 2195 6118 174
1 2196 6118 171
1 2197 6124 171
1 2198 6124 173
1 2199 6124 172
1 2200 6124 172
1 2201 6124 171
1 2202 6125 179
1 2203 6125 186
1 2204 6127 177
1 2205 6127 178
1 2206 6127 173
1 2207 6136 185
1 2208 6136 187
1 2209 6136 184
1 2210 6145 174
1 2211 6145 180
1 2212 6145 181
1 2213 6145 182
1 2214 6147 175
1 2215 6147 180
1 2216 6150 182
1 2217 6150 181
1 2218 6150 182
1 2219 6150 183
1 2220 6150 181
1 2221 6151 182
1 2222 6151 181
1 2223 6151 183
1 2224 6151 181
1 2225 6155 173
1 2226 6155 173
1 2227 6155 172
1 2228 6155 172
1 2229 6155 172
1 2230 6155 172
1 2231 6159 182
1 2232 6159 183
1 2233 6159 177
1 2234 6159 186
1 2235 6164 179
1 2236 6168 168
1 2237 6168 169
1 2238 6168 168
1 2239 6168 170
1 2240 6168 169
1 2241 6168 169
1 2242 6168 169
1 2243 6171 183
1 2244 6171 184
1 2245 6176 173
1 2246 6176 173
1 2247 6176 176
1 2248 6176 176
1 2249 6186 164
1 2250 6186 156
1 2251 6189 176
1 2252 6189 174
1 2253 6189 175
1 2254 6189 176
1 2255 6189 174
1 2256 6193 182
1 2257 6193 182
1 2258 6193 181
1 2259 6195 186
1 2260 6196 175
1 2261 6196 174
1 2262 6196 176
1 2263 6196 175
1 2264 6196 174
1 2265 6196 174
1 2266 6302 196
1 2267 6302 193
1 2268 6302 194
1 2269 6302 194
1 2270 6331 184
1 2271 6332 190
1 2272 6332 141
1 2273 6332 188
1 2274 6332 189
1 2275 6332 188
1 2276 6333 184
1 2277 6333 183
1 2278 6333 184
1 2279 6338 181
1 2280 6342 179
1 2281 6342 180
1 2282 6345 193
1 2283 6345 194
1 2284 6348 173
1 2285 6348 175
1 2286 6348 171
1 2287 6348 171
1 2288 6348 172
1 2289 6348 171
1 2290 6348 171
1 2291 6348 172
1 2292 6348 171
1 2293 6348 171
1 2294 6354 181
1 2295 6354 180
1 2296 6362 179
1 2297 6362 177
1 2298 6369 179
1 2299 6369 184
1 2300 6406 184
1 2301 6406 185
1 2302 6406 185
1 2303 6406 183
1 2304 6406 184
1 2305 6406 185
1 2306 6406 184
1 2307 6408 174
1 2308 6408 175
1 2309 6408 173
1 2310 6408 175
1 2311 6408 172
1 2312 6408 173
1 2313 6409 182
1 2314 6411 187
1 2315 6411 186
1 2316 6411 186
1 2317 6414 177
1 2318 6425 178
1 2319 6435 184
1 2320 6435 184
1 2321 6435 183
1 2322 6435 181
1 2323 6441 170
1 2324 6441 170
1 2325 6441 170
1 2326 6441 170
1 2327 6451 181
1 2328 6451 182
1 2329 6451 181
1 2330 6451 181
1 2331 6452 184
1 2332 6452 183
1 2333 6452 182
1 2334 6455 173
1 2335 6455 179
1 2336 6455 175
1 2337 6459 179
1 2338 6463 185
1 2339 6463 186
1 2340 6463 185
1 2341 6463 187
1 2342 6479 196
1 2343 6479 197
1 2344 6479 197
1 2345 6479 196
1 2346 6479 194
1 2347 6479 195
1 2348 6479 196
1 2349 6486 200
1 2350 6486 200
1 2351 6486 198
1 2352 6486 186
1 2353 6528 175
1 2354 6536 183
1 2355 6536 183
1 2356 6565 196
1 2357 6565 197
1 2358 6565 199
1 2359 6565 197
1 2360 6567 177
1 2361 6577 186
1 2362 6577 187
1 2363 6577 180
1 2364 6577 187
1 2365 6577 186
1 2366 6583 188
1 2367 6583 190
1 2368 6583 191
1 2369 6583 188
1 2370 6585 182
1 2371 6588 180
1 2372 6588 180
1 2373 6591 177
1 2374 6591 178
1 2375 6593 173
1 2376 6593 172
1 2377 6593 171
1 2378 6599 179
1 2379 6599 179
1 2380 6599 179
1 2381 6599 179
1 2382 6599 180
1 2383 6605 178
1 2384 6605 176
1 2385 6605 175
1 2386 6605 176
1 2387 6608 180
1 2388 6608 180
1 2389 6608 181
1 2390 6608 180
1 2391 6608 181
1 2392 6609 168
1 2393 6609 170
1 2394 6609 171
1 2395 6615 174
1 2396 6615 174
1 2397 6615 175
1 2398 6615 173
1 2399 6615 174
1 2400 6616 194
1 2401 6616 193
1 2402 6616 194
1 2403 6616 195
1 2404 6616 194
1 2405 6616 194
1 2406 6616 193
1 2407 6616 195
1 2408 6617 170
1 2409 6617 175
1 2410 6617 176
1 2411 6617 176
1 2412 6617 176
1 2413 6620 187
1 2414 6620 189
1 2415 6625 171
1 2416 6625 171
1 2417 6625 171
1 2418 6625 171
1 2419 6625 172
1 2420 6625 173
1 2421 6633 183
1 2422 6633 184
1 2423 6644 179
1 2424 6644 181
1 2425 6644 180
1 2426 6644 181
1 2427 6644 181
1 2428 6644 180
1 2429 6644 181
1 2430 6644 180
1 2431 6644 180
1 2432 6644 184
1 2433 6646 174
1 2434 6646 173
1 2435 6646 174
1 2436 6654 167
1 2437 6654 167
1 2438 6654 168
1 2439 6663 178
1 2440 6663 177
1 2441 6663 177
1 2442 6663 177
1 2443 6666 174
1 2444 6666 177
1 2445 6674 172
1 2446 6674 173
1 2447 6675 184
1 2448 6678 173
1 2449 6678 173
1 2450 6678 175
1 2451 6679 179
1 2452 6679 178
1 2453 6679 179
1 2454 6679 178
1 2455 6679 178
1 2456 6679 177
1 2457 6679 179
1 2458 6679 178
1 2459 6679 178
1 2460 6679 179
1 2461 6680 185
1 2462 6680 188
1 2463 6680 184
1 2464 6680 184
1 2465 6682 182
1 2466 6682 183
1 2467 6682 182
1 2468 6682 183
1 2469 6682 184
1 2470 6682 183
1 2471 6682 183
1 2472 6683 181
1 2473 6683 182
1 2474 6683 181
1 2475 6683 181
1 2476 6685 168
1 2477 6688 172
1 2478 6688 172
1 2479 6689 187
1 2480 6690 173
1 2481 6690 174
1 2482 6690 174
1 2483 6690 173
1 2484 6690 173
1 2485 6691 181
1 2486 6691 181
1 2487 6691 181
1 2488 6691 181
1 2489 6692 167
1 2490 6694 179
1 2491 6694 178
1 2492 6694 178
1 2493 6695 169
1 2494 6697 174
1 2495 6701 182
1 2496 6713 175
1 2497 6715 176
1 2498 6717 182
1 2499 6718 183
1 2500 6718 186
1 2501 6718 185
1 2502 6719 183
1 2503 6719 183
1 2504 6719 184
1 2505 6721 196
1 2506 6721 196
1 2507 6721 197
1 2508 6721 197
1 2509 6721 195
1 2510 6721 195
1 2511 6722 188
1 2512 6722 187
1 2513 6722 187
1 2514 6722 188
1 2515 6722 185
1 2516 6723 172
1 2517 6723 173
1 2518 6723 174
1 2519 6723 172
1 2520 6723 173
1 2521 6724 180
1 2522 6724 180
1 2523 6724 179
1 2524 6724 180
1 2525 6724 177
1 2526 6724 180
1 2527 6725 183
1 2528 6725 184
1 2529 6725 183
1 2530 6726 177
1 2531 6726 176
1 2532 6726 178
1 2533 6726 178
1 2534 6729 191
1 2535 6730 181
1 2536 6730 178
1 2537 6770 177
1 2538 6770 178
1 2539 6770 179
1 2540 6776 182
1 2541 6776 180
1 2542 6776 182
1 2543 6777 184
1 2544 6777 184
1 2545 6777 185
1 2546 6779 184
1 2547 6827 177
1 2548 6827 176
1 2549 6827 172
1 2550 6827 178
1 2551 6827 177
1 2552 6827 175
1 2553 6827 176
1 2554 6829 184
1 2555 6831 178
1 2556 6831 176
1 2557 6831 176
1 2558 6831 177
1 2559 6833 174
1 2560 6833 172
1 2561 6834 190
1 2562 6834 191
1 2563 6834 190
1 2564 6834 189
1 2565 6837 182
1 2566 6838 182
1 2567 6841 173
1 2568 6851 177
1 2569 6851 179
1 2570 6851 178
1 2571 6857 172
1 2572 6857 172
1 2573 6859 190
1 2574 6860 187
1 2575 6860 188
1 2576 6866 184
1 2577 6866 183
1 2578 6866 182
1 2579 6866 181
1 2580 6866 182
1 2581 6866 182
1 2582 6867 178
1 2583 6868 189
1 2584 6868 187
1 2585 6869 179
1 2586 6869 178
1 2587 6869 178
1 2588 6869 179
1 2589 6869 179
1 2590 6874 170
1 2591 6874 169
1 2592 6874 170
1 2593 6884 189
1 2594 6886 189
1 2595 6886 191
1 2596 6888 183
1 2597 6892 180
1 2598 6892 185
1 2599 6898 175
1 2600 6898 174
1 2601 6900 182
1 2602 6900 180
1 2603 6900 181
1 2604 6907 187
1 2605 6909 172
1 2606 6909 174
1 2607 6910 183
1 2608 6910 183
1 2609 6911 184
1 2610 6911 181
1 2611 6915 180
1 2612 6916 178
1 2613 6916 176
1 2614 6916 176
1 2615 6920 184
1 2616 6927 181
1 2617 6927 182
1 2618 6927 183
1 2619 6927 182
1 2620 6927 182
1 2621 6928 177
1 2622 6928 177
1 2623 6929 174
1 2624 6929 174
1 2625 6929 173
1 2626 6929 172
1 2627 6929 174
1 2628 6929 174
1 2629 6929 173
1 2630 6930 180
1 2631 6930 180
1 2632 6930 180
1 2633 6930 179
1 2634 6930 179
1 2635 6930 180
1 2636 6930 179
1 2637 6930 180
1 2638 6933 193
1 2639 6935 181
1 2640 6935 183
1 2641 6936 167
1 2642 6936 168
1 2643 6936 168
1 2644 6936 167
1 2645 6937 175
1 2646 6937 171
1 2647 6937 175
1 2648 6937 174
1 2649 6937 173
1 2650 6937 173
1 2651 6937 174
1 2652 6938 183
1 2653 6938 183
1 2654 6938 184
1 2655 6938 182
1 2656 6938 182
1 2657 6938 183
1 2658 6938 184
1 2659 6939 181
1 2660 6939 179
1 2661 6939 181
1 2662 6943 180
1 2663 6943 179
1 2664 6943 181
1 2665 6943 179
1 2666 6945 181
1 2667 6945 184
1 2668 6945 182
1 2669 6945 183
1 2670 6945 182
1 2671 6945 184
1 2672 6945 183
1 2673 6948 176
1 2674 6948 177
1 2675 6948 176
1 2676 6948 175
1 2677 6948 175
1 2678 6948 175
1 2679 6948 175
1 2680 6957 186
1 2681 6957 182
1 2682 6957 184
1 2683 6957 185
1 2684 6957 187
1 2685 6957 187
1 2686 6958 183
1 2687 6958 183
1 2688 6958 185
1 2689 6962 173
1 2690 6962 172
1 2691 6967 184
1 2692 6967 185
1 2693 6967 186
1 2694 6967 184
1 2695 6967 186
1 2696 6967 185
1 2697 6967 185
1 2698 6967 187
1 2699 6969 181
1 2700 6969 181
1 2701 6969 180
1 2702 6969 182
1 2703 6969 181
1 2704 6969 181
1 2705 6969 181
1 2706 6969 182
1 2707 6969 182
1 2708 6969 181
1 2709 6971 169
1 2710 6971 170
1 2711 6972 180
1 2712 6972 181
1 2713 6979 183
1 2714 6979 182
1 2715 6979 182
1 2716 6979 184
1 2717 6981 193
1 2718 6982 174
1 2719 6982 174
1 2720 6982 176
1 2721 6982 175
1 2722 6982 175
1 2723 6986 184
1 2724 6986 183
1 2725 6986 181
1 2726 6986 182
1 2727 6990 179
1 2728 6990 178
1 2729 6990 180
1 2730 6990 179
1 2731 6990 177
1 2732 7039 189
1 2733 7043 174
1 2734 7043 176
1 2735 7043 173
1 2736 7043 173
1 2737 7043 174
1 2738 7043 172
1 2739 7043 174
1 2740 7045 187
1 2741 7045 186
1 2742 7045 187
1 2743 7046 178
1 2744 7046 176
1 2745 7048 195
1 2746 7050 184
1 2747 7050 183
1 2748 7050 181
1 2749 7050 184
1 2750 7051 181
1 2751 7051 180
1 2752 7051 181
1 2753 7053 179
1 2754 7053 178
1 2755 7055 185
1 2756 7055 183
1 2757 7056 176
1 2758 7056 175
1 2759 7056 176
1 2760 7063 179
1 2761 7063 179
1 2762 7063 179
1 2763 7095 206
1 2764 7095 208
1 2765 7095 206
1 2766 7095 208
1 2767 7108 171
1 2768 7108 170
1 2769 7108 171
1 2770 7109 189
1 2771 7112 185
1 2772 7112 186
1 2773 7115 182
1 2774 7115 183
1 2775 7118 185
1 2776 7118 182
1 2777 7124 173
1 2778 7125 191
1 2779 7131 185
1 2780 7131 185
1 2781 7133 187
1 2782 7133 189
1 2783 7133 188
1 2784 7133 180
1 2785 7134 190
1 2786 7134 187
1 2787 7134 189
1 2788 7137 186
1 2789 7140 179
1 2790 7142 176
1 2791 7142 175
1 2792 7142 175
1 2793 7142 175
1 2794 7143 175
1 2795 7143 176
1 2796 7144 170
1 2797 7144 174
1 2798 7144 173
1 2799 7156 191
1 2800 7157 181
1 2801 7157 182
1 2802 7157 183
1 2803 7157 182
1 2804 7157 182
1 2805 7157 181
1 2806 7158 192
1 2807 7159 174
1 2808 7159 174
1 2809 7159 172
1 2810 7159 169
1 2811 7163 177
1 2812 7163 179
1 2813 7163 177
1 2814 7163 178
1 2815 7163 180
1 2816 7172 175
1 2817 7172 176
1 2818 7172 175
1 2819 7172 176
1 2820 7172 175
1 2821 7172 174
1 2822 7172 175
1 2823 7173 193
1 2824 7173 192
1 2825 7173 194
1 2826 7185 183
1 2827 7185 184
1 2828 7185 184
1 2829 7185 186
1 2830 7193 176
1 2831 7194 168
1 2832 7194 169
1 2833 7194 167
1 2834 7194 170
1 2835 7194 168
1 2836 7198 181
1 2837 7198 180
1 2838 7198 179
1 2839 7199 191
1 2840 7201 161
1 2841 7201 160
1 2842 7202 175
1 2843 7205 186
1 2844 7205 187
1 2845 7205 185
1 2846 7205 189
1 2847 7205 186
1 2848 7205 185
1 2849 7205 186
1 2850 7206 187
1 2851 7206 186
1 2852 7206 185
1 2853 7209 182
1 2854 7213 181
1 2855 7213 183
1 2856 7213 181
1 2857 7213 181
1 2858 7213 180
1 2859 7215 172
1 2860 7215 172
1 2861 7216 182
1 2862 7216 182
1 2863 7216 181
1 2864 7223 181
1 2865 7227 170
1 2866 7227 167
1 2867 7228 167
1 2868 7230 179
1 2869 7230 181
1 2870 7230 179
1 2871 7230 179
1 2872 7230 182
1 2873 7230 180
1 2874 7230 179
1 2875 7230 181
1 2876 7232 186
1 2877 7232 187
1 2878 7241 179
1 2879 7241 180
1 2880 7241 179
1 2881 7245 178
1 2882 7245 177
1 2883 7252 171
1 2884 7252 172
1 2885 7252 172
1 2886 7252 173
1 2887 7256 195
1 2888 7256 195
1 2889 7257 175
1 2890 7257 178
1 2891 7260 179
1 2892 7261 180
1 2893 7261 180
1 2894 7261 180
1 2895 7262 176
1 2896 7262 176
1 2897 7262 177
1 2898 7267 181
1 2899 7267 181
1 2900 7267 180
1 2901 7267 181
1 2902 7336 154
1 2903 7339 190
1 2904 7454 176
1 2905 7454 175
1 2906 7454 174
1 2907 7454 174
1 2908 7454 177
1 2909 7454 175
1 2910 7454 175
1 2911 7454 176
1 2912 7454 173
1 2913 7454 176
1 2914 7455 176
1 2915 7458 177
1 2916 7458 177
1 2917 7458 166
1 2918 7458 178
1 2919 7459 166
1 2920 7459 168
1 2921 7472 178
1 2922 7472 179
1 2923 7472 180
1 2924 7472 178
1 2925 7472 179
1 2926 7476 182
1 2927 7476 183
1 2928 7476 184
1 2929 7476 183
1 2930 7476 183
1 2931 7476 183
1 2932 7482 192
1 2933 7485 180
1 2934 7485 182
1 2935 7486 174
1 2936 7486 175
1 2937 7486 175
1 2938 7486 175
1 2939 7486 175
1 2940 7486 174
1 2941 7492 192
1 2942 7492 192
1 2943 7492 193
1 2944 7492 192
1 2945 7542 179
1 2946 7542 179
1 2947 7542 178
1 2948 7542 178
1 2949 7542 179
1 2950 7542 180
1 2951 7542 178
1 2952 7542 179
1 2953 7542 179
1 2954 7560 179
1 2955 7560 178
1 2956 7560 180
1 2957 7560 181
1 2958 7560 178
1 2959 7560 178
1 2960 7560 179
1 2961 7560 178
1 2962 7560 178
1 2963 7565 190
1 2964 7565 190
1 2965 7565 188
1 2966 7565 189
1 2967 7565 191
1 2968 7574 170
1 2969 7574 169
1 2970 7574 168
1 2971 7574 170
1 2972 7574 170
1 2973 7574 168
1 2974 7574 169
1 2975 7574 170
1 2976 7575 178
1 2977 7575 175
1 2978 7575 174
1 2979 7575 175
1 2980 7575 177
1 2981 7576 175
1 2982 7576 177
1 2983 7576 176
1 2984 7576 178
1 2985 7576 176
1 2986 7576 175
1 2987 7576 177
1 2988 7576 176
1 2989 7576 176
1 2990 7587 176
1 2991 7587 178
1 2992 7587 175
1 2993 7590 172
1 2994 7593 173
1 2995 7593 173
1 2996 7593 173
1 2997 7596 168
1 2998 7687 175
1 2999 7692 204
1 3000 7692 186
1 3001 7698 172
1 3002 7698 174
1 3003 7700 189
1 3004 7700 187
1 3005 7706 183
1 3006 8240 178
1 3007 8240 179
1 3008 8240 180
1 3009 8240 180
1 3010 8258 172
1 3011 8258 173
1 3012 8258 173
1 3013 8258 175
1 3014 8258 174
1 3015 8258 173
1 3016 8258 171
1 3017 8265 178
1 3018 8304 186
1 3019 8304 185
1 3020 8312 177
1 3021 8312 178
1 3022 8312 179
1 3023 8327 177
1 3024 8327 179
1 3025 8327 178
1 3026 8327 177
1 3027 8327 179
1 3028 8358 178
1 3029 8358 176
1 3030 8358 175
1 3031 8358 176
1 3032 8362 178
1 3033 8365 163
1 3034 8467 194
1 3035 8467 196
1 3036 8506 189
1 3037 8506 189
1 3038 8506 189
1 3039 8506 190
1 3040 8508 189
1 3041 8508 188
1 3042 8508 186
1 3043 8508 188
1 3044 8508 188
1 3045 8508 129
1 3046 8510 172
1 3047 8710 180
1 3048 8710 181
1 3049 8712 171
1 3050 8712 175
1 3051 8714 174
1 3052 8714 174
1 3053 8714 175
1 3054 8714 175
1 3055 8715 183
1 3056 8716 179
1 3057 8716 176
1 3058 8717 186
1 3059 8718 183
1 3060 8720 166
1 3061 8721 171
1 3062 8721 172
1 3063 8721 171
1 3064 8721 170
1 3065 8724 182
1 3066 8725 173
1 3067 8725 166
1 3068 8729 182
1 3069 8729 183
1 3070 8729 183
1 3071 8729 183
1 3072 8729 182
1 3073 8730 172
1 3074 8730 170
1 3075 8730 171
1 3076 8730 171
1 3077 8730 169
1 3078 8730 171
1 3079 8730 170
1 3080 8730 171
1 3081 8731 181
1 3082 8731 180
1 3083 8731 180
1 3084 8731 180
1 3085 8733 184
1 3086 8733 184
1 3087 8733 183
1 3088 8734 174
1 3089 8734 175
1 3090 8734 175
1 3091 8735 182
1 3092 8735 182
1 3093 8735 182
1 3094 8744 170
1 3095 8744 170
1 3096 8744 169
1 3097 8744 169
1 3098 8749 172
1 3099 8749 178
1 3100 8749 173
1 3101 8750 188
1 3102 8750 190
1 3103 8751 176
1 3104 8751 174
1 3105 8751 177
1 3106 8751 178
1 3107 8751 177
1 3108 8751 178
1 3109 8751 176
1 3110 8751 176
1 3111 8756 172
1 3112 8756 175
1 3113 8758 170
1 3114 8758 171
1 3115 8758 166
1 3116 8758 167
1 3117 8758 169
1 3118 8758 169
1 3119 8758 170
1 3120 8759 178
1 3121 8760 182
1 3122 8760 186
1 3123 8762 171
1 3124 8762 170
1 3125 8762 170
1 3126 8766 183
1 3127 8766 183
1 3128 8773 178
1 3129 8773 177
1 3130 8773 179
1 3131 8780 183
1 3132 8780 180
1 3133 8780 180
1 3134 8780 182
1 3135 8780 182
1 3136 8780 181
1 3137 8780 183
1 3138 8780 182
1 3139 8782 193
1 3140 8782 191
1 3141 8782 192
1 3142 8782 193
1 3143 8783 185
1 3144 8783 186
1 3145 8785 176
1 3146 8785 176
1 3147 8787 166
1 3148 8787 166
1 3149 8790 179
1 3150 8790 179
1 3151 8790 178
1 3152 8790 180
1 3153 8790 179
1 3154 8790 178
1 3155 8794 184
1 3156 8794 186
1 3157 8794 184
1 3158 8794 185
1 3159 8798 185
1 3160 8798 182
1 3161 8798 184
1 3162 8800 181
1 3163 8800 178
1 3164 8804 168
1 3165 8804 167
1 3166 8805 173
1 3167 8807 180
1 3168 8807 179
1 3169 8807 181
1 3170 8807 181
1 3171 8809 181
1 3172 8809 183
1 3173 8811 175
1 3174 8811 174
1 3175 8811 173
1 3176 8811 174
1 3177 8811 173
1 3178 8811 174
1 3179 8811 178
1 3180 8811 166
1 3181 8812 182
1 3182 8812 182
1 3183 8812 184
1 3184 8955 175
1 3185 8965 165
1 3186 8965 164
1 3187 8965 162
1 3188 8974 180
1 3189 8974 178
1 3190 8992 177
1 3191 8997 181
1 3192 9012 184
1 3193 9012 182
1 3194 9016 185
1 3195 9016 185
1 3196 9022 191
1 3197 9022 192
1 3198 9023 175
1 3199 9023 173
1 3200 9023 175
1 3201 9023 173
1 3202 9023 174
1 3203 9023 170
1 3204 9023 174
1 3205 9029 185
1 3206 9029 178
1 3207 9029 177
1 3208 9030 172
1 3209 9030 168
1 3210 9030 171
1 3211 9030 171
1 3212 9036 178
1 3213 9036 177
1 3214 9036 177
1 3215 9038 183
1 3216 9060 186
1 3217 9060 184
1 3218 9060 183
1 3219 9060 182
1 3220 9063 184
1 3221 9063 183
1 3222 9063 184
1 3223 9074 185
1 3224 9074 180
1 3225 9074 181
1 3226 9074 180
1 3227 9075 173
1 3228 9075 173
1 3229 9075 173
1 3230 9083 176
1 3231 9083 178
1 3232 9083 166
1 3233 9086 180
1 3234 9086 182
1 3235 9086 184
1 3236 9086 182
1 3237 9093 174
1 3238 9093 175
1 3239 9093 175
1 3240 9093 175
1 3241 9110 180
1 3242 9110 184
1 3243 9119 177
1 3244 9119 177
1 3245 9119 170
1 3246 9125 186
1 3247 9126 195
1 3248 9139 195
1 3249 9139 197
1 3250 9146 185
1 3251 9165 177
1 3252 9165 177
1 3253 9165 175
1 3254 9165 179
1 3255 9166 191
1 3256 9166 188
1 3257 9166 195
1 3258 9169 158
1 3259 9169 167
1 3260 9169 170
1 3261 9206 180
1 3262 9207 173
1 3263 9207 174
1 3264 9207 175
1 3265 9207 175
1 3266 9208 179
1 3267 9208 182
1 3268 9211 178
1 3269 9211 177
1 3270 9212 185
1 3271 9212 181
1 3272 9213 175
1 3273 9214 187
1 3274 9214 180
1 3275 9216 174
1 3276 9216 174
1 3277 9216 174
1 3278 9217 176
1 3279 9239 177
1 3280 9239 175
1 3281 9244 177
1 3282 9244 185
1 3283 9246 183
1 3284 9246 182
1 3285 9246 181
1 3286 9247 190
1 3287 9257 178
1 3288 9757 177
1 3289 9759 179
1 3290 9759 181
1 3291 9759 182
1 3292 9764 165
1 3293 9768 168
1 3294 9769 169
1 3295 9769 170
1 3296 9769 168
1 3297 9769 170
1 3298 9769 169
1 3299 9775 189
1 3300 9775 191
1 3301 9775 190
1 3302 9778 193
1 3303 9778 195
1 3304 9784 165
1 3305 9784 174
1 3306 9793 181
1 3307 9795 182
1 3308 9795 180
1 3309 9795 180
1 3310 9795 182
1 3311 9797 172
1 3312 9797 172
1 3313 9800 181
1 3314 9800 177
1 3315 9805 178
1 3316 9805 175
1 3317 9805 177
1 3318 9809 186
1 3319 9812 178
1 3320 9817 169
1 3321 9817 168
1 3322 9817 167
1 3323 9819 186
1 3324 9819 186
1 3325 9822 173
1 3326 9822 171
1 3327 9822 173
1 3328 9822 172
1 3329 9822 175
1 3330 9822 173
1 3331 9827 175
1 3332 9827 173
1 3333 9827 177
1 3334 9827 174
1 3335 9827 177
1 3336 9827 178
1 3337 9833 189
1 3338 9833 188
1 3339 9833 182
1 3340 9834 180
1 3341 9836 181
1 3342 9836 181
1 3343 9838 180
1 3344 9839 183
1 3345 9840 180
1 3346 9841 176
1 3347 9841 175
1 3348 9843 171
1 3349 9843 170
1 3350 9843 171
1 3351 9843 172
1 3352 9845 179
1 3353 9849 177
1 3354 9849 183
1 3355 9866 179
1 3356 9866 189
1 3357 9866 187
1 3358 9866 189
1 3359 9866 188
1 3360 9871 182
1 3361 9897 188
1 3362 9897 186
1 3363 9897 188
1 3364 9897 182
1 3365 9904 174
1 3366 9904 173
1 3367 9904 173
1 3368 9904 172
1 3369 10125 195
1 3370 10125 197
1 3371 10126 192
1 3372 10126 193
1 3373 10126 193
1 3374 10131 189
1 3375 10131 186
1 3376 10180 173
1 3377 10180 170
1 3378 10180 167
1 3379 10180 171
1 3380 10190 178
1 3381 10190 178
1 3382 10190 178
1 3383 10190 178
1 3384 10191 185
1 3385 10191 187
1 3386 10191 185
1 3387 10202 190
1 3388 10202 186
1 3389 10205 183
1 3390 10205 185
1 3391 10216 175
1 3392 10220 181
1 3393 10220 180
1 3394 10220 178
1 3395 10220 177
1 3396 10220 180
1 3397 10231 166
1 3398 10231 167
1 3399 10237 176
1 3400 10237 177
1 3401 10237 175
1 3402 10243 172
1 3403 10243 174
1 3404 10251 175
1 3405 10255 176
1 3406 10255 174
1 3407 10255 173
1 3408 10255 178
1 3409 10258 187
1 3410 10258 187
1 3411 10258 191
1 3412 10289 177
1 3413 10293 176
1 3414 10293 181
1 3415 10293 181
1 3416 10296 188
1 3417 10303 192
1 3418 10303 188
1 3419 10303 191
1 3420 10303 190
1 3421 10307 194
1 3422 10345 184
1 3423 10345 183
1 3424 10347 175
1 3425 10347 177
1 3426 10347 176
1 3427 10347 176
1 3428 10347 177
1 3429 10348 170
1 3430 10348 171
1 3431 10349 166
1 3432 10351 179
1 3433 10351 179
1 3434 10351 179
1 3435 10351 179
1 3436 10438 177
1 3437 10438 176
1 3438 10438 178
1 3439 10438 178
1 3440 10438 178
1 3441 10443 168
1 3442 10443 168
1 3443 10443 169
1 3444 10443 165
1 3445 10515 185
1 3446 10518 172
1 3447 10518 175
1 3448 10525 172
1 3449 10525 171
1 3450 10527 176
1 3451 10527 174
1 3452 10527 175
1 3453 10527 176
1 3454 10529 184
1 3455 10530 173
1 3456 10549 174
1 3457 10549 175
1 3458 10552 183
1 3459 10552 184
1 3460 10567 176
1 3461 10567 174
1 3462 10567 175
1 3463 10567 174
1 3464 10575 188
1 3465 10575 189
1 3466 10586 182
1 3467 10586 178
1 3468 10588 183
1 3469 10594 182
1 3470 10594 181
1 3471 10594 182
1 3472 10594 182
1 3473 10603 180
1 3474 10613 181
1 3475 10613 180
1 3476 10618 177
1 3477 10622 183
1 3478 10622 184
1 3479 10622 184
1 3480 10626 181
1 3481 10626 180
1 3482 10628 172
1 3483 10628 174
1 3484 10628 172
1 3485 10630 180
1 3486 10630 182
1 3487 10632 182
1 3488 10632 177
1 3489 10632 183
1 3490 10642 179
1 3491 10642 178
1 3492 10647 184
1 3493 10647 181
1 3494 10647 183
1 3495 10659 185
1 3496 10659 183
1 3497 10661 180
1 3498 10661 183
1 3499 10661 183
1 3500 11075 175
1 3501 11075 174
1 3502 11075 175
1 3503 11092 196
1 3504 11107 189
1 3505 11202 180
1 3506 11202 183
1 3507 11222 181
1 3508 11228 184
1 3509 11384 178
1 3510 11386 176
1 3511 11386 176
1 3512 11393 170
1 3513 11395 172
1 3514 11395 172
1 3515 11508 165
1 3516 11515 176
1 3517 11521 173
1 3518 11524 184
1 3519 11531 181
1 3520 11549 167
1 3521 11560 178
1 3522 11563 167
1 3523 11563 170
1 3524 11563 169
1 3525 11567 180
1 3526 11568 180
1 3527 11568 179
1 3528 11569 176
1 3529 11571 181
1 3530 11571 181
1 3531 11572 180
1 3532 11574 174
1 3533 11575 169
1 3534 11575 166
1 3535 11580 175
1 3536 11581 185
1 3537 11582 175
1 3538 11589 176
1 3539 11594 176
1 3540 11602 192
1 3541 11602 191
1 3542 11604 180
1 3543 11606 176
1 3544 11606 176
1 3545 11608 183
1 3546 11618 178
1 3547 11619 166
1 3548 11620 177
1 3549 11620 175
1 3550 11621 181
1 3551 11621 178
1 3552 11626 180
1 3553 11631 172
1 3554 11635 178
1 3555 11795 174
1 3556 11797 188
1 3557 11799 176
1 3558 11804 171
1 3559 11806 175
1 3560 11806 173
1 3561 11806 175
1 3562 11819 168
1 3563 11825 190
1 3564 11851 183
1 3565 11852 185
1 3566 11856 168
1 3567 11868 182
1 3568 11910 174
1 3569 11912 177
1 3570 11915 178
1 3571 11922 162
1 3572 11923 179
1 3573 11927 188
1 3574 11930 185
1 3575 11939 176
1 3576 11947 181
1 3577 11950 177
1 3578 11972 171
1 3579 11974 172
1 3580 11983 195
1 3581 11984 189
1 3582 11987 175
1 3583 11989 178
1 3584 11992 177
1 3585 11998 176
1 3586 12003 181
1 3587 12017 182
1 3588 12036 180
1 3589 12038 171
1 3590 12105 175
1 3591 12113 189
1 3592 12457 178
1 3593 12468 175
1 3594 12469 185
