1 1 1552 129
1 2 1552 127
1 3 1553 128
1 4 1554 135
1 5 1554 129
1 6 1554 125
1 7 1554 130
1 8 1583 134
1 9 1592 126
1 10 1597 128
1 11 1598 122
1 12 1600 118
1 13 1604 140
1 14 1605 120
1 15 1610 120
1 16 1614 131
1 17 1615 134
1 18 1617 138
1 19 1621 134
1 20 1625 127
1 21 1629 142
1 22 1632 122
1 23 1639 131
1 24 1642 132
1 25 1648 136
1 26 1649 120
1 27 1660 136
1 28 1660 127
1 29 1660 124
1 30 1660 124
1 31 1662 125
1 32 1663 125
1 33 1663 126
1 34 1663 131
1 35 1664 138
1 36 1664 125
1 37 1664 132
1 38 1664 136
1 39 1664 129
1 40 1664 129
1 41 1666 133
1 42 1666 122
1 43 1666 126
1 44 1666 131
1 45 1741 130
1 46 1741 134
1 47 1741 131
1 48 1741 135
1 49 1746 138
1 50 1769 137
1 51 1769 133
1 52 1784 117
1 53 1784 117
1 54 1784 124
1 55 1784 115
1 56 1784 123
1 57 1784 120
1 58 1803 133
1 59 1803 125
1 60 1820 134
1 61 1821 138
1 62 1825 131
1 63 1825 129
1 64 1825 134
1 65 1834 127
1 66 1834 120
1 67 1834 121
1 68 1834 121
1 69 1834 127
1 70 1835 121
1 71 1835 121
1 72 1876 125
1 73 1876 129
1 74 1876 126
1 75 1876 126
1 76 1876 129
1 77 1876 121
1 78 1876 132
1 79 1876 131
1 80 1877 129
1 81 1877 137
1 82 1878 128
1 83 1880 127
1 84 1880 120
1 85 1880 120
1 86 1880 126
1 87 1880 122
1 88 1880 128
1 89 1880 123
1 90 1882 131
1 91 1882 127
1 92 1883 131
1 93 1884 140
1 94 1885 131
1 95 1885 130
1 96 1885 126
1 97 1887 131
1 98 1887 126
1 99 1890 140
1 100 1890 128
1 101 1891 137
1 102 1891 129
1 103 1891 128
1 104 1891 127
1 105 1891 130
1 106 1899 135
1 107 1899 134
1 108 1899 128
1 109 1960 139
1 110 1981 129
1 111 2064 125
1 112 2064 128
1 113 2064 138
1 114 2064 129
1 115 2066 126
1 116 2066 131
1 117 2066 116
1 118 2066 123
1 119 2066 122
1 120 2067 138
1 121 2067 133
1 122 2068 129
1 123 2068 140
1 124 2069 131
1 125 2069 133
1 126 2069 129
1 127 2069 132
1 128 2069 134
1 129 2069 145
1 130 2070 128
1 131 2070 131
1 132 2071 141
1 133 2071 124
1 134 2071 129
1 135 2071 138
1 136 2072 126
1 137 2072 131
1 138 2072 121
1 139 2072 131
1 140 2072 127
1 141 2073 138
1 142 2073 125
1 143 2073 103
1 144 2073 131
1 145 2073 127
1 146 2073 126
1 147 2073 124
1 148 2075 123
1 149 2075 122
1 150 2075 137
1 151 2075 136
1 152 2076 129
1 153 2076 133
1 154 2076 124
1 155 2076 124
1 156 2076 126
1 157 2076 123
1 158 2096 152
1 159 2096 140
1 160 2096 132
1 161 2096 149
1 162 2096 154
1 163 2099 134
1 164 2099 137
1 165 2099 132
1 166 2110 116
1 167 2115 151
1 168 2115 141
1 169 2115 141
1 170 2120 128
1 171 2123 140
1 172 2126 130
1 173 2126 132
1 174 2126 132
1 175 2133 128
1 176 2135 140
1 177 2135 130
1 178 2137 129
1 179 2138 128
1 180 2141 133
1 181 2142 142
1 182 2143 125
1 183 2143 116
1 184 2143 129
1 185 2146 125
1 186 2154 124
1 187 2159 127
1 188 2159 137
1 189 2159 127
1 190 2159 132
1 191 2162 150
1 192 2162 140
1 193 2162 143
1 194 2162 138
1 195 2162 143
1 196 2162 138
1 197 2163 123
1 198 2163 121
1 199 2163 127
1 200 2163 126
1 201 2163 127
1 202 2163 136
1 203 2163 132
1 204 2164 113
1 205 2164 104
1 206 2165 132
1 207 2165 126
1 208 2165 131
1 209 2167 122
1 210 2167 135
1 211 2167 123
1 212 2167 131
1 213 2167 130
1 214 2168 114
1 215 2168 120
1 216 2169 122
1 217 2169 130
1 218 2169 124
1 219 2169 122
1 220 2169 134
1 221 2169 127
1 222 2169 132
1 223 2169 122
1 224 2170 134
1 225 2170 137
1 226 2170 129
1 227 2170 133
1 228 2170 123
1 229 2171 136
1 230 2171 145
1 231 2171 132
1 232 2171 132
1 233 2172 122
1 234 2172 126
1 235 2172 125
1 236 2172 137
1 237 2173 135
1 238 2174 127
1 239 2174 125
1 240 2174 127
1 241 2174 132
1 242 2174 139
1 243 2175 123
1 244 2176 134
1 245 2176 137
1 246 2176 129
1 247 2176 131
1 248 2177 131
1 249 2177 125
1 250 2177 125
1 251 2177 126
1 252 2178 138
1 253 2178 131
1 254 2178 134
1 255 2178 130
1 256 2178 127
1 257 2178 126
1 258 2178 133
1 259 2180 112
1 260 2214 121
1 261 2214 128
1 262 2214 121
1 263 2214 128
1 264 2214 126
1 265 2218 120
1 266 2219 146
1 267 2223 128
1 268 2223 124
1 269 2223 123
1 270 2223 120
1 271 2223 115
1 272 2223 132
1 273 2223 123
1 274 2236 139
1 275 2236 128
1 276 2236 135
1 277 2239 147
1 278 2239 136
1 279 2239 133
1 280 2239 130
1 281 2245 122
1 282 2245 130
1 283 2245 123
1 284 2245 127
1 285 2245 120
1 286 2245 127
1 287 2248 129
1 288 2248 132
1 289 2252 125
1 290 2252 131
1 291 2260 138
1 292 2260 129
1 293 2260 140
1 294 2260 124
1 295 2262 122
1 296 2262 124
1 297 2262 117
1 298 2262 128
1 299 2265 133
1 300 2270 122
1 301 2271 133
1 302 2275 135
1 303 2275 135
1 304 2276 136
1 305 2278 131
1 306 2279 128
1 307 2280 130
1 308 2282 129
1 309 2285 125
1 310 2287 129
1 311 2287 125
1 312 2292 123
1 313 2292 124
1 314 2292 126
1 315 2292 126
1 316 2296 121
1 317 2297 140
1 318 2297 143
1 319 2297 140
1 320 2297 148
1 321 2300 156
1 322 2300 132
1 323 2303 144
1 324 2303 135
1 325 2303 141
1 326 2303 141
1 327 2312 130
1 328 2321 143
1 329 2321 141
1 330 2323 140
1 331 2323 130
1 332 2323 131
1 333 2323 132
1 334 2323 130
1 335 2323 128
1 336 2337 132
1 337 2339 133
1 338 2339 130
1 339 2339 125
1 340 2340 126
1 341 2340 126
1 342 2341 122
1 343 2341 123
1 344 2341 121
1 345 2341 124
1 346 2341 121
1 347 2341 133
1 348 2341 120
1 349 2341 132
1 350 2342 136
1 351 2342 124
1 352 2342 126
1 353 2342 126
1 354 2342 124
1 355 2342 130
1 356 2342 121
1 357 2343 138
1 358 2343 131
1 359 2344 152
1 360 2344 139
1 361 2344 145
1 362 2349 125
1 363 2349 118
1 364 2350 142
1 365 2350 139
1 366 2351 121
1 367 2351 127
1 368 2352 129
1 369 2352 138
1 370 2352 134
1 371 2352 125
1 372 2352 130
1 373 2352 129
1 374 2353 137
1 375 2353 127
1 376 2353 121
1 377 2353 121
1 378 2353 124
1 379 2353 127
1 380 2354 135
1 381 2354 135
1 382 2355 123
1 383 2355 120
1 384 2356 136
1 385 2358 140
1 386 2358 129
1 387 2358 131
1 388 2358 135
1 389 2358 131
1 390 2359 125
1 391 2359 121
1 392 2360 126
1 393 2360 118
1 394 2360 128
1 395 2361 118
1 396 2361 127
1 397 2362 121
1 398 2363 131
1 399 2363 116
1 400 2363 129
1 401 2363 128
1 402 2364 125
1 403 2364 115
1 404 2364 126
1 405 2365 135
1 406 2365 135
1 407 2365 138
1 408 2365 134
1 409 2366 125
1 410 2366 124
1 411 2366 127
1 412 2366 137
1 413 2366 128
1 414 2368 125
1 415 2368 118
1 416 2368 131
1 417 2368 132
1 418 2368 123
1 419 2368 130
1 420 2369 127
1 421 2369 119
1 422 2369 123
1 423 2369 132
1 424 2369 118
1 425 2370 128
1 426 2371 123
1 427 2371 122
1 428 2372 131
1 429 2373 127
1 430 2373 132
1 431 2373 144
1 432 2374 127
1 433 2375 137
1 434 2375 126
1 435 2375 135
1 436 2376 129
1 437 2376 123
1 438 2376 116
1 439 2376 127
1 440 2376 133
1 441 2377 125
1 442 2377 127
1 443 2377 126
1 444 2377 128
1 445 2377 125
1 446 2377 140
1 447 2377 130
1 448 2377 125
1 449 2377 137
1 450 2377 130
1 451 2378 130
1 452 2378 135
1 453 2378 139
1 454 2378 125
1 455 2378 126
1 456 2379 126
1 457 2379 132
1 458 2379 127
1 459 2379 128
1 460 2379 131
1 461 2379 136
1 462 2379 129
1 463 2379 130
1 464 2393 138
1 465 2401 124
1 466 2401 129
1 467 2401 123
1 468 2409 122
1 469 2409 136
1 470 2409 125
1 471 2409 127
1 472 2409 125
1 473 2417 137
1 474 2417 121
1 475 2417 129
1 476 2417 127
1 477 2417 135
1 478 2421 125
1 479 2421 127
1 480 2421 122
1 481 2421 139
1 482 2421 132
1 483 2431 125
1 484 2443 127
1 485 2447 136
1 486 2447 134
1 487 2459 148
1 488 2459 134
1 489 2460 121
1 490 2460 127
1 491 2460 133
1 492 2460 122
1 493 2460 132
1 494 2460 122
1 495 2460 125
1 496 2462 130
1 497 2465 127
1 498 2475 126
1 499 2475 129
1 500 2475 138
1 501 2476 131
1 502 2476 114
1 503 2476 129
1 504 2479 123
1 505 2479 129
1 506 2479 123
1 507 2479 127
1 508 2479 135
1 509 2488 135
1 510 2488 150
1 511 2494 137
1 512 2494 143
1 513 2494 129
1 514 2494 136
1 515 2505 119
1 516 2505 116
1 517 2505 129
1 518 2517 138
1 519 2523 137
1 520 2523 126
1 521 2532 127
1 522 2534 122
1 523 2534 127
1 524 2534 134
1 525 2534 112
1 526 2536 125
1 527 2536 132
1 528 2536 123
1 529 2536 114
1 530 2536 128
1 531 2540 143
1 532 2540 136
1 533 2540 159
1 534 2545 127
1 535 2545 127
1 536 2545 126
1 537 2545 123
1 538 2545 137
1 539 2549 121
1 540 2571 125
1 541 2571 128
1 542 2571 136
1 543 2571 126
1 544 2572 133
1 545 2572 127
1 546 2572 144
1 547 2572 142
1 548 2572 123
1 549 2597 119
1 550 2597 127
1 551 2597 117
1 552 2597 118
1 553 2597 117
1 554 2597 124
1 555 2597 113
1 556 2601 127
1 557 2601 125
1 558 2601 119
1 559 2601 132
1 560 2606 138
1 561 2606 136
1 562 2606 146
1 563 2607 125
1 564 2607 128
1 565 2607 119
1 566 2607 121
1 567 2610 126
1 568 2610 133
1 569 2611 127
1 570 2611 131
1 571 2612 122
1 572 2612 123
1 573 2612 121
1 574 2614 141
1 575 2617 122
1 576 2617 141
1 577 2617 123
1 578 2617 132
1 579 2623 108
1 580 2623 121
1 581 2623 114
1 582 2623 111
1 583 2624 130
1 584 2624 133
1 585 2627 128
1 586 2627 129
1 587 2627 140
1 588 2631 122
1 589 2631 126
1 590 2632 124
1 591 2637 148
1 592 2637 141
1 593 2637 131
1 594 2640 115
1 595 2640 121
1 596 2640 113
1 597 2640 120
1 598 2641 139
1 599 2641 128
1 600 2641 133
1 601 2644 124
1 602 2645 138
1 603 2645 131
1 604 2645 132
1 605 2645 143
1 606 2651 126
1 607 2653 136
1 608 2658 134
1 609 2658 122
1 610 2658 124
1 611 2659 136
1 612 2659 127
1 613 2661 143
1 614 2661 130
1 615 2666 131
1 616 2668 128
1 617 2668 143
1 618 2668 129
1 619 2668 119
1 620 2673 123
1 621 2673 130
1 622 2673 129
1 623 2673 128
1 624 2673 135
1 625 2673 130
1 626 2681 146
1 627 2683 128
1 628 2683 123
1 629 2685 130
1 630 2685 130
1 631 2686 133
1 632 2686 127
1 633 2686 127
1 634 2688 125
1 635 2688 134
1 636 2695 125
1 637 2695 118
1 638 2695 115
1 639 2695 109
1 640 2697 127
1 641 2697 124
1 642 2697 116
1 643 2698 122
1 644 2698 125
1 645 2698 131
1 646 2698 133
1 647 2699 118
1 648 2699 130
1 649 2699 123
1 650 2699 109
1 651 2699 118
1 652 2703 125
1 653 2703 115
1 654 2703 125
1 655 2703 122
1 656 2706 120
1 657 2706 136
1 658 2706 122
1 659 2706 127
1 660 2706 122
1 661 2706 126
1 662 2706 135
1 663 2706 123
1 664 2706 121
1 665 2707 128
1 666 2707 131
1 667 2707 124
1 668 2707 133
1 669 2707 131
1 670 2784 130
1 671 2784 130
1 672 2784 127
1 673 2784 125
1 674 2784 135
1 675 2784 137
1 676 2784 129
1 677 2784 133
1 678 2784 127
1 679 2787 122
1 680 2787 130
1 681 2787 124
1 682 2787 130
1 683 2787 113
1 684 2787 123
1 685 2787 136
1 686 2787 135
1 687 2787 125
1 688 2787 125
1 689 2787 137
1 690 2792 133
1 691 2795 149
1 692 2795 139
1 693 2795 143
1 694 2799 121
1 695 2799 122
1 696 2799 122
1 697 2799 112
1 698 2800 124
1 699 2800 140
1 700 2800 135
1 701 2804 129
1 702 2807 126
1 703 2807 138
1 704 2812 146
1 705 2812 138
1 706 2812 135
1 707 2817 121
1 708 2817 138
1 709 2817 138
1 710 2819 125
1 711 2819 121
1 712 2829 128
1 713 2829 126
1 714 2829 131
1 715 2829 124
1 716 2830 124
1 717 2830 136
1 718 2830 128
1 719 2834 115
1 720 2834 135
1 721 2834 118
1 722 2834 121
1 723 2834 117
1 724 2834 121
1 725 2834 134
1 726 2834 121
1 727 2834 123
1 728 2841 127
1 729 2841 123
1 730 2841 126
1 731 2842 134
1 732 2842 145
1 733 2842 136
1 734 2843 148
1 735 2850 133
1 736 2850 145
1 737 2852 119
1 738 2853 124
1 739 2853 135
1 740 2853 126
1 741 2853 126
1 742 2853 117
1 743 2856 135
1 744 2856 118
1 745 2856 129
1 746 2856 137
1 747 2858 146
1 748 2860 116
1 749 2860 126
1 750 2860 110
1 751 2860 118
1 752 2860 117
1 753 2860 130
1 754 2860 127
1 755 2860 118
1 756 2861 126
1 757 2861 129
1 758 2861 139
1 759 2861 136
1 760 2868 132
1 761 2868 129
1 762 2868 137
1 763 2868 126
1 764 2868 133
1 765 2868 129
1 766 2868 130
1 767 2868 131
1 768 2868 133
1 769 2868 143
1 770 2868 141
1 771 2868 129
1 772 2871 118
1 773 2871 135
1 774 2871 127
1 775 2873 118
1 776 2873 127
1 777 2873 117
1 778 2873 120
1 779 2880 117
1 780 2880 131
1 781 2884 136
1 782 2884 143
1 783 2892 136
1 784 2892 125
1 785 2892 123
1 786 2898 136
1 787 2898 125
1 788 2899 130
1 789 2899 123
1 790 2901 114
1 791 2903 127
1 792 2903 136
1 793 2906 117
1 794 2906 124
1 795 2908 127
1 796 2908 131
1 797 2908 124
1 798 2908 126
1 799 2921 130
1 800 2927 130
1 801 2927 122
1 802 2927 124
1 803 2927 126
1 804 2927 124
1 805 2927 133
1 806 2927 121
1 807 2927 124
1 808 2931 116
1 809 2931 124
1 810 2931 137
1 811 2931 129
1 812 2933 136
1 813 2933 148
1 814 2941 126
1 815 2941 128
1 816 2941 120
1 817 2941 141
1 818 2941 131
1 819 2941 132
1 820 2942 124
1 821 2942 127
1 822 2942 137
1 823 2942 127
1 824 2963 132
1 825 2963 125
1 826 2963 121
1 827 2963 129
1 828 2963 126
1 829 2963 123
1 830 2964 125
1 831 2964 140
1 832 2964 129
1 833 2964 122
1 834 2966 132
1 835 3002 117
1 836 3002 113
1 837 3002 128
1 838 3002 115
1 839 3002 122
1 840 3009 130
1 841 3009 121
1 842 3009 125
1 843 3009 115
1 844 3009 126
1 845 3009 138
1 846 3027 122
1 847 3027 138
1 848 3033 119
1 849 3033 132
1 850 3048 119
1 851 3061 135
1 852 3076 110
1 853 3076 116
1 854 3076 120
1 855 3076 115
1 856 3088 128
1 857 3100 132
1 858 3111 123
1 859 3111 132
1 860 3111 122
1 861 3111 117
1 862 3116 123
1 863 3121 122
1 864 3121 128
1 865 3121 128
1 866 3123 126
1 867 3123 121
1 868 3123 118
1 869 3123 118
1 870 3123 118
1 871 3129 122
1 872 3129 125
1 873 3198 113
1 874 3198 114
1 875 3198 113
1 876 3198 115
1 877 3199 125
1 878 3201 125
1 879 3201 124
1 880 3201 133
1 881 3201 126
1 882 3202 124
1 883 3202 125
1 884 3202 126
1 885 3202 124
1 886 3202 128
1 887 3203 130
1 888 3203 129
1 889 3203 127
1 890 3203 132
1 891 3203 127
1 892 3203 126
1 893 3209 140
1 894 3209 126
1 895 3209 126
1 896 3214 120
1 897 3214 122
1 898 3214 112
1 899 3221 127
1 900 3222 127
1 901 3224 123
1 902 3224 126
1 903 3224 121
1 904 3227 117
1 905 3227 129
1 906 3232 117
1 907 3232 121
1 908 3236 114
1 909 3236 119
1 910 3236 129
1 911 3237 120
1 912 3237 122
1 913 3239 120
1 914 3239 132
1 915 3248 119
1 916 3248 118
1 917 3248 119
1 918 3250 125
1 919 3250 131
1 920 3250 126
1 921 3250 124
1 922 3250 137
1 923 3250 134
1 924 3250 126
1 925 3250 128
1 926 3250 128
1 927 3252 114
1 928 3252 124
1 929 3253 121
1 930 3253 127
1 931 3255 125
1 932 3255 122
1 933 3255 129
1 934 3255 123
1 935 3255 122
1 936 3255 117
1 937 3255 118
1 938 3255 122
1 939 3255 124
1 940 3255 124
1 941 3255 120
1 942 3255 129
1 943 3259 127
1 944 3259 126
1 945 3259 129
1 946 3259 125
1 947 3260 123
1 948 3260 120
1 949 3260 122
1 950 3260 115
1 951 3263 138
1 952 3265 123
1 953 3265 123
1 954 3265 121
1 955 3265 122
1 956 3265 119
1 957 3267 123
1 958 3268 123
1 959 3268 127
1 960 3268 122
1 961 3268 136
1 962 3268 124
1 963 3268 121
1 964 3268 124
1 965 3268 127
1 966 3268 119
1 967 3268 124
1 968 3270 125
1 969 3270 130
1 970 3273 130
1 971 3273 118
1 972 3273 119
1 973 3273 117
1 974 3273 118
1 975 3275 130
1 976 3275 118
1 977 3275 121
1 978 3275 118
1 979 3275 121
1 980 3275 122
1 981 3276 117
1 982 3276 121
1 983 3278 121
1 984 3279 127
1 985 3279 125
1 986 3279 129
1 987 3279 127
1 988 3279 127
1 989 3279 123
1 990 3279 145
1 991 3280 115
1 992 3280 125
1 993 3280 135
1 994 3280 125
1 995 3280 124
1 996 3280 124
1 997 3280 123
1 998 3280 126
1 999 3280 125
1 1000 3280 121
1 1001 3280 121
1 1002 3281 123
1 1003 3281 126
1 1004 3282 122
1 1005 3282 122
1 1006 3282 115
1 1007 3282 123
1 1008 3285 120
1 1009 3285 129
1 1010 3285 131
1 1011 3285 135
1 1012 3285 129
1 1013 3285 127
1 1014 3286 132
1 1015 3286 134
1 1016 3286 131
1 1017 3286 134
1 1018 3286 123
1 1019 3286 146
1 1020 3286 135
1 1021 3286 130
1 1022 3287 125
1 1023 3287 112
1 1024 3289 115
1 1025 3289 125
1 1026 3289 115
1 1027 3290 128
1 1028 3291 130
1 1029 3291 124
1 1030 3291 130
1 1031 3291 143
1 1032 3291 128
1 1033 3291 128
1 1034 3291 124
1 1035 3292 125
1 1036 3295 134
1 1037 3296 133
1 1038 3296 134
1 1039 3300 119
1 1040 3300 120
1 1041 3300 120
1 1042 3300 122
1 1043 3301 133
1 1044 3301 129
1 1045 3303 138
1 1046 3303 129
1 1047 3303 127
1 1048 3303 125
1 1049 3303 120
1 1050 3303 129
1 1051 3303 130
1 1052 3303 127
1 1053 3306 120
1 1054 3306 133
1 1055 3306 140
1 1056 3306 116
1 1057 3306 132
1 1058 3306 124
1 1059 3306 124
1 1060 3307 126
1 1061 3307 125
1 1062 3307 124
1 1063 3307 118
1 1064 3308 128
1 1065 3310 134
1 1066 3314 128
1 1067 3316 120
1 1068 3316 127
1 1069 3316 128
1 1070 3317 132
1 1071 3317 131
1 1072 3318 136
1 1073 3318 134
1 1074 3319 125
1 1075 3320 128
1 1076 3326 118
1 1077 3326 124
1 1078 3326 124
1 1079 3326 119
1 1080 3326 124
1 1081 3326 131
1 1082 3326 126
1 1083 3326 121
1 1084 3328 127
1 1085 3328 127
1 1086 3330 126
1 1087 3330 126
1 1088 3414 120
1 1089 3414 108
1 1090 3414 120
1 1091 3420 122
1 1092 3420 121
1 1093 3420 130
1 1094 3420 116
1 1095 3420 118
1 1096 3420 123
1 1097 3423 120
1 1098 3428 128
1 1099 3428 128
1 1100 3431 123
1 1101 3431 124
1 1102 3431 132
1 1103 3440 130
1 1104 3440 132
1 1105 3442 133
1 1106 3443 127
1 1107 3443 124
1 1108 3445 117
1 1109 3445 132
1 1110 3445 119
1 1111 3447 134
1 1112 3468 123
1 1113 3468 123
1 1114 3469 120
1 1115 3469 119
1 1116 3469 119
1 1117 3471 120
1 1118 3471 121
1 1119 3471 122
1 1120 3471 112
1 1121 3473 123
1 1122 3473 126
1 1123 3473 129
1 1124 3488 120
1 1125 3488 121
1 1126 3488 122
1 1127 3488 116
1 1128 3490 127
1 1129 3490 134
1 1130 3490 129
1 1131 3490 125
1 1132 3490 125
1 1133 3490 138
1 1134 3490 127
1 1135 3490 127
1 1136 3490 129
1 1137 3509 131
1 1138 3533 124
1 1139 3533 126
1 1140 3538 124
1 1141 3538 131
1 1142 3538 141
1 1143 3552 124
1 1144 3552 123
1 1145 3552 123
1 1146 3552 116
1 1147 3559 113
1 1148 3559 132
1 1149 3559 116
1 1150 3559 115
1 1151 3559 117
1 1152 3559 115
1 1153 3559 118
1 1154 3563 124
1 1155 3563 124
1 1156 3563 123
1 1157 3563 121
1 1158 3563 136
1 1159 3564 125
1 1160 3564 122
1 1161 3564 117
1 1162 3564 133
1 1163 3564 125
1 1164 3564 114
1 1165 3564 124
1 1166 3564 124
1 1167 3564 125
1 1168 3564 124
1 1169 3564 125
1 1170 3567 118
1 1171 3567 120
1 1172 3567 124
1 1173 3567 124
1 1174 3567 124
1 1175 3567 123
1 1176 3567 135
1 1177 3567 123
1 1178 3567 120
1 1179 3571 123
1 1180 3571 118
1 1181 3571 123
1 1182 3573 123
1 1183 3577 125
1 1184 3581 119
1 1185 3589 139
1 1186 3589 126
1 1187 3589 124
1 1188 3589 127
1 1189 3589 126
1 1190 3589 127
1 1191 3592 124
1 1192 3592 121
1 1193 3592 124
1 1194 3593 126
1 1195 3593 131
1 1196 3604 120
1 1197 3607 121
1 1198 3607 125
1 1199 3607 125
1 1200 3607 124
1 1201 3609 121
1 1202 3611 126
1 1203 3636 123
1 1204 3636 123
1 1205 3636 135
1 1206 3636 122
1 1207 3641 135
1 1208 3641 121
1 1209 3641 124
1 1210 3641 120
1 1211 3641 121
1 1212 3651 120
1 1213 3651 135
1 1214 3658 149
1 1215 3658 136
1 1216 3659 127
1 1217 3659 126
1 1218 3659 125
1 1219 3662 119
1 1220 3662 125
1 1221 3662 119
1 1222 3662 114
1 1223 3662 116
1 1224 3681 125
1 1225 3692 120
1 1226 3692 117
1 1227 3692 115
1 1228 3700 132
1 1229 3700 130
1 1230 3700 132
1 1231 3704 134
1 1232 3704 131
1 1233 3704 134
1 1234 3704 130
1 1235 3711 122
1 1236 3711 123
1 1237 3725 132
1 1238 3725 126
1 1239 3725 128
1 1240 3734 129
1 1241 3738 118
1 1242 3738 121
1 1243 3738 117
1 1244 3738 113
1 1245 3738 115
1 1246 3738 132
1 1247 3738 116
1 1248 3748 122
1 1249 3759 122
1 1250 3759 123
1 1251 3762 118
1 1252 3762 128
1 1253 3762 119
1 1254 3771 120
1 1255 3771 121
1 1256 3771 120
1 1257 3782 122
1 1258 3782 118
1 1259 3782 121
1 1260 3796 132
1 1261 3796 123
1 1262 3796 123
1 1263 3881 126
1 1264 3885 121
1 1265 3945 111
1 1266 3954 126
1 1267 3954 125
1 1268 3968 122
1 1269 3968 123
1 1270 4004 139
1 1271 4004 121
1 1272 4004 117
1 1273 4004 123
1 1274 4004 122
1 1275 4008 124
1 1276 4008 135
1 1277 4051 113
1 1278 4051 114
1 1279 4051 116
1 1280 4051 112
1 1281 4051 129
1 1282 4051 117
1 1283 4051 114
1 1284 4068 118
1 1285 4068 119
1 1286 4103 139
1 1287 4103 127
1 1288 4104 127
1 1289 4120 122
1 1290 4131 128
1 1291 4131 127
1 1292 4153 121
1 1293 4155 121
1 1294 4155 120
1 1295 4155 136
1 1296 4156 127
1 1297 4157 120
1 1298 4157 119
1 1299 4158 124
1 1300 4159 129
1 1301 4161 119
1 1302 4161 118
1 1303 4162 129
1 1304 4164 130
1 1305 4166 118
1 1306 4168 128
1 1307 4169 119
1 1308 4169 129
1 1309 4170 127
1 1310 4170 129
1 1311 4172 123
1 1312 4173 132
1 1313 4173 131
1 1314 4175 119
1 1315 4176 132
1 1316 4177 139
1 1317 4179 131
1 1318 4179 127
1 1319 4179 127
1 1320 4179 140
1 1321 4184 126
1 1322 4184 128
1 1323 4184 144
1 1324 4186 121
1 1325 4187 119
1 1326 4190 133
1 1327 4190 121
1 1328 4190 129
1 1329 4193 122
1 1330 4193 121
1 1331 4193 124
1 1332 4193 126
1 1333 4193 124
1 1334 4193 124
1 1335 4193 132
1 1336 4193 122
1 1337 4193 122
1 1338 4193 117
1 1339 4193 121
1 1340 4193 123
1 1341 4193 120
1 1342 4195 124
1 1343 4196 125
1 1344 4200 131
1 1345 4205 121
1 1346 4206 121
1 1347 4206 141
1 1348 4206 123
1 1349 4209 129
1 1350 4210 140
1 1351 4212 126
1 1352 4216 126
1 1353 4217 133
1 1354 4217 120
1 1355 4217 126
1 1356 4217 128
1 1357 4217 129
1 1358 4218 135
1 1359 4220 115
1 1360 4223 118
1 1361 4223 119
1 1362 4223 117
1 1363 4226 127
1 1364 4226 126
1 1365 4227 123
1 1366 4229 131
1 1367 4230 130
1 1368 4232 121
1 1369 4234 126
1 1370 4238 122
1 1371 4238 136
1 1372 4238 122
1 1373 4238 126
1 1374 4240 122
1 1375 4241 125
1 1376 4241 128
1 1377 4241 138
1 1378 4242 124
1 1379 4242 123
1 1380 4243 127
1 1381 4244 123
1 1382 4250 120
1 1383 4251 126
1 1384 4255 123
1 1385 4255 121
1 1386 4256 125
1 1387 4257 129
1 1388 4258 119
1 1389 4258 121
1 1390 4258 117
1 1391 4258 128
1 1392 4258 117
1 1393 4258 113
1 1394 4258 118
1 1395 4258 116
1 1396 4259 115
1 1397 4259 116
1 1398 4260 129
1 1399 4261 114
1 1400 4262 130
1 1401 4266 125
1 1402 4309 115
1 1403 4310 113
1 1404 4313 126
1 1405 4313 128
1 1406 4313 123
1 1407 4314 118
1 1408 4314 118
1 1409 4316 120
1 1410 4316 140
1 1411 4316 117
1 1412 4316 116
1 1413 4316 126
1 1414 4316 120
1 1415 4316 117
1 1416 4317 124
1 1417 4318 125
1 1418 4318 142
1 1419 4322 129
1 1420 4322 118
1 1421 4323 128
1 1422 4335 123
1 1423 4335 123
1 1424 4335 124
1 1425 4335 126
1 1426 4335 139
1 1427 4343 133
1 1428 4343 134
1 1429 4343 154
1 1430 4345 112
1 1431 4345 111
1 1432 4346 107
1 1433 4346 110
1 1434 4346 112
1 1435 4346 125
1 1436 4353 121
1 1437 4359 131
1 1438 4359 127
1 1439 4359 126
1 1440 4359 126
1 1441 4359 139
1 1442 4359 125
1 1443 4359 126
1 1444 4361 130
1 1445 4361 130
1 1446 4361 128
1 1447 4378 122
1 1448 4378 119
1 1449 4378 139
1 1450 4385 126
1 1451 4385 121
1 1452 4386 123
1 1453 4386 119
1 1454 4386 121
1 1455 4386 121
1 1456 4386 135
1 1457 4395 121
1 1458 4395 122
1 1459 4395 148
1 1460 4395 132
1 1461 4395 126
1 1462 4395 126
1 1463 4395 120
1 1464 4395 126
1 1465 4395 121
1 1466 4396 123
1 1467 4396 124
1 1468 4398 125
1 1469 4398 132
1 1470 4398 126
1 1471 4398 128
1 1472 4399 130
1 1473 4399 127
1 1474 4404 121
1 1475 4404 125
1 1476 4407 111
1 1477 4407 112
1 1478 4407 115
1 1479 4407 130
1 1480 4407 111
1 1481 4407 115
1 1482 4407 114
1 1483 4407 115
1 1484 4407 121
1 1485 4410 135
1 1486 4410 119
1 1487 4410 124
1 1488 4410 122
1 1489 4410 123
1 1490 4410 123
1 1491 4410 121
1 1492 4410 122
1 1493 4416 129
1 1494 4418 142
1 1495 4418 125
1 1496 4418 128
1 1497 4418 130
1 1498 4418 131
1 1499 4418 131
1 1500 4418 126
1 1501 4418 127
1 1502 4418 128
1 1503 4420 134
1 1504 4420 118
1 1505 4420 127
1 1506 4420 120
1 1507 4432 123
1 1508 4432 131
1 1509 4432 132
1 1510 4440 139
1 1511 4440 137
1 1512 4454 115
1 1513 4454 124
1 1514 4454 117
1 1515 4454 120
1 1516 4454 124
1 1517 4454 121
1 1518 4454 125
1 1519 4454 121
1 1520 4454 138
1 1521 4456 117
1 1522 4456 125
1 1523 4456 125
1 1524 4456 126
1 1525 4459 127
1 1526 4459 125
1 1527 4459 127
1 1528 4459 137
1 1529 4459 122
1 1530 4460 127
1 1531 4460 132
1 1532 4461 136
1 1533 4461 136
1 1534 4461 130
1 1535 4461 135
1 1536 4465 128
1 1537 4465 127
1 1538 4465 128
1 1539 4465 125
1 1540 4465 130
1 1541 4465 127
1 1542 4465 127
1 1543 4465 121
1 1544 4465 142
1 1545 4465 124
1 1546 4465 128
1 1547 4465 127
1 1548 4466 142
1 1549 4466 129
1 1550 4466 128
1 1551 4467 133
1 1552 4467 116
1 1553 4467 118
1 1554 4467 122
1 1555 4468 133
1 1556 4468 121
1 1557 4468 115
1 1558 4468 122
1 1559 4468 120
1 1560 4468 121
1 1561 4468 119
1 1562 4470 122
1 1563 4470 122
1 1564 4472 119
1 1565 4472 118
1 1566 4473 136
1 1567 4473 122
1 1568 4473 124
1 1569 4473 120
1 1570 4473 123
1 1571 4517 126
1 1572 4529 129
1 1573 4529 139
1 1574 4529 131
1 1575 4543 130
1 1576 4562 146
1 1577 4562 133
1 1578 4562 132
1 1579 4575 119
1 1580 4575 121
1 1581 4575 121
1 1582 4575 131
1 1583 4575 124
1 1584 4575 118
1 1585 4575 122
1 1586 4575 123
1 1587 4598 126
1 1588 4598 120
1 1589 4628 122
1 1590 4628 124
1 1591 4631 123
1 1592 4631 123
1 1593 4631 122
1 1594 4631 119
1 1595 4631 120
1 1596 4631 133
1 1597 4635 145
1 1598 4635 131
1 1599 4636 143
1 1600 4636 131
1 1601 4636 129
1 1602 4636 126
1 1603 4636 132
1 1604 4636 125
1 1605 4636 130
1 1606 4636 129
1 1607 4636 135
1 1608 4636 133
1 1609 4636 127
1 1610 4636 127
1 1611 4688 135
1 1612 4734 120
1 1613 4734 133
1 1614 4734 120
1 1615 5059 127
1 1616 5060 114
1 1617 5061 129
1 1618 5063 120
1 1619 5063 122
1 1620 5063 126
1 1621 5066 149
1 1622 5067 138
1 1623 5069 130
1 1624 5069 130
1 1625 5069 129
1 1626 5069 141
1 1627 5069 126
1 1628 5075 136
1 1629 5076 133
1 1630 5076 126
1 1631 5077 138
1 1632 5080 140
1 1633 5084 126
1 1634 5084 126
1 1635 5084 123
1 1636 5084 136
1 1637 5084 125
1 1638 5084 128
1 1639 5085 122
1 1640 5086 131
1 1641 5086 136
1 1642 5086 133
1 1643 5086 147
1 1644 5086 135
1 1645 5087 145
1 1646 5089 124
1 1647 5089 130
1 1648 5089 125
1 1649 5089 127
1 1650 5094 118
1 1651 5094 121
1 1652 5094 130
1 1653 5094 121
1 1654 5096 144
1 1655 5097 142
1 1656 5097 123
1 1657 5097 129
1 1658 5100 121
1 1659 5100 125
1 1660 5100 135
1 1661 5102 140
1 1662 5103 114
1 1663 5103 117
1 1664 5103 118
1 1665 5105 139
1 1666 5107 118
1 1667 5107 122
1 1668 5107 118
1 1669 5107 131
1 1670 5107 115
1 1671 5107 119
1 1672 5107 118
1 1673 5107 110
1 1674 5108 132
1 1675 5111 119
1 1676 5111 130
1 1677 5111 116
1 1678 5113 145
1 1679 5114 140
1 1680 5119 119
1 1681 5119 120
1 1682 5120 128
1 1683 5121 134
1 1684 5121 126
1 1685 5121 123
1 1686 5121 125
1 1687 5121 123
1 1688 5122 114
1 1689 5124 137
1 1690 5125 117
1 1691 5125 118
1 1692 5127 112
1 1693 5127 114
1 1694 5127 114
1 1695 5128 140
1 1696 5129 145
1 1697 5130 133
1 1698 5130 125
1 1699 5130 123
1 1700 5132 130
1 1701 5132 139
1 1702 5133 127
1 1703 5133 127
1 1704 5135 126
1 1705 5137 126
1 1706 5137 125
1 1707 5137 121
1 1708 5137 119
1 1709 5137 125
1 1710 5137 125
1 1711 5137 125
1 1712 5137 131
1 1713 5141 119
1 1714 5141 132
1 1715 5141 121
1 1716 5141 117
1 1717 5141 127
1 1718 5142 141
1 1719 5144 114
1 1720 5144 122
1 1721 5144 116
1 1722 5144 111
1 1723 5144 118
1 1724 5144 114
1 1725 5146 123
1 1726 5146 121
1 1727 5147 143
1 1728 5150 135
1 1729 5150 118
1 1730 5150 124
1 1731 5150 124
1 1732 5150 122
1 1733 5150 126
1 1734 5150 120
1 1735 5152 123
1 1736 5152 140
1 1737 5152 123
1 1738 5152 124
1 1739 5153 139
1 1740 5156 136
1 1741 5157 129
1 1742 5158 147
1 1743 5226 120
1 1744 5226 132
1 1745 5232 121
1 1746 5232 117
1 1747 5232 116
1 1748 5232 133
1 1749 5234 130
1 1750 5235 119
1 1751 5235 131
1 1752 5235 120
1 1753 5235 120
1 1754 5242 115
1 1755 5242 119
1 1756 5242 117
1 1757 5246 134
1 1758 5247 137
1 1759 5248 116
1 1760 5248 115
1 1761 5248 114
1 1762 5248 114
1 1763 5250 132
1 1764 5250 121
1 1765 5250 110
1 1766 5250 121
1 1767 5250 124
1 1768 5276 118
1 1769 5276 119
1 1770 5312 148
1 1771 5326 122
1 1772 5326 121
1 1773 5326 127
1 1774 5326 125
1 1775 5403 137
1 1776 5407 148
1 1777 5420 134
1 1778 5420 136
1 1779 5421 130
1 1780 5421 124
1 1781 5421 128
1 1782 5421 128
1 1783 5421 127
1 1784 5421 128
1 1785 5422 130
1 1786 5422 135
1 1787 5426 135
1 1788 5427 124
1 1789 5427 120
1 1790 5427 131
1 1791 5427 120
1 1792 5430 124
1 1793 5430 123
1 1794 5430 119
1 1795 5431 127
1 1796 5431 129
1 1797 5431 124
1 1798 5431 126
1 1799 5433 124
1 1800 5433 120
1 1801 5433 121
1 1802 5433 124
1 1803 5439 131
1 1804 5439 133
1 1805 5439 132
1 1806 5442 131
1 1807 5442 127
1 1808 5442 132
1 1809 5442 131
1 1810 5442 127
1 1811 5442 130
1 1812 5442 131
1 1813 5442 134
1 1814 5443 123
1 1815 5443 119
1 1816 5443 123
1 1817 5443 115
1 1818 5444 126
1 1819 5444 125
1 1820 5444 129
1 1821 5444 119
1 1822 5444 127
1 1823 5444 115
1 1824 5444 126
1 1825 5447 125
1 1826 5447 117
1 1827 5447 120
1 1828 5455 119
1 1829 5455 123
1 1830 5456 116
1 1831 5456 115
1 1832 5458 122
1 1833 5459 123
1 1834 5460 122
1 1835 5466 116
1 1836 5466 115
1 1837 5466 118
1 1838 5466 115
1 1839 5466 120
1 1840 5466 121
1 1841 5467 134
1 1842 5468 129
1 1843 5469 125
1 1844 5469 134
1 1845 5476 123
1 1846 5476 127
1 1847 5480 128
1 1848 5480 135
1 1849 5483 116
1 1850 5484 123
1 1851 5485 124
1 1852 5485 119
1 1853 5486 129
1 1854 5486 129
1 1855 5486 128
1 1856 5486 125
1 1857 5486 126
1 1858 5486 126
1 1859 5490 120
1 1860 5490 124
1 1861 5490 124
1 1862 5490 122
1 1863 5490 119
1 1864 5490 124
1 1865 5490 122
1 1866 5490 120
1 1867 5490 120
1 1868 5490 123
1 1869 5490 118
1 1870 5490 122
1 1871 5490 122
1 1872 5491 119
1 1873 5491 115
1 1874 5491 116
1 1875 5495 121
1 1876 5495 123
1 1877 5495 120
1 1878 5495 123
1 1879 5495 119
1 1880 5495 123
1 1881 5495 121
1 1882 5496 131
1 1883 5496 131
1 1884 5496 128
1 1885 5496 124
1 1886 5496 129
1 1887 5496 128
1 1888 5496 123
1 1889 5501 128
1 1890 5501 126
1 1891 5501 127
1 1892 5501 127
1 1893 5501 129
1 1894 5501 126
1 1895 5501 127
1 1896 5501 124
1 1897 5501 128
1 1898 5501 127
1 1899 5501 127
1 1900 5501 123
1 1901 5501 125
1 1902 5501 127
1 1903 5501 129
1 1904 5505 127
1 1905 5505 127
1 1906 5505 130
1 1907 5505 125
1 1908 5506 123
1 1909 5506 120
1 1910 5506 134
1 1911 5510 126
1 1912 5510 130
1 1913 5510 126
1 1914 5510 133
1 1915 5510 128
1 1916 5510 126
1 1917 5510 125
1 1918 5513 132
1 1919 5514 122
1 1920 5515 126
1 1921 5515 125
1 1922 5516 122
1 1923 5520 126
1 1924 5520 123
1 1925 5520 127
1 1926 5520 128
1 1927 5520 128
1 1928 5520 122
1 1929 5520 129
1 1930 5520 119
1 1931 5520 124
1 1932 5520 121
1 1933 5520 126
1 1934 5525 122
1 1935 5525 130
1 1936 5525 126
1 1937 5525 129
1 1938 5525 127
1 1939 5525 126
1 1940 5525 128
1 1941 5526 127
1 1942 5526 133
1 1943 5526 117
1 1944 5526 130
1 1945 5526 131
1 1946 5528 129
1 1947 5528 129
1 1948 5528 126
1 1949 5528 130
1 1950 5528 130
1 1951 5528 127
1 1952 5528 125
1 1953 5528 130
1 1954 5528 128
1 1955 5530 114
1 1956 5530 114
1 1957 5530 112
1 1958 5530 112
1 1959 5530 111
1 1960 5531 126
1 1961 5531 128
1 1962 5531 125
1 1963 5531 119
1 1964 5531 120
1 1965 5531 124
1 1966 5531 123
1 1967 5535 110
1 1968 5535 119
1 1969 5535 120
1 1970 5535 120
1 1971 5535 121
1 1972 5535 113
1 1973 5542 117
1 1974 5542 123
1 1975 5542 120
1 1976 5542 120
1 1977 5543 124
1 1978 5543 129
1 1979 5543 126
1 1980 5544 124
1 1981 5547 115
1 1982 5547 117
1 1983 5547 113
1 1984 5547 116
1 1985 5552 123
1 1986 5552 119
1 1987 5555 127
1 1988 5555 122
1 1989 5555 124
1 1990 5555 127
1 1991 5555 127
1 1992 5556 127
1 1993 5561 127
1 1994 5562 129
1 1995 5562 117
1 1996 5562 128
1 1997 5562 128
1 1998 5589 116
1 1999 5589 118
1 2000 5593 133
1 2001 5593 125
1 2002 5594 124
1 2003 5595 124
1 2004 5596 130
1 2005 5597 112
1 2006 5597 111
1 2007 5597 108
1 2008 5604 122
1 2009 5604 119
1 2010 5604 119
1 2011 5606 130
1 2012 5616 123
1 2013 5616 133
1 2014 5622 133
1 2015 5626 116
1 2016 5626 117
1 2017 5626 113
1 2018 5631 113
1 2019 5631 114
1 2020 5631 120
1 2021 5631 112
1 2022 5632 122
1 2023 5632 127
1 2024 5636 128
1 2025 5636 129
1 2026 5636 132
1 2027 5636 124
1 2028 5636 132
1 2029 5648 129
1 2030 5648 130
1 2031 5648 129
1 2032 5648 128
1 2033 5652 128
1 2034 5652 126
1 2035 5652 124
1 2036 5662 118
1 2037 5662 116
1 2038 5662 117
1 2039 5662 114
1 2040 5662 123
1 2041 5705 127
1 2042 5741 125
1 2043 5741 128
1 2044 5741 125
1 2045 5741 125
1 2046 5741 128
1 2047 5751 119
1 2048 5751 116
1 2049 5751 117
1 2050 5751 119
1 2051 5751 119
1 2052 5751 118
1 2053 5759 122
1 2054 5762 141
1 2055 5768 132
1 2056 5768 136
1 2057 5768 135
1 2058 5768 137
1 2059 5768 131
1 2060 5768 136
1 2061 5891 123
1 2062 5891 118
1 2063 5917 122
1 2064 6082 122
1 2065 6084 118
1 2066 6084 126
1 2067 6086 117
1 2068 6086 116
1 2069 6089 126
1 2070 6089 127
1 2071 6099 121
1 2072 6099 125
1 2073 6100 132
1 2074 6100 130
1 2075 6100 133
1 2076 6116 130
1 2077 6116 133
1 2078 6116 132
1 2079 6116 124
1 2080 6116 130
1 2081 6118 118
1 2082 6118 112
1 2083 6124 121
1 2084 6124 120
1 2085 6124 120
1 2086 6124 119
1 2087 6124 118
1 2088 6125 121
1 2089 6125 126
1 2090 6127 119
1 2091 6127 122
1 2092 6127 131
1 2093 6136 121
1 2094 6136 126
1 2095 6136 134
1 2096 6145 125
1 2097 6145 125
1 2098 6145 126
1 2099 6145 131
1 2100 6147 124
1 2101 6147 125
1 2102 6150 120
1 2103 6150 127
1 2104 6150 125
1 2105 6150 126
1 2106 6150 125
1 2107 6151 128
1 2108 6151 122
1 2109 6151 128
1 2110 6151 127
1 2111 6155 118
1 2112 6155 121
1 2113 6155 126
1 2114 6155 123
1 2115 6155 121
1 2116 6155 123
1 2117 6159 127
1 2118 6159 124
1 2119 6159 130
1 2120 6159 129
1 2121 6164 122
1 2122 6168 117
1 2123 6168 119
1 2124 6168 114
1 2125 6168 117
1 2126 6168 120
1 2127 6168 118
1 2128 6168 117
1 2129 6171 128
1 2130 6171 128
1 2131 6176 123
1 2132 6176 124
1 2133 6176 122
1 2134 6176 119
1 2135 6186 113
1 2136 6186 118
1 2137 6189 117
1 2138 6189 120
1 2139 6189 121
1 2140 6189 122
1 2141 6189 121
1 2142 6193 122
1 2143 6193 125
1 2144 6193 126
1 2145 6195 140
1 2146 6196 118
1 2147 6196 122
1 2148 6196 121
1 2149 6196 120
1 2150 6196 123
1 2151 6196 121
1 2152 6302 133
1 2153 6302 129
1 2154 6302 131
1 2155 6302 137
1 2156 6331 128
1 2157 6332 129
1 2158 6332 130
1 2159 6332 131
1 2160 6332 131
1 2161 6332 130
1 2162 6333 128
1 2163 6333 132
1 2164 6333 129
1 2165 6338 121
1 2166 6342 128
1 2167 6342 127
1 2168 6345 133
1 2169 6345 137
1 2170 6348 118
1 2171 6348 119
1 2172 6348 117
1 2173 6348 124
1 2174 6348 117
1 2175 6348 116
1 2176 6348 115
1 2177 6348 116
1 2178 6348 116
1 2179 6348 116
1 2180 6354 121
1 2181 6354 125
1 2182 6362 127
1 2183 6362 119
1 2184 6369 125
1 2185 6369 125
1 2186 6406 121
1 2187 6406 129
1 2188 6406 127
1 2189 6406 133
1 2190 6406 128
1 2191 6406 129
1 2192 6406 126
1 2193 6408 123
1 2194 6408 119
1 2195 6408 122
1 2196 6408 119
1 2197 6408 118
1 2198 6408 122
1 2199 6409 123
1 2200 6411 131
1 2201 6411 131
1 2202 6411 131
1 2203 6414 122
1 2204 6425 124
1 2205 6435 125
1 2206 6435 125
1 2207 6435 128
1 2208 6435 121
1 2209 6441 121
1 2210 6441 118
1 2211 6441 118
1 2212 6441 117
1 2213 6451 129
1 2214 6451 122
1 2215 6451 127
1 2216 6451 127
1 2217 6452 129
1 2218 6452 130
1 2219 6452 130
1 2220 6455 119
1 2221 6455 117
1 2222 6455 126
1 2223 6459 127
1 2224 6463 128
1 2225 6463 129
1 2226 6463 131
1 2227 6463 129
1 2228 6479 134
1 2229 6479 133
1 2230 6479 134
1 2231 6479 133
1 2232 6479 135
1 2233 6479 133
1 2234 6479 132
1 2235 6486 142
1 2236 6486 139
1 2237 6486 138
1 2238 6486 138
1 2239 6528 122
1 2240 6536 118
1 2241 6536 123
1 2242 6565 135
1 2243 6565 142
1 2244 6565 137
1 2245 6565 134
1 2246 6567 124
1 2247 6577 130
1 2248 6577 130
1 2249 6577 126
1 2250 6577 127
1 2251 6577 131
1 2252 6583 130
1 2253 6583 131
1 2254 6583 131
1 2255 6583 129
1 2256 6585 126
1 2257 6588 123
1 2258 6588 123
1 2259 6591 126
1 2260 6591 125
1 2261 6593 118
1 2262 6593 118
1 2263 6593 119
1 2264 6599 127
1 2265 6599 125
1 2266 6599 127
1 2267 6599 124
1 2268 6599 126
1 2269 6605 126
1 2270 6605 123
1 2271 6605 122
1 2272 6605 121
1 2273 6608 122
1 2274 6608 123
1 2275 6608 124
1 2276 6608 126
1 2277 6608 119
1 2278 6609 116
1 2279 6609 119
1 2280 6609 111
1 2281 6615 121
1 2282 6615 124
1 2283 6615 125
1 2284 6615 123
1 2285 6615 124
1 2286 6616 130
1 2287 6616 131
1 2288 6616 137
1 2289 6616 135
1 2290 6616 133
1 2291 6616 135
1 2292 6616 131
1 2293 6616 132
1 2294 6617 124
1 2295 6617 124
1 2296 6617 123
1 2297 6617 125
1 2298 6617 124
1 2299 6620 130
1 2300 6620 130
1 2301 6625 120
1 2302 6625 121
1 2303 6625 120
1 2304 6625 120
1 2305 6625 118
1 2306 6625 120
1 2307 6633 129
1 2308 6633 126
1 2309 6644 126
1 2310 6644 127
1 2311 6644 124
1 2312 6644 125
1 2313 6644 126
1 2314 6644 126
1 2315 6644 125
1 2316 6644 127
1 2317 6644 127
1 2318 6644 126
1 2319 6646 117
1 2320 6646 119
1 2321 6646 119
1 2322 6654 118
1 2323 6654 120
1 2324 6654 117
1 2325 6663 124
1 2326 6663 124
1 2327 6663 125
1 2328 6663 123
1 2329 6666 121
1 2330 6666 120
1 2331 6674 116
1 2332 6674 117
1 2333 6675 128
1 2334 6678 120
1 2335 6678 123
1 2336 6678 122
1 2337 6679 125
1 2338 6679 124
1 2339 6679 125
1 2340 6679 124
1 2341 6679 123
1 2342 6679 125
1 2343 6679 124
1 2344 6679 123
1 2345 6679 119
1 2346 6679 124
1 2347 6680 119
1 2348 6680 122
1 2349 6680 123
1 2350 6680 124
1 2351 6682 125
1 2352 6682 125
1 2353 6682 127
1 2354 6682 128
1 2355 6682 127
1 2356 6682 127
1 2357 6682 127
1 2358 6683 124
1 2359 6683 127
1 2360 6683 127
1 2361 6683 126
1 2362 6685 116
1 2363 6688 117
1 2364 6688 115
1 2365 6689 129
1 2366 6690 118
1 2367 6690 118
1 2368 6690 118
1 2369 6690 121
1 2370 6690 117
1 2371 6691 125
1 2372 6691 125
1 2373 6691 127
1 2374 6691 125
1 2375 6692 112
1 2376 6694 125
1 2377 6694 123
1 2378 6694 126
1 2379 6695 117
1 2380 6697 121
1 2381 6701 121
1 2382 6713 120
1 2383 6715 124
1 2384 6717 121
1 2385 6718 129
1 2386 6718 127
1 2387 6718 131
1 2388 6719 129
1 2389 6719 128
1 2390 6719 127
1 2391 6721 137
1 2392 6721 136
1 2393 6721 136
1 2394 6721 136
1 2395 6721 137
1 2396 6721 137
1 2397 6722 130
1 2398 6722 132
1 2399 6722 130
1 2400 6722 130
1 2401 6722 128
1 2402 6723 117
1 2403 6723 119
1 2404 6723 117
1 2405 6723 120
1 2406 6723 119
1 2407 6724 124
1 2408 6724 123
1 2409 6724 125
1 2410 6724 125
1 2411 6724 123
1 2412 6724 124
1 2413 6725 130
1 2414 6725 127
1 2415 6725 129
1 2416 6726 127
1 2417 6726 124
1 2418 6726 127
1 2419 6726 125
1 2420 6729 137
1 2421 6730 122
1 2422 6730 122
1 2423 6770 123
1 2424 6770 121
1 2425 6770 123
1 2426 6776 127
1 2427 6776 126
1 2428 6776 126
1 2429 6777 129
1 2430 6777 126
1 2431 6777 127
1 2432 6779 125
1 2433 6827 144
1 2434 6827 125
1 2435 6827 124
1 2436 6827 126
1 2437 6827 123
1 2438 6827 123
1 2439 6827 126
1 2440 6829 129
1 2441 6831 123
1 2442 6831 122
1 2443 6831 121
1 2444 6831 123
1 2445 6833 117
1 2446 6833 120
1 2447 6834 131
1 2448 6834 132
1 2449 6834 131
1 2450 6834 130
1 2451 6837 127
1 2452 6838 127
1 2453 6841 121
1 2454 6851 124
1 2455 6851 122
1 2456 6851 123
1 2457 6857 119
1 2458 6857 119
1 2459 6859 130
1 2460 6860 123
1 2461 6860 129
1 2462 6866 127
1 2463 6866 126
1 2464 6866 132
1 2465 6866 126
1 2466 6866 128
1 2467 6866 128
1 2468 6867 126
1 2469 6868 129
1 2470 6868 132
1 2471 6869 123
1 2472 6869 126
1 2473 6869 126
1 2474 6869 126
1 2475 6869 125
1 2476 6874 116
1 2477 6874 116
1 2478 6874 113
1 2479 6884 134
1 2480 6886 130
1 2481 6886 130
1 2482 6888 126
1 2483 6892 136
1 2484 6892 125
1 2485 6898 122
1 2486 6898 124
1 2487 6900 121
1 2488 6900 121
1 2489 6900 121
1 2490 6907 128
1 2491 6909 119
1 2492 6909 117
1 2493 6910 122
1 2494 6910 124
1 2495 6911 125
1 2496 6911 126
1 2497 6915 125
1 2498 6916 122
1 2499 6916 121
1 2500 6916 123
1 2501 6920 129
1 2502 6927 124
1 2503 6927 125
1 2504 6927 125
1 2505 6927 121
1 2506 6927 123
1 2507 6928 120
1 2508 6928 120
1 2509 6929 117
1 2510 6929 116
1 2511 6929 117
1 2512 6929 118
1 2513 6929 118
1 2514 6929 117
1 2515 6929 118
1 2516 6930 123
1 2517 6930 123
1 2518 6930 123
1 2519 6930 123
1 2520 6930 124
1 2521 6930 123
1 2522 6930 123
1 2523 6930 124
1 2524 6933 132
1 2525 6935 127
1 2526 6935 126
1 2527 6936 115
1 2528 6936 118
1 2529 6936 117
1 2530 6936 118
1 2531 6937 120
1 2532 6937 121
1 2533 6937 120
1 2534 6937 119
1 2535 6937 122
1 2536 6937 122
1 2537 6937 118
1 2538 6938 127
1 2539 6938 126
1 2540 6938 126
1 2541 6938 127
1 2542 6938 125
1 2543 6938 125
1 2544 6938 125
1 2545 6939 125
1 2546 6939 124
1 2547 6939 123
1 2548 6943 120
1 2549 6943 122
1 2550 6943 122
1 2551 6943 123
1 2552 6945 124
1 2553 6945 127
1 2554 6945 138
1 2555 6945 125
1 2556 6945 130
1 2557 6945 125
1 2558 6945 125
1 2559 6948 122
1 2560 6948 124
1 2561 6948 121
1 2562 6948 122
1 2563 6948 121
1 2564 6948 122
1 2565 6948 121
1 2566 6957 125
1 2567 6957 126
1 2568 6957 125
1 2569 6957 127
1 2570 6957 130
1 2571 6957 128
1 2572 6958 127
1 2573 6958 129
1 2574 6958 129
1 2575 6962 118
1 2576 6962 118
1 2577 6967 128
1 2578 6967 127
1 2579 6967 126
1 2580 6967 128
1 2581 6967 128
1 2582 6967 127
1 2583 6967 129
1 2584 6967 128
1 2585 6969 125
1 2586 6969 127
1 2587 6969 125
1 2588 6969 126
1 2589 6969 126
1 2590 6969 122
1 2591 6969 119
1 2592 6969 126
1 2593 6969 128
1 2594 6969 127
1 2595 6971 112
1 2596 6971 112
1 2597 6972 125
1 2598 6972 125
1 2599 6979 125
1 2600 6979 123
1 2601 6979 124
1 2602 6979 123
1 2603 6981 134
1 2604 6982 119
1 2605 6982 121
1 2606 6982 119
1 2607 6982 120
1 2608 6982 120
1 2609 6986 128
1 2610 6986 129
1 2611 6986 130
1 2612 6986 126
1 2613 6990 121
1 2614 6990 122
1 2615 6990 123
1 2616 6990 122
1 2617 6990 121
1 2618 7039 131
1 2619 7043 121
1 2620 7043 120
1 2621 7043 123
1 2622 7043 120
1 2623 7043 122
1 2624 7043 121
1 2625 7043 123
1 2626 7045 130
1 2627 7045 131
1 2628 7045 133
1 2629 7046 120
1 2630 7046 117
1 2631 7048 136
1 2632 7050 121
1 2633 7050 127
1 2634 7050 127
1 2635 7050 124
1 2636 7051 121
1 2637 7051 120
1 2638 7051 120
1 2639 7053 121
1 2640 7053 123
1 2641 7055 128
1 2642 7055 127
1 2643 7056 126
1 2644 7056 123
1 2645 7056 124
1 2646 7063 125
1 2647 7063 124
1 2648 7063 124
1 2649 7095 142
1 2650 7095 140
1 2651 7095 142
1 2652 7095 144
1 2653 7108 118
1 2654 7108 118
1 2655 7108 121
1 2656 7109 130
1 2657 7112 135
1 2658 7112 132
1 2659 7115 128
1 2660 7115 128
1 2661 7118 126
1 2662 7118 127
1 2663 7124 122
1 2664 7125 136
1 2665 7131 128
1 2666 7131 130
1 2667 7133 126
1 2668 7133 127
1 2669 7133 127
1 2670 7133 120
1 2671 7134 130
1 2672 7134 126
1 2673 7134 125
1 2674 7137 130
1 2675 7140 122
1 2676 7142 123
1 2677 7142 125
1 2678 7142 122
1 2679 7142 121
1 2680 7143 122
1 2681 7143 124
1 2682 7144 120
1 2683 7144 120
1 2684 7144 122
1 2685 7156 134
1 2686 7157 128
1 2687 7157 126
1 2688 7157 126
1 2689 7157 127
1 2690 7157 126
1 2691 7157 125
1 2692 7158 132
1 2693 7159 121
1 2694 7159 123
1 2695 7159 122
1 2696 7159 124
1 2697 7163 125
1 2698 7163 124
1 2699 7163 124
1 2700 7163 123
1 2701 7163 122
1 2702 7172 120
1 2703 7172 119
1 2704 7172 121
1 2705 7172 119
1 2706 7172 121
1 2707 7172 120
1 2708 7172 121
1 2709 7173 136
1 2710 7173 134
1 2711 7173 139
1 2712 7185 124
1 2713 7185 125
1 2714 7185 124
1 2715 7185 124
1 2716 7193 124
1 2717 7194 118
1 2718 7194 119
1 2719 7194 117
1 2720 7194 120
1 2721 7194 118
1 2722 7198 126
1 2723 7198 126
1 2724 7198 126
1 2725 7199 136
1 2726 7201 110
1 2727 7201 108
1 2728 7202 121
1 2729 7205 126
1 2730 7205 126
1 2731 7205 123
1 2732 7205 126
1 2733 7205 126
1 2734 7205 130
1 2735 7205 123
1 2736 7206 129
1 2737 7206 129
1 2738 7206 127
1 2739 7209 128
1 2740 7213 127
1 2741 7213 128
1 2742 7213 127
1 2743 7213 127
1 2744 7213 127
1 2745 7215 118
1 2746 7215 119
1 2747 7216 129
1 2748 7216 124
1 2749 7216 125
1 2750 7223 127
1 2751 7227 119
1 2752 7227 121
1 2753 7228 122
1 2754 7230 124
1 2755 7230 123
1 2756 7230 128
1 2757 7230 125
1 2758 7230 124
1 2759 7230 126
1 2760 7230 122
1 2761 7230 125
1 2762 7232 129
1 2763 7232 135
1 2764 7241 126
1 2765 7241 128
1 2766 7241 124
1 2767 7245 123
1 2768 7245 123
1 2769 7252 118
1 2770 7252 119
1 2771 7252 120
1 2772 7252 116
1 2773 7256 132
1 2774 7256 134
1 2775 7257 119
1 2776 7257 121
1 2777 7260 128
1 2778 7261 126
1 2779 7261 128
1 2780 7261 127
1 2781 7262 122
1 2782 7262 123
1 2783 7262 122
1 2784 7267 121
1 2785 7267 121
1 2786 7267 123
1 2787 7267 121
1 2788 7336 127
1 2789 7339 136
1 2790 7454 118
1 2791 7454 120
1 2792 7454 117
1 2793 7454 119
1 2794 7454 118
1 2795 7454 120
1 2796 7454 116
1 2797 7454 118
1 2798 7454 117
1 2799 7454 118
1 2800 7455 122
1 2801 7458 124
1 2802 7458 124
1 2803 7458 125
1 2804 7458 120
1 2805 7459 115
1 2806 7459 115
1 2807 7472 122
1 2808 7472 124
1 2809 7472 124
1 2810 7472 124
1 2811 7472 123
1 2812 7476 126
1 2813 7476 130
1 2814 7476 128
1 2815 7476 129
1 2816 7476 127
1 2817 7476 126
1 2818 7482 132
1 2819 7485 125
1 2820 7485 126
1 2821 7486 123
1 2822 7486 121
1 2823 7486 120
1 2824 7486 120
1 2825 7486 122
1 2826 7486 121
1 2827 7492 131
1 2828 7492 128
1 2829 7492 131
1 2830 7492 132
1 2831 7542 122
1 2832 7542 124
1 2833 7542 122
1 2834 7542 121
1 2835 7542 122
1 2836 7542 123
1 2837 7542 126
1 2838 7542 122
1 2839 7542 124
1 2840 7560 122
1 2841 7560 124
1 2842 7560 124
1 2843 7560 123
1 2844 7560 125
1 2845 7560 124
1 2846 7560 122
1 2847 7560 125
1 2848 7560 121
1 2849 7565 131
1 2850 7565 133
1 2851 7565 132
1 2852 7565 133
1 2853 7565 132
1 2854 7574 119
1 2855 7574 115
1 2856 7574 117
1 2857 7574 123
1 2858 7574 115
1 2859 7574 117
1 2860 7574 118
1 2861 7574 115
1 2862 7575 120
1 2863 7575 120
1 2864 7575 120
1 2865 7575 120
1 2866 7575 110
1 2867 7576 121
1 2868 7576 122
1 2869 7576 121
1 2870 7576 124
1 2871 7576 120
1 2872 7576 122
1 2873 7576 109
1 2874 7576 119
1 2875 7576 121
1 2876 7587 124
1 2877 7587 126
1 2878 7587 121
1 2879 7590 124
1 2880 7593 119
1 2881 7593 119
1 2882 7593 119
1 2883 7596 117
1 2884 7687 120
1 2885 7692 128
1 2886 7692 127
1 2887 7698 121
1 2888 7698 119
1 2889 7700 132
1 2890 7700 131
1 2891 7706 122
1 2892 8240 124
1 2893 8240 124
1 2894 8240 122
1 2895 8240 122
1 2896 8258 120
1 2897 8258 118
1 2898 8258 119
1 2899 8258 121
1 2900 8258 121
1 2901 8258 120
1 2902 8258 121
1 2903 8265 122
1 2904 8304 132
1 2905 8304 130
1 2906 8312 123
1 2907 8312 123
1 2908 8312 125
1 2909 8327 119
1 2910 8327 120
1 2911 8327 120
1 2912 8327 118
1 2913 8327 119
1 2914 8358 128
1 2915 8358 122
1 2916 8358 123
1 2917 8358 122
1 2918 8362 125
1 2919 8365 111
1 2920 8467 130
1 2921 8467 135
1 2922 8506 130
1 2923 8506 131
1 2924 8506 132
1 2925 8506 129
1 2926 8508 131
1 2927 8508 133
1 2928 8508 131
1 2929 8508 130
1 2930 8508 131
1 2931 8508 130
1 2932 8510 117
1 2933 8710 125
1 2934 8710 127
1 2935 8712 126
1 2936 8712 125
1 2937 8714 119
1 2938 8714 121
1 2939 8714 119
1 2940 8714 120
1 2941 8715 128
1 2942 8716 124
1 2943 8716 123
1 2944 8717 128
1 2945 8718 135
1 2946 8720 121
1 2947 8721 114
1 2948 8721 116
1 2949 8721 116
1 2950 8721 120
1 2951 8724 127
1 2952 8725 126
1 2953 8725 120
1 2954 8729 123
1 2955 8729 126
1 2956 8729 124
1 2957 8729 116
1 2958 8729 122
1 2959 8730 114
1 2960 8730 118
1 2961 8730 116
1 2962 8730 116
1 2963 8730 117
1 2964 8730 115
1 2965 8730 117
1 2966 8730 115
1 2967 8731 123
1 2968 8731 123
1 2969 8731 125
1 2970 8731 123
1 2971 8733 123
1 2972 8733 127
1 2973 8733 127
1 2974 8734 123
1 2975 8734 121
1 2976 8734 121
1 2977 8735 127
1 2978 8735 126
1 2979 8735 129
1 2980 8744 115
1 2981 8744 116
1 2982 8744 115
1 2983 8744 119
1 2984 8749 121
1 2985 8749 122
1 2986 8749 133
1 2987 8750 130
1 2988 8750 140
1 2989 8751 120
1 2990 8751 121
1 2991 8751 121
1 2992 8751 119
1 2993 8751 121
1 2994 8751 121
1 2995 8751 122
1 2996 8751 120
1 2997 8756 124
1 2998 8756 124
1 2999 8758 114
1 3000 8758 116
1 3001 8758 115
1 3002 8758 119
1 3003 8758 117
1 3004 8758 114
1 3005 8758 116
1 3006 8759 124
1 3007 8760 128
1 3008 8760 128
1 3009 8762 118
1 3010 8762 118
1 3011 8762 109
1 3012 8766 127
1 3013 8766 125
1 3014 8773 121
1 3015 8773 122
1 3016 8773 124
1 3017 8780 127
1 3018 8780 123
1 3019 8780 127
1 3020 8780 128
1 3021 8780 127
1 3022 8780 125
1 3023 8780 128
1 3024 8780 127
1 3025 8782 131
1 3026 8782 132
1 3027 8782 131
1 3028 8782 133
1 3029 8783 128
1 3030 8783 128
1 3031 8785 120
1 3032 8785 117
1 3033 8787 115
1 3034 8787 115
1 3035 8790 123
1 3036 8790 124
1 3037 8790 125
1 3038 8790 124
1 3039 8790 128
1 3040 8790 121
1 3041 8794 130
1 3042 8794 133
1 3043 8794 132
1 3044 8794 131
1 3045 8794 129
1 3046 8798 128
1 3047 8798 129
1 3048 8798 128
1 3049 8800 123
1 3050 8800 125
1 3051 8804 118
1 3052 8804 116
1 3053 8805 125
1 3054 8807 125
1 3055 8807 125
1 3056 8807 124
1 3057 8807 126
1 3058 8809 124
1 3059 8809 123
1 3060 8811 119
1 3061 8811 119
1 3062 8811 119
1 3063 8811 119
1 3064 8811 121
1 3065 8811 118
1 3066 8811 119
1 3067 8811 115
1 3068 8812 127
1 3069 8812 125
1 3070 8812 126
1 3071 8955 121
1 3072 8965 111
1 3073 8965 110
1 3074 8965 111
1 3075 8974 124
1 3076 8974 123
1 3077 8992 127
1 3078 8997 126
1 3079 9012 128
1 3080 9012 132
1 3081 9016 133
1 3082 9016 130
1 3083 9022 136
1 3084 9022 132
1 3085 9023 119
1 3086 9023 115
1 3087 9023 118
1 3088 9023 119
1 3089 9023 119
1 3090 9023 118
1 3091 9023 119
1 3092 9029 129
1 3093 9029 121
1 3094 9029 121
1 3095 9030 121
1 3096 9030 120
1 3097 9030 123
1 3098 9030 122
1 3099 9036 126
1 3100 9036 123
1 3101 9036 126
1 3102 9038 126
1 3103 9060 127
1 3104 9060 126
1 3105 9060 127
1 3106 9060 128
1 3107 9063 129
1 3108 9063 135
1 3109 9063 128
1 3110 9074 126
1 3111 9074 125
1 3112 9074 120
1 3113 9074 125
1 3114 9075 120
1 3115 9075 120
1 3116 9075 120
1 3117 9083 121
1 3118 9083 120
1 3119 9083 123
1 3120 9086 126
1 3121 9086 125
1 3122 9086 126
1 3123 9086 125
1 3124 9093 119
1 3125 9093 120
1 3126 9093 120
1 3127 9093 123
1 3128 9110 127
1 3129 9110 128
1 3130 9119 120
1 3131 9119 128
1 3132 9119 129
1 3133 9125 131
1 3134 9126 134
1 3135 9139 136
1 3136 9139 136
1 3137 9146 128
1 3138 9165 122
1 3139 9165 125
1 3140 9165 127
1 3141 9165 124
1 3142 9166 134
1 3143 9166 137
1 3144 9166 135
1 3145 9169 118
1 3146 9169 118
1 3147 9169 119
1 3148 9206 130
1 3149 9207 119
1 3150 9207 122
1 3151 9207 120
1 3152 9207 120
1 3153 9208 131
1 3154 9208 128
1 3155 9211 121
1 3156 9211 122
1 3157 9212 128
1 3158 9212 126
1 3159 9213 121
1 3160 9214 131
1 3161 9214 129
1 3162 9216 119
1 3163 9216 118
1 3164 9216 119
1 3165 9217 124
1 3166 9239 124
1 3167 9239 123
1 3168 9244 127
1 3169 9244 129
1 3170 9246 127
1 3171 9246 122
1 3172 9246 127
1 3173 9247 133
1 3174 9257 124
1 3175 9757 121
1 3176 9759 125
1 3177 9759 124
1 3178 9759 126
1 3179 9764 114
1 3180 9768 117
1 3181 9769 117
1 3182 9769 118
1 3183 9769 118
1 3184 9769 117
1 3185 9769 123
1 3186 9775 128
1 3187 9775 131
1 3188 9775 133
1 3189 9778 133
1 3190 9778 137
1 3191 9784 121
1 3192 9784 120
1 3193 9793 129
1 3194 9795 128
1 3195 9795 124
1 3196 9795 124
1 3197 9795 125
1 3198 9797 116
1 3199 9797 117
1 3200 9800 131
1 3201 9800 123
1 3202 9805 122
1 3203 9805 119
1 3204 9805 120
1 3205 9809 129
1 3206 9812 126
1 3207 9817 114
1 3208 9817 119
1 3209 9817 111
1 3210 9819 140
1 3211 9819 135
1 3212 9822 119
1 3213 9822 120
1 3214 9822 116
1 3215 9822 116
1 3216 9822 120
1 3217 9822 119
1 3218 9827 120
1 3219 9827 123
1 3220 9827 123
1 3221 9827 123
1 3222 9827 124
1 3223 9827 123
1 3224 9833 128
1 3225 9833 132
1 3226 9833 131
1 3227 9834 122
1 3228 9836 125
1 3229 9836 124
1 3230 9838 127
1 3231 9839 126
1 3232 9840 123
1 3233 9841 121
1 3234 9841 122
1 3235 9843 117
1 3236 9843 126
1 3237 9843 120
1 3238 9843 118
1 3239 9845 122
1 3240 9849 122
1 3241 9849 121
1 3242 9866 128
1 3243 9866 128
1 3244 9866 130
1 3245 9866 134
1 3246 9866 129
1 3247 9871 123
1 3248 9897 130
1 3249 9897 130
1 3250 9897 131
1 3251 9897 130
1 3252 9904 122
1 3253 9904 118
1 3254 9904 119
1 3255 9904 121
1 3256 10125 135
1 3257 10125 132
1 3258 10126 141
1 3259 10126 132
1 3260 10126 137
1 3261 10131 134
1 3262 10131 140
1 3263 10180 116
1 3264 10180 114
1 3265 10180 116
1 3266 10180 115
1 3267 10190 125
1 3268 10190 125
1 3269 10190 123
1 3270 10190 123
1 3271 10191 132
1 3272 10191 134
1 3273 10191 132
1 3274 10202 138
1 3275 10202 135
1 3276 10205 124
1 3277 10205 128
1 3278 10216 124
1 3279 10220 124
1 3280 10220 122
1 3281 10220 123
1 3282 10220 123
1 3283 10220 124
1 3284 10231 114
1 3285 10231 116
1 3286 10237 120
1 3287 10237 123
1 3288 10237 124
1 3289 10243 122
1 3290 10243 126
1 3291 10251 121
1 3292 10255 121
1 3293 10255 121
1 3294 10255 126
1 3295 10255 122
1 3296 10258 133
1 3297 10258 128
1 3298 10258 134
1 3299 10289 123
1 3300 10293 119
1 3301 10293 126
1 3302 10293 122
1 3303 10296 127
1 3304 10303 133
1 3305 10303 134
1 3306 10303 135
1 3307 10303 134
1 3308 10307 133
1 3309 10345 125
1 3310 10345 125
1 3311 10347 123
1 3312 10347 122
1 3313 10347 122
1 3314 10347 119
1 3315 10347 123
1 3316 10348 118
1 3317 10348 116
1 3318 10349 117
1 3319 10351 126
1 3320 10351 123
1 3321 10351 123
1 3322 10351 126
1 3323 10438 118
1 3324 10438 125
1 3325 10438 124
1 3326 10438 123
1 3327 10438 124
1 3328 10443 115
1 3329 10443 116
1 3330 10443 116
1 3331 10443 118
1 3332 10515 127
1 3333 10518 121
1 3334 10518 122
1 3335 10525 120
1 3336 10525 120
1 3337 10527 121
1 3338 10527 120
1 3339 10527 122
1 3340 10527 123
1 3341 10529 127
1 3342 10530 119
1 3343 10549 119
1 3344 10549 117
1 3345 10552 127
1 3346 10552 127
1 3347 10567 120
1 3348 10567 120
1 3349 10567 123
1 3350 10567 121
1 3351 10575 130
1 3352 10575 131
1 3353 10586 127
1 3354 10586 128
1 3355 10588 126
1 3356 10594 125
1 3357 10594 126
1 3358 10594 124
1 3359 10594 127
1 3360 10603 123
1 3361 10613 127
1 3362 10613 123
1 3363 10618 120
1 3364 10622 125
1 3365 10622 126
1 3366 10622 127
1 3367 10626 127
1 3368 10626 123
1 3369 10628 118
1 3370 10628 118
1 3371 10628 117
1 3372 10630 126
1 3373 10630 125
1 3374 10632 126
1 3375 10632 127
1 3376 10632 128
1 3377 10642 121
1 3378 10642 122
1 3379 10647 127
1 3380 10647 125
1 3381 10647 127
1 3382 10659 130
1 3383 10659 125
1 3384 10661 121
1 3385 10661 126
1 3386 10661 125
1 3387 11075 122
1 3388 11075 122
1 3389 11075 121
1 3390 11092 134
1 3391 11107 134
1 3392 11202 124
1 3393 11202 124
1 3394 11222 124
1 3395 11228 128
1 3396 11384 122
1 3397 11386 130
1 3398 11386 124
1 3399 11393 117
1 3400 11395 123
1 3401 11395 122
1 3402 11508 115
1 3403 11515 127
1 3404 11521 121
1 3405 11524 127
1 3406 11531 126
1 3407 11549 121
1 3408 11560 124
1 3409 11563 117
1 3410 11563 117
1 3411 11563 114
1 3412 11567 127
1 3413 11568 127
1 3414 11568 126
1 3415 11569 119
1 3416 11571 127
1 3417 11571 125
1 3418 11572 131
1 3419 11574 123
1 3420 11575 114
1 3421 11575 114
1 3422 11580 119
1 3423 11581 128
1 3424 11582 123
1 3425 11589 121
1 3426 11594 125
1 3427 11602 133
1 3428 11602 133
1 3429 11604 120
1 3430 11606 121
1 3431 11606 121
1 3432 11608 127
1 3433 11618 120
1 3434 11619 115
1 3435 11620 121
1 3436 11620 125
1 3437 11621 122
1 3438 11621 123
1 3439 11626 120
1 3440 11631 117
1 3441 11635 125
1 3442 11795 119
1 3443 11797 129
1 3444 11799 126
1 3445 11804 118
1 3446 11806 116
1 3447 11806 116
1 3448 11806 115
1 3449 11819 115
1 3450 11825 136
1 3451 11851 125
1 3452 11852 129
1 3453 11856 117
1 3454 11868 123
1 3455 11910 122
1 3456 11912 122
1 3457 11915 121
1 3458 11922 112
1 3459 11923 125
1 3460 11927 128
1 3461 11930 126
1 3462 11939 121
1 3463 11947 126
1 3464 11950 122
1 3465 11972 119
1 3466 11974 120
1 3467 11983 139
1 3468 11984 133
1 3469 11987 124
1 3470 11989 121
1 3471 11992 124
1 3472 11998 119
1 3473 12003 126
1 3474 12017 123
1 3475 12036 123
1 3476 12038 117
1 3477 12105 120
1 3478 12113 130
1 3479 12457 125
1 3480 12468 123
1 3481 12469 133
