1 1 331 10
1 2 509 8
1 3 331 9
1 4 509 6
1 5 211 7
1 6 321 13
1 7 443 14
1 8 211 7
1 9 290 11
1 10 509 6
1 11 331 8
1 12 435 15
1 13 414 12
1 14 509 6
1 15 331 8
1 16 211 7
1 17 331 8
1 18 457 9
1 19 457 9
1 20 509 6
1 21 331 8
1 22 331 8
1 23 509 6
1 24 457 9
1 25 331 8
1 26 509 6
1 27 509 5
1 28 457 8
1 29 509 5
1 30 331 7
1 31 331 7
1 32 211 6
1 33 509 5
1 34 509 5
1 35 331 7
1 36 331 7
1 37 509 5
1 38 414 11
1 39 331 7
1 40 211 6
1 41 509 5
1 42 331 7
1 43 331 7
1 44 211 9
1 45 331 7
1 46 414 11
1 47 509 5
1 48 414 11
1 49 509 5
1 50 443 13
1 51 331 7
1 52 290 10
1 53 321 12
1 54 414 10
1 55 509 4
1 56 321 11
1 57 575 15
1 58 414 10
1 59 290 9
1 60 331 6
1 61 509 4
1 62 457 7
1 63 331 6
1 64 457 7
1 65 331 6
1 66 331 6
1 67 290 9
1 68 414 10
1 69 211 8
1 70 509 3
1 71 331 5
1 72 509 3
1 73 414 9
1 74 509 3
1 75 509 3
1 76 414 9
1 77 211 7
1 78 457 6
1 79 331 5
1 80 443 11
1 81 457 6
1 82 509 3
1 83 321 10
1 84 211 4
1 85 331 5
1 86 414 9
1 87 331 5
1 88 509 3
1 89 457 6
1 90 290 8
1 91 414 9
1 92 321 10
1 93 509 3
1 94 211 6
1 95 321 9
1 96 457 5
1 97 509 2
1 98 414 8
1 99 331 4
1 100 290 7
1 101 509 2
1 102 211 3
1 103 331 4
1 104 321 9
1 105 542 14
1 106 509 2
1 107 575 13
1 108 290 7
1 109 443 10
1 110 414 8
1 111 591 15
1 112 509 2
1 113 509 2
1 114 211 6
1 115 290 7
1 116 331 4
1 117 321 9
1 118 575 13
1 119 414 8
1 120 331 4
1 121 457 5
1 122 290 7
1 123 509 2
1 124 414 8
1 125 509 2
1 126 290 7
1 127 211 6
1 128 331 4
1 129 509 2
1 130 509 2
1 131 290 7
1 132 331 4
1 133 321 9
1 134 509 2
1 135 331 4
1 136 414 8
1 137 509 2
1 138 457 5
1 139 211 6
1 140 290 7
1 141 509 2
1 142 331 4
1 143 414 8
1 144 211 3
1 145 321 9
1 146 414 8
1 147 321 9
1 148 331 4
1 149 414 8
1 150 414 8
1 151 211 3
1 152 331 4
1 153 414 8
1 154 331 4
1 155 211 3
1 156 331 4
1 157 509 2
1 158 321 9
1 159 414 8
1 160 357 12
1 161 331 4
1 162 414 8
1 163 211 2
1 164 331 3
1 165 457 4
1 166 331 3
1 167 211 5
1 168 331 3
1 169 211 2
1 170 443 9
1 171 435 10
1 172 414 7
1 173 211 2
1 174 290 6
1 175 331 3
1 176 211 5
1 177 357 11
1 178 457 4
1 179 331 3
1 180 414 7
1 181 443 9
1 182 321 8
1 183 575 12
1 184 443 9
1 185 435 10
1 186 414 7
1 187 321 8
1 188 211 2
1 189 290 6
1 190 414 7
1 191 290 6
1 192 331 3
1 193 457 4
1 194 414 7
1 195 331 3
1 196 321 8
1 197 457 4
1 198 443 9
1 199 435 10
1 200 357 11
1 201 331 3
1 202 575 12
1 203 321 8
1 204 290 6
1 205 357 11
1 206 457 4
1 207 331 3
1 208 321 8
1 209 211 5
1 210 290 6
1 211 414 7
1 212 443 9
1 213 211 5
1 214 357 11
1 215 435 10
1 216 414 7
1 217 575 12
1 218 331 3
1 219 211 2
1 220 414 7
1 221 321 8
1 222 331 3
1 223 435 10
1 224 321 8
1 225 290 6
1 226 321 8
1 227 443 9
1 228 414 7
1 229 331 3
1 230 331 3
1 231 211 2
1 232 443 9
1 233 414 7
1 234 414 7
1 235 457 4
1 236 331 3
1 237 211 2
1 238 457 4
1 239 414 7
1 240 321 8
1 241 331 3
1 242 443 9
1 243 211 2
1 244 414 6
1 245 321 7
1 246 321 7
1 247 414 6
1 248 457 3
1 249 321 7
1 250 443 8
1 251 331 2
1 252 331 2
1 253 457 3
1 254 457 2
1 255 457 2
1 256 457 2
1 257 457 2
1 258 457 2
1 259 457 2
1 260 457 2
1 261 457 2
1 262 457 2
1 263 457 2
1 264 457 2
1 265 457 2
1 266 457 2
1 267 457 2
1 268 457 2
1 269 457 2
1 270 457 2
1 271 357 9
1 272 435 8
1 273 435 8
1 274 414 5
1 275 457 2
1 276 321 6
1 277 290 4
1 278 321 6
1 279 357 9
1 280 435 8
1 281 651 15
1 282 414 5
1 283 290 4
1 284 443 7
1 285 457 2
1 286 414 5
1 287 321 6
1 288 357 9
1 289 542 11
1 290 435 8
1 291 321 6
1 292 357 9
1 293 211 3
1 294 321 5
1 295 357 8
1 296 414 4
1 297 290 3
1 298 211 2
1 299 414 4
1 300 290 3
1 301 290 3
1 302 443 6
1 303 321 5
1 304 542 10
1 305 435 7
1 306 575 9
1 307 414 4
1 308 211 2
1 309 290 3
1 310 414 4
1 311 290 3
1 312 435 7
1 313 435 7
1 314 414 4
1 315 290 3
1 316 211 2
1 317 357 8
1 318 443 6
1 319 414 4
1 320 321 5
1 321 542 10
1 322 435 7
1 323 211 2
1 324 414 4
1 325 290 3
1 326 443 6
1 327 435 7
1 328 542 10
1 329 211 2
1 330 575 9
1 331 321 5
1 332 414 4
1 333 357 8
1 334 290 3
1 335 321 5
1 336 435 7
1 337 435 7
1 338 211 2
1 339 443 6
1 340 542 10
1 341 290 3
1 342 211 2
1 343 575 9
1 344 414 4
1 345 321 5
1 346 321 5
1 347 414 4
1 348 211 2
1 349 443 6
1 350 321 5
1 351 414 4
1 352 443 6
1 353 435 7
1 354 435 7
1 355 211 2
1 356 414 4
1 357 414 4
1 358 443 6
1 359 290 3
1 360 542 10
1 361 211 2
1 362 575 9
1 363 414 4
1 364 443 6
1 365 435 7
1 366 321 5
1 367 414 4
1 368 290 2
1 369 321 4
1 370 443 5
1 371 575 8
1 372 321 4
1 373 414 3
1 374 414 3
1 375 591 10
1 376 321 4
1 377 443 5
1 378 325 11
1 379 290 2
1 380 414 3
1 381 290 2
1 382 575 8
1 383 435 6
1 384 414 3
1 385 357 7
1 386 575 8
1 387 443 5
1 388 321 4
1 389 435 6
1 390 414 3
1 391 321 4
1 392 414 3
1 393 591 10
1 394 542 9
1 395 321 4
1 396 357 7
1 397 435 6
1 398 321 4
1 399 591 10
1 400 290 2
1 401 414 3
1 402 542 9
1 403 435 6
1 404 321 4
1 405 414 3
1 406 290 2
1 407 357 7
1 408 591 10
1 409 542 9
1 410 443 5
1 411 435 6
1 412 321 4
1 413 575 8
1 414 357 7
1 415 443 5
1 416 357 7
1 417 321 4
1 418 575 8
1 419 443 5
1 420 542 9
1 421 414 3
1 422 542 8
1 423 575 7
1 424 321 3
1 425 414 2
1 426 443 4
1 427 321 3
1 428 435 5
1 429 443 4
1 430 414 2
1 431 414 2
1 432 435 5
1 433 414 2
1 434 443 4
1 435 321 3
1 436 414 2
1 437 414 2
1 438 321 3
1 439 443 4
1 440 414 2
1 441 414 2
1 442 414 2
1 443 321 3
1 444 414 2
1 445 414 2
1 446 414 2
1 447 414 2
1 448 575 7
1 449 321 3
1 450 414 2
1 451 443 4
1 452 435 5
1 453 542 8
1 454 321 3
1 455 414 2
1 456 443 4
1 457 575 7
1 458 435 5
1 459 575 7
1 460 443 4
1 461 357 6
1 462 542 8
1 463 414 2
1 464 321 3
1 465 542 8
1 466 443 4
1 467 357 6
1 468 414 2
1 469 321 3
1 470 435 5
1 471 591 9
1 472 575 7
1 473 414 2
1 474 321 3
1 475 435 5
1 476 321 3
1 477 443 4
1 478 414 2
1 479 357 6
1 480 542 8
1 481 435 5
1 482 443 4
1 483 414 2
1 484 321 3
1 485 443 4
1 486 591 9
1 487 435 5
1 488 443 4
1 489 414 2
1 490 321 3
1 491 542 8
1 492 414 2
1 493 575 7
1 494 357 6
1 495 591 9
1 496 414 2
1 497 542 8
1 498 443 4
1 499 575 7
1 500 591 9
1 501 435 5
1 502 542 8
1 503 414 2
1 504 443 4
1 505 435 5
1 506 575 7
1 507 414 2
1 508 575 7
1 509 542 8
1 510 435 5
1 511 443 4
1 512 414 2
1 513 325 10
1 514 414 2
1 515 443 4
1 516 321 3
1 517 575 7
1 518 414 2
1 519 414 2
1 520 321 3
1 521 575 7
1 522 443 4
1 523 414 2
1 524 357 6
1 525 542 8
1 526 321 3
1 527 435 5
1 528 575 7
1 529 542 8
1 530 443 4
1 531 357 6
1 532 591 9
1 533 414 2
1 534 435 5
1 535 321 3
1 536 414 2
1 537 321 3
1 538 575 7
1 539 443 4
1 540 542 8
1 541 357 6
1 542 435 5
1 543 357 5
1 544 443 3
1 545 435 4
1 546 651 11
1 547 575 6
1 548 443 3
1 549 591 8
1 550 542 7
1 551 461 10
1 552 325 9
1 553 321 2
1 554 443 3
1 555 435 4
1 556 591 8
1 557 575 6
1 558 357 5
1 559 542 7
1 560 591 8
1 561 443 3
1 562 542 7
1 563 651 11
1 564 357 5
1 565 591 8
1 566 321 2
1 567 575 6
1 568 321 2
1 569 321 2
1 570 443 3
1 571 575 6
1 572 443 3
1 573 321 2
1 574 591 8
1 575 443 3
1 576 325 9
1 577 357 5
1 578 591 8
1 579 321 2
1 580 321 2
1 581 321 2
1 582 542 7
1 583 357 5
1 584 321 2
1 585 443 3
1 586 321 2
1 587 321 2
1 588 321 2
1 589 321 2
1 590 443 3
1 591 321 2
1 592 435 4
1 593 591 8
1 594 443 3
1 595 542 7
1 596 321 2
1 597 435 4
1 598 321 2
1 599 575 6
1 600 357 5
1 601 542 7
1 602 321 2
1 603 321 2
1 604 443 3
1 605 575 6
1 606 357 5
1 607 321 2
1 608 443 3
1 609 435 4
1 610 321 2
1 611 321 2
1 612 443 3
1 613 325 9
1 614 435 4
1 615 321 2
1 616 443 3
1 617 357 5
1 618 542 7
1 619 575 6
1 620 575 6
1 621 443 3
1 622 357 5
1 623 321 2
1 624 494 13
1 625 321 2
1 626 335 12
1 627 494 13
1 628 443 3
1 629 357 5
1 630 651 11
1 631 575 6
1 632 321 2
1 633 542 7
1 634 435 4
1 635 443 3
1 636 575 6
1 637 321 2
1 638 542 7
1 639 435 4
1 640 325 9
1 641 651 11
1 642 461 10
1 643 443 3
1 644 321 2
1 645 575 6
1 646 357 5
1 647 321 2
1 648 321 2
1 649 443 3
1 650 443 3
1 651 435 4
1 652 321 2
1 653 321 2
1 654 443 3
1 655 435 4
1 656 542 7
1 657 591 8
1 658 321 2
1 659 575 6
1 660 357 5
1 661 443 3
1 662 443 3
1 663 357 5
1 664 542 7
1 665 591 8
1 666 321 2
1 667 575 6
1 668 443 3
1 669 321 2
1 670 435 4
1 671 443 3
1 672 321 2
1 673 443 3
1 674 435 4
1 675 443 3
1 676 542 7
1 677 591 8
1 678 321 2
1 679 435 4
1 680 575 6
1 681 435 4
1 682 321 2
1 683 443 3
1 684 461 10
1 685 651 11
1 686 435 4
1 687 321 2
1 688 357 5
1 689 591 8
1 690 435 4
1 691 435 4
1 692 357 5
1 693 575 6
1 694 443 3
1 695 357 5
1 696 321 2
1 697 591 8
1 698 443 3
1 699 435 4
1 700 357 5
1 701 443 3
1 702 357 5
1 703 435 4
1 704 321 2
1 705 575 6
1 706 542 7
1 707 575 6
1 708 357 5
1 709 443 3
1 710 435 4
1 711 321 2
1 712 435 4
1 713 357 5
1 714 321 2
1 715 443 3
1 716 542 7
1 717 575 6
1 718 461 10
1 719 443 3
1 720 357 5
1 721 575 6
1 722 321 2
1 723 435 4
1 724 591 8
1 725 321 2
1 726 435 4
1 727 443 3
1 728 435 4
1 729 321 2
1 730 435 4
1 731 321 2
1 732 443 3
1 733 435 4
1 734 321 2
1 735 575 6
1 736 443 3
1 737 435 4
1 738 435 4
1 739 321 2
1 740 357 5
1 741 575 6
1 742 542 7
1 743 357 5
1 744 575 6
1 745 321 2
1 746 435 4
1 747 591 8
1 748 591 8
1 749 575 6
1 750 651 11
1 751 325 9
1 752 542 7
1 753 435 4
1 754 335 12
1 755 443 3
1 756 357 5
1 757 461 10
1 758 494 13
1 759 335 12
1 760 435 4
1 761 542 7
1 762 443 3
1 763 651 11
1 764 575 6
1 765 591 8
1 766 461 10
1 767 325 9
1 768 542 7
1 769 575 6
1 770 321 2
1 771 443 3
1 772 651 11
1 773 357 5
1 774 443 2
1 775 443 2
1 776 461 9
1 777 542 6
1 778 542 6
1 779 357 4
1 780 575 5
1 781 435 3
1 782 591 7
1 783 443 2
1 784 575 5
1 785 357 4
1 786 443 2
1 787 435 3
1 788 591 7
1 789 542 6
1 790 443 2
1 791 435 3
1 792 357 4
1 793 542 6
1 794 575 5
1 795 591 7
1 796 435 3
1 797 443 2
1 798 575 5
1 799 357 4
1 800 443 2
1 801 435 3
1 802 591 7
1 803 357 4
1 804 575 5
1 805 357 4
1 806 651 10
1 807 443 2
1 808 591 7
1 809 542 6
1 810 325 8
1 811 443 2
1 812 443 2
1 813 461 9
1 814 575 5
1 815 335 11
1 816 357 4
1 817 591 7
1 818 575 5
1 819 357 4
1 820 575 5
1 821 443 2
1 822 325 8
1 823 591 7
1 824 435 3
1 825 357 4
1 826 575 5
1 827 357 4
1 828 575 5
1 829 591 7
1 830 542 6
1 831 435 3
1 832 461 9
1 833 357 4
1 834 575 5
1 835 443 2
1 836 435 3
1 837 443 2
1 838 435 3
1 839 575 5
1 840 575 5
1 841 443 2
1 842 542 6
1 843 575 5
1 844 591 7
1 845 435 3
1 846 357 4
1 847 575 5
1 848 591 7
1 849 435 3
1 850 542 6
1 851 443 2
1 852 575 5
1 853 443 2
1 854 542 6
1 855 435 3
1 856 443 2
1 857 542 6
1 858 357 4
1 859 591 7
1 860 435 3
1 861 575 5
1 862 461 9
1 863 435 3
1 864 435 3
1 865 575 5
1 866 443 2
1 867 591 7
1 868 357 4
1 869 542 6
1 870 575 5
1 871 591 7
1 872 443 2
1 873 357 4
1 874 435 3
1 875 335 10
1 876 651 9
1 877 435 2
1 878 591 6
1 879 494 11
1 880 325 7
1 881 575 4
1 882 335 10
1 883 542 5
1 884 435 2
1 885 435 2
1 886 575 4
1 887 591 6
1 888 357 3
1 889 542 5
1 890 435 2
1 891 575 4
1 892 435 2
1 893 542 5
1 894 357 3
1 895 651 9
1 896 542 5
1 897 575 4
1 898 357 3
1 899 542 5
1 900 575 4
1 901 575 4
1 902 542 5
1 903 575 4
1 904 591 6
1 905 542 5
1 906 542 5
1 907 435 2
1 908 435 2
1 909 542 5
1 910 591 6
1 911 575 4
1 912 357 3
1 913 357 3
1 914 542 5
1 915 591 6
1 916 575 4
1 917 575 4
1 918 435 2
1 919 542 5
1 920 335 10
1 921 461 8
1 922 575 4
1 923 435 2
1 924 357 3
1 925 575 4
1 926 575 4
1 927 435 2
1 928 591 6
1 929 357 3
1 930 575 4
1 931 435 2
1 932 542 5
1 933 435 2
1 934 651 9
1 935 671 12
1 936 591 6
1 937 542 5
1 938 575 4
1 939 357 3
1 940 357 3
1 941 435 2
1 942 575 4
1 943 435 2
1 944 461 8
1 945 325 7
1 946 542 5
1 947 435 2
1 948 435 2
1 949 542 5
1 950 575 4
1 951 542 5
1 952 435 2
1 953 575 4
1 954 357 3
1 955 575 4
1 956 325 7
1 957 575 4
1 958 542 5
1 959 357 3
1 960 435 2
1 961 325 7
1 962 575 4
1 963 591 6
1 964 357 3
1 965 435 2
1 966 651 9
1 967 325 7
1 968 542 5
1 969 435 2
1 970 357 3
1 971 575 4
1 972 591 6
1 973 435 2
1 974 435 2
1 975 435 2
1 976 435 2
1 977 575 4
1 978 591 6
1 979 651 9
1 980 435 2
1 981 435 2
1 982 575 4
1 983 357 3
1 984 357 3
1 985 542 5
1 986 575 4
1 987 435 2
1 988 357 3
1 989 575 4
1 990 591 6
1 991 575 4
1 992 542 5
1 993 435 2
1 994 357 3
1 995 357 3
1 996 542 5
1 997 435 2
1 998 575 4
1 999 325 7
1 1000 542 5
1 1001 575 4
1 1002 357 3
1 1003 494 11
1 1004 357 3
1 1005 591 6
1 1006 575 4
1 1007 325 7
1 1008 435 2
1 1009 591 6
1 1010 651 9
1 1011 357 3
1 1012 325 7
1 1013 435 2
1 1014 435 2
1 1015 357 3
1 1016 651 9
1 1017 591 6
1 1018 671 12
1 1019 335 10
1 1020 325 7
1 1021 435 2
1 1022 461 8
1 1023 494 11
1 1024 335 10
1 1025 575 4
1 1026 575 4
1 1027 542 5
1 1028 435 2
1 1029 591 6
1 1030 335 10
1 1031 357 3
1 1032 591 5
1 1033 575 3
1 1034 335 9
1 1035 542 4
1 1036 671 11
1 1037 461 7
1 1038 325 6
1 1039 335 9
1 1040 494 10
1 1041 651 8
1 1042 405 12
1 1043 325 6
1 1044 335 9
1 1045 651 8
1 1046 671 11
1 1047 591 5
1 1048 494 10
1 1049 335 9
1 1050 357 2
1 1051 575 3
1 1052 542 4
1 1053 461 7
1 1054 542 4
1 1055 575 3
1 1056 357 2
1 1057 542 4
1 1058 575 3
1 1059 357 2
1 1060 591 5
1 1061 542 4
1 1062 575 3
1 1063 494 10
1 1064 671 11
1 1065 575 3
1 1066 357 2
1 1067 575 3
1 1068 575 3
1 1069 357 2
1 1070 542 4
1 1071 591 5
1 1072 357 2
1 1073 542 4
1 1074 461 7
1 1075 542 4
1 1076 357 2
1 1077 325 6
1 1078 542 4
1 1079 651 8
1 1080 591 5
1 1081 575 3
1 1082 357 2
1 1083 542 4
1 1084 494 10
1 1085 591 5
1 1086 461 7
1 1087 651 8
1 1088 575 3
1 1089 325 6
1 1090 671 11
1 1091 357 2
1 1092 325 6
1 1093 542 4
1 1094 357 2
1 1095 542 4
1 1096 357 2
1 1097 575 3
1 1098 575 3
1 1099 357 2
1 1100 575 3
1 1101 357 2
1 1102 542 4
1 1103 357 2
1 1104 575 3
1 1105 325 6
1 1106 591 5
1 1107 591 5
1 1108 357 2
1 1109 542 4
1 1110 575 3
1 1111 542 4
1 1112 591 5
1 1113 357 2
1 1114 325 6
1 1115 651 8
1 1116 575 3
1 1117 542 4
1 1118 671 11
1 1119 651 8
1 1120 357 2
1 1121 591 5
1 1122 575 3
1 1123 461 7
1 1124 575 3
1 1125 494 10
1 1126 671 11
1 1127 325 6
1 1128 405 12
1 1129 335 9
1 1130 467 13
1 1131 542 4
1 1132 357 2
1 1133 651 8
1 1134 591 5
1 1135 591 5
1 1136 575 3
1 1137 542 4
1 1138 591 5
1 1139 357 2
1 1140 325 6
1 1141 542 4
1 1142 591 5
1 1143 357 2
1 1144 357 2
1 1145 575 3
1 1146 325 6
1 1147 575 3
1 1148 461 7
1 1149 591 5
1 1150 542 4
1 1151 357 2
1 1152 591 5
1 1153 542 4
1 1154 542 4
1 1155 357 2
1 1156 575 3
1 1157 591 5
1 1158 357 2
1 1159 651 8
1 1160 542 4
1 1161 357 2
1 1162 325 6
1 1163 357 2
1 1164 494 10
1 1165 575 3
1 1166 651 8
1 1167 591 5
1 1168 542 4
1 1169 335 9
1 1170 671 11
1 1171 325 6
1 1172 591 5
1 1173 357 2
1 1174 575 3
1 1175 651 8
1 1176 542 4
1 1177 575 3
1 1178 542 4
1 1179 575 3
1 1180 325 6
1 1181 461 7
1 1182 591 5
1 1183 357 2
1 1184 542 4
1 1185 575 3
1 1186 651 8
1 1187 591 5
1 1188 325 6
1 1189 651 8
1 1190 591 5
1 1191 542 4
1 1192 575 3
1 1193 461 7
1 1194 542 4
1 1195 575 3
1 1196 591 5
1 1197 357 2
1 1198 357 2
1 1199 542 3
1 1200 494 9
1 1201 575 2
1 1202 335 8
1 1203 325 5
1 1204 325 5
1 1205 651 7
1 1206 671 10
1 1207 575 2
1 1208 591 4
1 1209 542 3
1 1210 542 3
1 1211 591 4
1 1212 591 4
1 1213 575 2
1 1214 325 5
1 1215 542 3
1 1216 591 4
1 1217 335 8
1 1218 494 9
1 1219 542 3
1 1220 575 2
1 1221 575 2
1 1222 542 3
1 1223 591 4
1 1224 325 5
1 1225 575 2
1 1226 575 2
1 1227 542 3
1 1228 651 7
1 1229 591 4
1 1230 542 3
1 1231 325 5
1 1232 575 2
1 1233 461 6
1 1234 591 4
1 1235 542 3
1 1236 325 5
1 1237 651 6
1 1238 335 7
1 1239 542 2
1 1240 325 4
1 1241 542 2
1 1242 671 9
1 1243 325 4
1 1244 494 8
1 1245 335 7
1 1246 461 5
1 1247 542 2
1 1248 325 4
1 1249 494 8
1 1250 651 6
1 1251 651 6
1 1252 591 3
1 1253 494 8
1 1254 325 4
1 1255 542 2
1 1256 461 5
1 1257 461 5
1 1258 671 9
1 1259 335 7
1 1260 591 3
1 1261 335 7
1 1262 325 4
1 1263 542 2
1 1264 542 2
1 1265 542 2
1 1266 651 6
1 1267 325 4
1 1268 542 2
1 1269 591 3
1 1270 325 4
1 1271 542 2
1 1272 671 9
1 1273 591 3
1 1274 325 4
1 1275 335 7
1 1276 325 4
1 1277 542 2
1 1278 591 3
1 1279 651 6
1 1280 461 5
1 1281 325 4
1 1282 405 10
1 1283 542 2
1 1284 335 7
1 1285 335 7
1 1286 651 6
1 1287 671 9
1 1288 591 3
1 1289 461 5
1 1290 325 4
1 1291 494 8
1 1292 542 2
1 1293 591 3
1 1294 591 3
1 1295 542 2
1 1296 335 7
1 1297 325 4
1 1298 447 12
1 1299 494 8
1 1300 591 3
1 1301 467 11
1 1302 671 9
1 1303 567 13
1 1304 405 10
1 1305 461 5
1 1306 542 2
1 1307 651 6
1 1308 335 7
1 1309 494 8
1 1310 335 7
1 1311 447 12
1 1312 325 4
1 1313 461 5
1 1314 591 3
1 1315 542 2
1 1316 651 6
1 1317 542 2
1 1318 325 4
1 1319 335 7
1 1320 542 2
1 1321 651 6
1 1322 671 9
1 1323 542 2
1 1324 651 6
1 1325 405 10
1 1326 461 5
1 1327 494 8
1 1328 542 2
1 1329 591 3
1 1330 467 11
1 1331 325 4
1 1332 671 9
1 1333 335 7
1 1334 335 7
1 1335 591 3
1 1336 542 2
1 1337 651 6
1 1338 591 3
1 1339 335 7
1 1340 542 2
1 1341 325 4
1 1342 651 6
1 1343 542 2
1 1344 335 7
1 1345 591 3
1 1346 494 8
1 1347 671 9
1 1348 542 2
1 1349 591 3
1 1350 542 2
1 1351 651 6
1 1352 494 8
1 1353 542 2
1 1354 671 9
1 1355 335 7
1 1356 461 5
1 1357 325 4
1 1358 651 6
1 1359 335 7
1 1360 447 12
1 1361 591 3
1 1362 335 7
1 1363 467 11
1 1364 405 10
1 1365 671 9
1 1366 325 4
1 1367 461 5
1 1368 494 8
1 1369 542 2
1 1370 651 6
1 1371 325 4
1 1372 651 6
1 1373 591 3
1 1374 335 7
1 1375 542 2
1 1376 335 7
1 1377 591 3
1 1378 651 6
1 1379 461 5
1 1380 325 4
1 1381 542 2
1 1382 335 7
1 1383 494 8
1 1384 335 7
1 1385 335 7
1 1386 542 2
1 1387 651 6
1 1388 591 3
1 1389 325 4
1 1390 671 9
1 1391 461 5
1 1392 542 2
1 1393 591 3
1 1394 335 7
1 1395 671 9
1 1396 591 3
1 1397 325 4
1 1398 335 7
1 1399 671 9
1 1400 325 4
1 1401 651 6
1 1402 461 5
1 1403 591 3
1 1404 494 8
1 1405 461 5
1 1406 542 2
1 1407 542 2
1 1408 461 5
1 1409 542 2
1 1410 591 3
1 1411 461 5
1 1412 325 4
1 1413 542 2
1 1414 461 5
1 1415 325 4
1 1416 542 2
1 1417 591 3
1 1418 671 9
1 1419 461 5
1 1420 494 8
1 1421 651 6
1 1422 335 7
1 1423 651 6
1 1424 542 2
1 1425 671 9
1 1426 591 3
1 1427 461 5
1 1428 494 8
1 1429 325 4
1 1430 461 5
1 1431 591 3
1 1432 325 4
1 1433 542 2
1 1434 542 2
1 1435 542 2
1 1436 325 4
1 1437 325 4
1 1438 461 5
1 1439 651 6
1 1440 461 5
1 1441 542 2
1 1442 461 5
1 1443 542 2
1 1444 494 8
1 1445 591 3
1 1446 405 10
1 1447 335 7
1 1448 651 6
1 1449 542 2
1 1450 461 5
1 1451 671 9
1 1452 591 3
1 1453 467 11
1 1454 325 4
1 1455 461 5
1 1456 325 4
1 1457 651 6
1 1458 651 5
1 1459 591 2
1 1460 325 3
1 1461 467 10
1 1462 325 3
1 1463 494 7
1 1464 567 12
1 1465 405 9
1 1466 671 8
1 1467 591 2
1 1468 335 6
1 1469 494 7
1 1470 447 11
1 1471 671 8
1 1472 335 6
1 1473 461 4
1 1474 325 3
1 1475 461 4
1 1476 325 3
1 1477 651 5
1 1478 325 3
1 1479 335 6
1 1480 671 8
1 1481 461 4
1 1482 325 3
1 1483 461 4
1 1484 591 2
1 1485 461 4
1 1486 325 3
1 1487 325 3
1 1488 591 2
1 1489 461 4
1 1490 651 5
1 1491 591 2
1 1492 325 3
1 1493 651 5
1 1494 591 2
1 1495 461 4
1 1496 651 5
1 1497 494 7
1 1498 467 10
1 1499 651 5
1 1500 335 6
1 1501 325 3
1 1502 335 6
1 1503 591 2
1 1504 671 8
1 1505 405 9
1 1506 494 7
1 1507 461 4
1 1508 591 2
1 1509 467 10
1 1510 494 7
1 1511 671 8
1 1512 591 2
1 1513 325 3
1 1514 467 10
1 1515 335 6
1 1516 325 3
1 1517 591 2
1 1518 325 3
1 1519 671 8
1 1520 651 5
1 1521 405 9
1 1522 335 6
1 1523 591 2
1 1524 494 7
1 1525 671 8
1 1526 325 3
1 1527 494 7
1 1528 591 2
1 1529 335 6
1 1530 591 2
1 1531 651 5
1 1532 671 8
1 1533 461 4
1 1534 405 9
1 1535 567 12
1 1536 494 7
1 1537 447 11
1 1538 467 10
1 1539 335 6
1 1540 335 6
1 1541 325 3
1 1542 467 10
1 1543 335 6
1 1544 335 6
1 1545 591 2
1 1546 651 5
1 1547 447 11
1 1548 671 8
1 1549 405 9
1 1550 325 3
1 1551 494 7
1 1552 405 9
1 1553 325 3
1 1554 447 11
1 1555 591 2
1 1556 591 2
1 1557 591 2
1 1558 335 6
1 1559 461 4
1 1560 494 7
1 1561 671 8
1 1562 591 2
1 1563 325 3
1 1564 591 2
1 1565 335 6
1 1566 461 4
1 1567 651 5
1 1568 591 2
1 1569 591 2
1 1570 651 5
1 1571 405 9
1 1572 335 6
1 1573 325 3
1 1574 461 4
1 1575 591 2
1 1576 671 7
1 1577 651 4
1 1578 325 2
1 1579 494 6
1 1580 405 8
1 1581 325 2
1 1582 671 7
1 1583 651 4
1 1584 461 3
1 1585 325 2
1 1586 671 7
1 1587 651 4
1 1588 671 7
1 1589 325 2
1 1590 461 3
1 1591 447 10
1 1592 567 11
1 1593 447 10
1 1594 325 2
1 1595 671 7
1 1596 335 5
1 1597 335 5
1 1598 335 5
1 1599 651 4
1 1600 494 6
1 1601 325 2
1 1602 651 4
1 1603 461 3
1 1604 651 4
1 1605 335 5
1 1606 325 2
1 1607 494 6
1 1608 325 2
1 1609 651 4
1 1610 405 8
1 1611 461 3
1 1612 335 5
1 1613 335 5
1 1614 671 7
1 1615 651 4
1 1616 461 3
1 1617 494 6
1 1618 335 5
1 1619 405 8
1 1620 325 2
1 1621 494 6
1 1622 325 2
1 1623 461 3
1 1624 335 5
1 1625 671 7
1 1626 461 3
1 1627 651 4
1 1628 494 6
1 1629 335 5
1 1630 494 6
1 1631 461 3
1 1632 325 2
1 1633 447 10
1 1634 405 8
1 1635 671 7
1 1636 494 5
1 1637 494 5
1 1638 494 5
1 1639 461 2
1 1640 651 3
1 1641 651 3
1 1642 461 2
1 1643 671 6
1 1644 494 5
1 1645 467 8
1 1646 617 11
1 1647 671 6
1 1648 335 4
1 1649 335 4
1 1650 494 5
1 1651 461 2
1 1652 405 7
1 1653 651 3
1 1654 671 6
1 1655 335 4
1 1656 467 8
1 1657 494 5
1 1658 335 4
1 1659 335 5
1 1660 671 7
1 1661 335 5
1 1662 461 2
1 1663 335 6
1 1664 461 4
1 1665 651 2
1 1666 405 6
1 1667 335 3
1 1668 671 5
1 1669 335 3
1 1670 494 4
1 1671 651 2
1 1672 651 2
1 1673 651 2
1 1674 494 4
1 1675 651 2
1 1676 671 5
1 1677 651 2
1 1678 405 6
1 1679 651 2
1 1680 671 5
1 1681 651 2
1 1682 335 3
1 1683 494 4
1 1684 651 2
1 1685 335 3
1 1686 494 4
1 1687 651 2
1 1688 651 2
1 1689 651 2
1 1690 671 5
1 1691 494 4
1 1692 651 2
1 1693 335 3
1 1694 335 3
1 1695 671 5
1 1696 494 4
1 1697 335 3
1 1698 651 2
1 1699 651 2
1 1700 617 10
1 1701 494 4
1 1702 567 9
1 1703 494 4
1 1704 567 9
1 1705 672 11
1 1706 362 13
1 1707 617 10
1 1708 482 15
1 1709 447 8
1 1710 405 6
1 1711 651 2
1 1712 335 3
1 1713 467 7
1 1714 671 5
1 1715 335 3
1 1716 649 12
1 1717 494 4
1 1718 651 2
1 1719 651 2
1 1720 651 2
1 1721 651 2
1 1722 494 4
1 1723 671 5
1 1724 651 2
1 1725 651 2
1 1726 651 2
1 1727 651 2
1 1728 671 5
1 1729 335 3
1 1730 651 2
1 1731 405 6
1 1732 494 4
1 1733 335 3
1 1734 651 2
1 1735 651 2
1 1736 467 7
1 1737 335 3
1 1738 405 6
1 1739 335 3
1 1740 494 4
1 1741 651 2
1 1742 651 2
1 1743 651 2
1 1744 651 2
1 1745 651 2
1 1746 335 3
1 1747 671 5
1 1748 617 10
1 1749 651 2
1 1750 651 2
1 1751 447 8
1 1752 671 5
1 1753 651 2
1 1754 335 3
1 1755 651 2
1 1756 651 2
1 1757 494 4
1 1758 651 2
1 1759 651 2
1 1760 651 2
1 1761 335 3
1 1762 651 2
1 1763 494 4
1 1764 447 8
1 1765 335 3
1 1766 651 2
1 1767 671 5
1 1768 494 4
1 1769 567 9
1 1770 405 6
1 1771 617 10
1 1772 335 3
1 1773 494 4
1 1774 651 2
1 1775 651 2
1 1776 651 2
1 1777 651 2
1 1778 651 2
1 1779 335 3
1 1780 567 9
1 1781 617 10
1 1782 335 3
1 1783 651 2
1 1784 494 4
1 1785 567 9
1 1786 335 3
1 1787 617 10
1 1788 447 8
1 1789 671 5
1 1790 651 2
1 1791 405 6
1 1792 335 3
1 1793 671 5
1 1794 651 2
1 1795 325 3
1 1796 651 5
1 1797 651 2
1 1798 617 9
1 1799 494 3
1 1800 567 8
1 1801 447 7
1 1802 671 4
1 1803 335 2
1 1804 671 4
1 1805 494 3
1 1806 335 2
1 1807 494 3
1 1808 671 4
1 1809 494 3
1 1810 405 5
1 1811 335 2
1 1812 335 2
1 1813 617 9
1 1814 494 3
1 1815 335 2
1 1816 671 4
1 1817 467 6
1 1818 447 7
1 1819 567 8
1 1820 649 11
1 1821 567 8
1 1822 447 7
1 1823 494 3
1 1824 335 2
1 1825 671 4
1 1826 335 2
1 1827 494 3
1 1828 671 4
1 1829 335 2
1 1830 405 5
1 1831 494 3
1 1832 467 6
1 1833 335 2
1 1834 672 10
1 1835 671 4
1 1836 335 2
1 1837 467 6
1 1838 447 7
1 1839 335 2
1 1840 617 9
1 1841 567 8
1 1842 494 3
1 1843 405 5
1 1844 335 2
1 1845 494 3
1 1846 447 7
1 1847 617 9
1 1848 671 4
1 1849 494 3
1 1850 567 8
1 1851 335 2
1 1852 447 7
1 1853 335 2
1 1854 335 2
1 1855 494 3
1 1856 672 10
1 1857 671 4
1 1858 467 6
1 1859 567 8
1 1860 617 9
1 1861 447 7
1 1862 405 5
1 1863 335 2
1 1864 494 3
1 1865 672 10
1 1866 671 4
1 1867 567 8
1 1868 335 2
1 1869 467 6
1 1870 447 7
1 1871 617 9
1 1872 494 3
1 1873 405 5
1 1874 335 2
1 1875 671 4
1 1876 672 10
1 1877 617 9
1 1878 567 8
1 1879 494 3
1 1880 447 7
1 1881 467 6
1 1882 671 4
1 1883 494 3
1 1884 467 6
1 1885 567 8
1 1886 494 3
1 1887 405 5
1 1888 335 2
1 1889 671 4
1 1890 335 2
1 1891 494 3
1 1892 567 8
1 1893 405 5
1 1894 671 4
1 1895 335 2
1 1896 467 6
1 1897 494 3
1 1898 447 7
1 1899 335 2
1 1900 617 9
1 1901 672 10
1 1902 494 3
1 1903 405 5
1 1904 447 7
1 1905 617 9
1 1906 335 2
1 1907 671 4
1 1908 335 2
1 1909 467 6
1 1910 494 3
1 1911 405 5
1 1912 671 4
1 1913 405 5
1 1914 494 3
1 1915 447 7
1 1916 335 2
1 1917 467 6
1 1918 617 9
1 1919 649 11
1 1920 362 12
1 1921 672 10
1 1922 545 13
1 1923 405 5
1 1924 494 3
1 1925 335 2
1 1926 567 8
1 1927 671 4
1 1928 467 6
1 1929 335 2
1 1930 447 7
1 1931 671 4
1 1932 335 2
1 1933 335 2
1 1934 494 3
1 1935 335 2
1 1936 335 2
1 1937 494 3
1 1938 405 5
1 1939 671 4
1 1940 494 3
1 1941 671 4
1 1942 405 5
1 1943 335 2
1 1944 567 8
1 1945 467 6
1 1946 447 7
1 1947 447 7
1 1948 335 2
1 1949 335 2
1 1950 447 7
1 1951 494 3
1 1952 447 7
1 1953 617 9
1 1954 671 4
1 1955 335 2
1 1956 335 2
1 1957 494 3
1 1958 335 2
1 1959 651 2
1 1960 671 4
1 1961 494 3
1 1962 335 2
1 1963 494 2
1 1964 671 3
1 1965 447 6
1 1966 617 8
1 1967 467 5
1 1968 567 7
1 1969 672 9
1 1970 405 4
1 1971 567 7
1 1972 405 4
1 1973 567 7
1 1974 467 5
1 1975 617 8
1 1976 649 10
1 1977 671 3
1 1978 447 6
1 1979 672 9
1 1980 405 4
1 1981 671 3
1 1982 494 2
1 1983 567 7
1 1984 545 12
1 1985 482 13
1 1986 467 5
1 1987 617 8
1 1988 494 2
1 1989 671 3
1 1990 447 6
1 1991 405 4
1 1992 672 9
1 1993 362 11
1 1994 513 14
1 1995 671 4
1 1996 671 4
1 1997 335 2
1 1998 494 3
1 1999 671 2
1 2000 405 3
1 2001 671 2
1 2002 467 4
1 2003 567 6
1 2004 405 3
1 2005 671 2
1 2006 671 2
1 2007 671 2
1 2008 672 8
1 2009 567 6
1 2010 447 5
1 2011 617 7
1 2012 671 2
1 2013 447 5
1 2014 671 2
1 2015 671 2
1 2016 671 2
1 2017 671 2
1 2018 447 5
1 2019 567 6
1 2020 617 7
1 2021 405 3
1 2022 467 4
1 2023 467 4
1 2024 671 2
1 2025 447 5
1 2026 467 4
1 2027 405 3
1 2028 567 6
1 2029 671 2
1 2030 567 6
1 2031 467 4
1 2032 447 5
1 2033 405 3
1 2034 567 6
1 2035 671 2
1 2036 447 5
1 2037 649 9
1 2038 671 2
1 2039 405 3
1 2040 467 4
1 2041 671 2
1 2042 567 6
1 2043 671 2
1 2044 447 5
1 2045 671 2
1 2046 617 7
1 2047 405 3
1 2048 447 5
1 2049 671 2
1 2050 617 7
1 2051 467 4
1 2052 649 9
1 2053 405 3
1 2054 567 6
1 2055 447 5
1 2056 672 8
1 2057 671 2
1 2058 671 2
1 2059 617 7
1 2060 447 5
1 2061 671 2
1 2062 671 2
1 2063 671 2
1 2064 617 7
1 2065 567 6
1 2066 672 8
1 2067 671 2
1 2068 567 6
1 2069 467 4
1 2070 447 5
1 2071 567 6
1 2072 671 2
1 2073 567 6
1 2074 447 5
1 2075 672 8
1 2076 447 5
1 2077 649 9
1 2078 671 2
1 2079 671 2
1 2080 617 7
1 2081 447 5
1 2082 617 7
1 2083 671 2
1 2084 617 7
1 2085 649 9
1 2086 671 2
1 2087 671 2
1 2088 447 5
1 2089 672 8
1 2090 567 6
1 2091 467 4
1 2092 649 9
1 2093 405 3
1 2094 617 7
1 2095 671 2
1 2096 567 6
1 2097 447 5
1 2098 467 4
1 2099 405 3
1 2100 671 2
1 2101 447 5
1 2102 617 7
1 2103 467 4
1 2104 567 6
1 2105 672 8
1 2106 671 2
1 2107 447 5
1 2108 567 6
1 2109 671 2
1 2110 447 5
1 2111 467 4
1 2112 617 7
1 2113 671 2
1 2114 567 6
1 2115 672 8
1 2116 405 3
1 2117 671 2
1 2118 567 6
1 2119 447 5
1 2120 467 4
1 2121 671 2
1 2122 671 2
1 2123 671 2
1 2124 671 2
1 2125 405 3
1 2126 671 2
1 2127 617 7
1 2128 447 5
1 2129 671 2
1 2130 467 4
1 2131 671 2
1 2132 467 4
1 2133 671 2
1 2134 447 5
1 2135 405 3
1 2136 447 5
1 2137 672 8
1 2138 617 7
1 2139 671 2
1 2140 672 8
1 2141 567 6
1 2142 447 5
1 2143 405 3
1 2144 467 6
1 2145 494 3
1 2146 335 2
1 2147 447 7
1 2148 567 8
1 2149 494 2
1 2150 672 9
1 2151 671 3
1 2152 494 2
1 2153 467 5
1 2154 447 6
1 2155 405 4
1 2156 671 2
1 2157 671 2
1 2158 447 4
1 2159 649 8
1 2160 617 6
1 2161 447 4
1 2162 567 5
1 2163 405 2
1 2164 467 3
1 2165 672 7
1 2166 467 3
1 2167 649 8
1 2168 447 4
1 2169 617 6
1 2170 467 3
1 2171 672 7
1 2172 567 5
1 2173 567 5
1 2174 617 6
1 2175 405 2
1 2176 447 4
1 2177 617 6
1 2178 649 8
1 2179 513 12
1 2180 617 6
1 2181 467 3
1 2182 567 5
1 2183 447 4
1 2184 617 6
1 2185 467 3
1 2186 447 4
1 2187 447 4
1 2188 567 5
1 2189 617 6
1 2190 545 10
1 2191 467 3
1 2192 672 7
1 2193 405 2
1 2194 362 9
1 2195 672 7
1 2196 447 4
1 2197 405 2
1 2198 649 8
1 2199 405 2
1 2200 447 4
1 2201 567 5
1 2202 467 3
1 2203 672 7
1 2204 649 8
1 2205 617 6
1 2206 447 4
1 2207 617 6
1 2208 405 2
1 2209 405 2
1 2210 447 4
1 2211 447 4
1 2212 405 2
1 2213 467 3
1 2214 447 4
1 2215 447 4
1 2216 467 3
1 2217 447 4
1 2218 617 6
1 2219 672 7
1 2220 567 5
1 2221 405 2
1 2222 467 3
1 2223 649 8
1 2224 447 4
1 2225 567 5
1 2226 467 3
1 2227 617 6
1 2228 617 6
1 2229 467 3
1 2230 405 2
1 2231 617 6
1 2232 617 6
1 2233 567 5
1 2234 467 3
1 2235 649 8
1 2236 567 5
1 2237 447 4
1 2238 672 7
1 2239 672 7
1 2240 528 14
1 2241 545 10
1 2242 447 4
1 2243 444 13
1 2244 617 6
1 2245 513 12
1 2246 405 2
1 2247 362 9
1 2248 482 11
1 2249 567 5
1 2250 467 3
1 2251 649 8
1 2252 405 2
1 2253 467 3
1 2254 649 8
1 2255 362 9
1 2256 617 6
1 2257 482 11
1 2258 672 7
1 2259 649 8
1 2260 447 4
1 2261 567 5
1 2262 672 7
1 2263 617 6
1 2264 444 13
1 2265 405 2
1 2266 513 12
1 2267 649 8
1 2268 567 5
1 2269 567 5
1 2270 467 3
1 2271 617 6
1 2272 447 4
1 2273 378 15
1 2274 405 2
1 2275 362 9
1 2276 482 11
1 2277 444 13
1 2278 528 14
1 2279 513 12
1 2280 672 7
1 2281 545 10
1 2282 649 8
1 2283 482 11
1 2284 447 4
1 2285 567 5
1 2286 672 7
1 2287 649 8
1 2288 672 7
1 2289 447 4
1 2290 567 5
1 2291 567 5
1 2292 467 3
1 2293 649 8
1 2294 447 4
1 2295 405 2
1 2296 617 6
1 2297 672 7
1 2298 467 3
1 2299 447 4
1 2300 567 5
1 2301 467 3
1 2302 467 3
1 2303 362 9
1 2304 545 10
1 2305 482 11
1 2306 513 12
1 2307 617 6
1 2308 447 4
1 2309 467 3
1 2310 672 7
1 2311 405 2
1 2312 649 8
1 2313 567 5
1 2314 567 5
1 2315 447 4
1 2316 672 7
1 2317 617 6
1 2318 467 3
1 2319 405 2
1 2320 649 8
1 2321 447 4
1 2322 545 10
1 2323 405 2
1 2324 672 7
1 2325 362 9
1 2326 447 4
1 2327 567 5
1 2328 362 9
1 2329 617 6
1 2330 405 2
1 2331 467 3
1 2332 649 8
1 2333 672 7
1 2334 545 10
1 2335 567 5
1 2336 649 8
1 2337 447 4
1 2338 617 6
1 2339 672 7
1 2340 405 2
1 2341 672 7
1 2342 447 4
1 2343 567 5
1 2344 649 8
1 2345 617 6
1 2346 467 3
1 2347 467 3
1 2348 447 4
1 2349 617 6
1 2350 672 7
1 2351 567 5
1 2352 405 2
1 2353 567 5
1 2354 447 4
1 2355 405 2
1 2356 617 6
1 2357 672 7
1 2358 447 4
1 2359 467 3
1 2360 567 5
1 2361 362 9
1 2362 672 7
1 2363 482 11
1 2364 447 4
1 2365 447 4
1 2366 405 2
1 2367 405 2
1 2368 467 3
1 2369 617 6
1 2370 447 4
1 2371 567 5
1 2372 447 4
1 2373 467 3
1 2374 672 7
1 2375 567 5
1 2376 617 6
1 2377 405 2
1 2378 447 4
1 2379 617 6
1 2380 649 8
1 2381 447 4
1 2382 545 10
1 2383 567 5
1 2384 405 2
1 2385 482 11
1 2386 672 7
1 2387 405 2
1 2388 617 6
1 2389 567 5
1 2390 467 3
1 2391 447 4
1 2392 467 3
1 2393 567 5
1 2394 405 2
1 2395 447 4
1 2396 467 3
1 2397 617 6
1 2398 447 4
1 2399 617 6
1 2400 672 7
1 2401 567 5
1 2402 617 6
1 2403 447 4
1 2404 672 7
1 2405 617 6
1 2406 447 4
1 2407 405 2
1 2408 567 5
1 2409 447 4
1 2410 617 6
1 2411 672 7
1 2412 567 5
1 2413 447 4
1 2414 672 7
1 2415 617 6
1 2416 405 2
1 2417 649 8
1 2418 362 9
1 2419 567 5
1 2420 672 7
1 2421 405 2
1 2422 447 3
1 2423 672 6
1 2424 467 2
1 2425 617 5
1 2426 567 4
1 2427 617 5
1 2428 649 7
1 2429 467 2
1 2430 567 4
1 2431 362 8
1 2432 672 6
1 2433 447 3
1 2434 447 3
1 2435 672 6
1 2436 649 7
1 2437 617 5
1 2438 567 4
1 2439 447 3
1 2440 467 2
1 2441 672 6
1 2442 447 3
1 2443 672 6
1 2444 447 2
1 2445 447 2
1 2446 567 3
1 2447 649 6
1 2448 447 2
1 2449 672 5
1 2450 447 2
1 2451 672 5
1 2452 447 2
1 2453 617 4
1 2454 672 5
1 2455 447 2
1 2456 617 4
1 2457 649 6
1 2458 447 2
1 2459 672 5
1 2460 567 3
1 2461 567 3
1 2462 447 2
1 2463 447 2
1 2464 617 4
1 2465 672 5
1 2466 649 6
1 2467 567 3
1 2468 567 3
1 2469 617 4
1 2470 567 3
1 2471 447 2
1 2472 545 8
1 2473 447 2
1 2474 672 5
1 2475 617 4
1 2476 447 2
1 2477 567 3
1 2478 617 4
1 2479 362 7
1 2480 567 3
1 2481 447 2
1 2482 567 3
1 2483 617 4
1 2484 672 5
1 2485 447 2
1 2486 649 6
1 2487 447 2
1 2488 649 6
1 2489 362 7
1 2490 672 5
1 2491 447 2
1 2492 567 3
1 2493 672 5
1 2494 649 6
1 2495 617 4
1 2496 362 7
1 2497 567 3
1 2498 649 6
1 2499 672 5
1 2500 447 2
1 2501 447 2
1 2502 617 4
1 2503 513 10
1 2504 444 11
1 2505 447 2
1 2506 672 5
1 2507 649 6
1 2508 482 9
1 2509 447 2
1 2510 672 5
1 2511 672 5
1 2512 447 2
1 2513 617 4
1 2514 362 7
1 2515 617 4
1 2516 447 2
1 2517 649 6
1 2518 447 2
1 2519 567 3
1 2520 672 5
1 2521 617 4
1 2522 649 6
1 2523 567 3
1 2524 447 2
1 2525 447 2
1 2526 567 3
1 2527 672 5
1 2528 362 7
1 2529 447 2
1 2530 617 4
1 2531 545 8
1 2532 672 6
1 2533 567 4
1 2534 447 3
1 2535 617 5
1 2536 672 4
1 2537 672 4
1 2538 567 2
1 2539 545 7
1 2540 649 5
1 2541 617 3
1 2542 567 2
1 2543 617 3
1 2544 672 4
1 2545 617 3
1 2546 617 3
1 2547 567 2
1 2548 567 2
1 2549 617 3
1 2550 649 5
1 2551 567 2
1 2552 528 11
1 2553 444 10
1 2554 513 9
1 2555 482 8
1 2556 672 4
1 2557 545 7
1 2558 362 6
1 2559 617 3
1 2560 672 4
1 2561 567 2
1 2562 567 2
1 2563 617 3
1 2564 567 2
1 2565 482 8
1 2566 513 9
1 2567 362 6
1 2568 617 3
1 2569 545 7
1 2570 567 2
1 2571 482 8
1 2572 672 4
1 2573 567 2
1 2574 672 4
1 2575 649 5
1 2576 545 7
1 2577 362 6
1 2578 482 8
1 2579 362 6
1 2580 567 2
1 2581 672 4
1 2582 617 3
1 2583 567 2
1 2584 672 4
1 2585 672 4
1 2586 567 2
1 2587 362 6
1 2588 617 3
1 2589 649 5
1 2590 567 2
1 2591 672 4
1 2592 617 3
1 2593 649 5
1 2594 617 3
1 2595 567 2
1 2596 672 4
1 2597 649 5
1 2598 617 3
1 2599 567 2
1 2600 567 2
1 2601 617 3
1 2602 649 5
1 2603 617 3
1 2604 567 2
1 2605 672 4
1 2606 649 5
1 2607 617 3
1 2608 567 2
1 2609 672 4
1 2610 545 7
1 2611 482 8
1 2612 617 3
1 2613 649 5
1 2614 362 6
1 2615 649 5
1 2616 567 2
1 2617 617 3
1 2618 672 4
1 2619 447 2
1 2620 567 2
1 2621 617 3
1 2622 649 4
1 2623 617 2
1 2624 545 6
1 2625 672 3
1 2626 617 2
1 2627 545 6
1 2628 617 2
1 2629 649 4
1 2630 672 3
1 2631 482 7
1 2632 672 3
1 2633 617 2
1 2634 482 7
1 2635 362 5
1 2636 649 4
1 2637 617 2
1 2638 649 4
1 2639 649 4
1 2640 617 2
1 2641 617 2
1 2642 672 3
1 2643 649 4
1 2644 545 6
1 2645 617 2
1 2646 672 3
1 2647 362 5
1 2648 649 4
1 2649 362 5
1 2650 649 4
1 2651 672 3
1 2652 617 2
1 2653 545 6
1 2654 617 2
1 2655 649 4
1 2656 672 3
1 2657 482 7
1 2658 672 3
1 2659 649 4
1 2660 617 2
1 2661 649 4
1 2662 617 2
1 2663 362 5
1 2664 545 6
1 2665 672 3
1 2666 482 7
1 2667 482 7
1 2668 672 3
1 2669 649 4
1 2670 513 8
1 2671 362 5
1 2672 545 6
1 2673 617 2
1 2674 672 3
1 2675 545 6
1 2676 617 2
1 2677 362 5
1 2678 649 4
1 2679 649 4
1 2680 672 3
1 2681 545 6
1 2682 672 3
1 2683 617 2
1 2684 513 8
1 2685 649 4
1 2686 362 5
1 2687 617 2
1 2688 672 3
1 2689 617 2
1 2690 378 11
1 2691 362 5
1 2692 672 3
1 2693 649 4
1 2694 528 10
1 2695 444 9
1 2696 513 8
1 2697 508 12
1 2698 545 6
1 2699 672 3
1 2700 617 2
1 2701 649 4
1 2702 513 8
1 2703 482 7
1 2704 672 3
1 2705 672 3
1 2706 649 4
1 2707 508 12
1 2708 513 8
1 2709 672 3
1 2710 617 2
1 2711 672 3
1 2712 617 2
1 2713 649 4
1 2714 513 8
1 2715 362 5
1 2716 672 3
1 2717 545 6
1 2718 482 7
1 2719 617 2
1 2720 482 7
1 2721 513 8
1 2722 649 4
1 2723 362 5
1 2724 528 10
1 2725 444 9
1 2726 672 3
1 2727 672 3
1 2728 649 4
1 2729 362 5
1 2730 617 2
1 2731 649 4
1 2732 362 5
1 2733 482 7
1 2734 513 8
1 2735 672 3
1 2736 617 2
1 2737 545 6
1 2738 672 3
1 2739 513 8
1 2740 482 7
1 2741 649 4
1 2742 378 11
1 2743 482 7
1 2744 513 8
1 2745 617 2
1 2746 482 7
1 2747 362 5
1 2748 617 2
1 2749 528 10
1 2750 672 3
1 2751 649 4
1 2752 482 7
1 2753 672 3
1 2754 545 6
1 2755 649 4
1 2756 649 4
1 2757 617 2
1 2758 672 3
1 2759 617 2
1 2760 617 2
1 2761 617 2
1 2762 649 4
1 2763 672 3
1 2764 649 4
1 2765 672 3
1 2766 649 4
1 2767 617 2
1 2768 617 2
1 2769 672 3
1 2770 649 4
1 2771 672 3
1 2772 482 7
1 2773 545 6
1 2774 617 2
1 2775 649 4
1 2776 362 5
1 2777 649 4
1 2778 672 3
1 2779 482 7
1 2780 617 2
1 2781 545 6
1 2782 362 5
1 2783 649 4
1 2784 545 6
1 2785 672 3
1 2786 617 2
1 2787 545 6
1 2788 649 4
1 2789 362 5
1 2790 617 2
1 2791 672 3
1 2792 513 8
1 2793 672 3
1 2794 617 2
1 2795 362 5
1 2796 482 7
1 2797 482 7
1 2798 672 3
1 2799 617 2
1 2800 672 3
1 2801 649 4
1 2802 617 2
1 2803 649 4
1 2804 482 7
1 2805 513 8
1 2806 649 4
1 2807 672 3
1 2808 545 6
1 2809 444 9
1 2810 482 7
1 2811 545 6
1 2812 567 2
1 2813 545 5
1 2814 528 9
1 2815 672 2
1 2816 482 6
1 2817 444 8
1 2818 513 7
1 2819 482 6
1 2820 649 3
1 2821 482 6
1 2822 672 2
1 2823 545 5
1 2824 649 3
1 2825 649 3
1 2826 482 6
1 2827 672 2
1 2828 545 5
1 2829 362 4
1 2830 649 3
1 2831 482 6
1 2832 672 2
1 2833 672 2
1 2834 482 6
1 2835 482 6
1 2836 513 7
1 2837 362 4
1 2838 545 5
1 2839 649 3
1 2840 672 2
1 2841 545 5
1 2842 444 8
1 2843 482 6
1 2844 545 5
1 2845 513 7
1 2846 672 2
1 2847 649 3
1 2848 649 3
1 2849 649 3
1 2850 672 2
1 2851 672 2
1 2852 362 4
1 2853 545 5
1 2854 649 3
1 2855 482 6
1 2856 545 5
1 2857 649 3
1 2858 482 6
1 2859 649 3
1 2860 649 3
1 2861 672 2
1 2862 672 2
1 2863 444 8
1 2864 672 2
1 2865 649 3
1 2866 672 2
1 2867 545 5
1 2868 672 2
1 2869 482 6
1 2870 672 2
1 2871 672 2
1 2872 649 3
1 2873 672 2
1 2874 649 3
1 2875 362 4
1 2876 545 5
1 2877 672 2
1 2878 672 2
1 2879 545 5
1 2880 649 3
1 2881 649 3
1 2882 444 8
1 2883 649 3
1 2884 362 4
1 2885 672 2
1 2886 482 6
1 2887 672 2
1 2888 649 3
1 2889 362 4
1 2890 545 5
1 2891 672 2
1 2892 513 7
1 2893 482 6
1 2894 649 3
1 2895 482 6
1 2896 444 8
1 2897 513 7
1 2898 649 3
1 2899 528 9
1 2900 362 4
1 2901 672 2
1 2902 482 6
1 2903 545 5
1 2904 672 2
1 2905 672 2
1 2906 649 3
1 2907 672 2
1 2908 482 6
1 2909 362 4
1 2910 649 3
1 2911 528 9
1 2912 672 2
1 2913 513 7
1 2914 649 3
1 2915 482 6
1 2916 545 5
1 2917 444 8
1 2918 444 8
1 2919 649 3
1 2920 528 9
1 2921 545 5
1 2922 672 2
1 2923 513 7
1 2924 362 4
1 2925 482 6
1 2926 362 4
1 2927 649 3
1 2928 378 10
1 2929 482 6
1 2930 545 5
1 2931 672 2
1 2932 362 4
1 2933 672 2
1 2934 545 5
1 2935 444 8
1 2936 513 7
1 2937 482 6
1 2938 378 10
1 2939 545 5
1 2940 649 3
1 2941 482 6
1 2942 672 2
1 2943 362 4
1 2944 482 6
1 2945 513 7
1 2946 482 6
1 2947 444 8
1 2948 362 4
1 2949 672 2
1 2950 649 3
1 2951 508 11
1 2952 513 7
1 2953 672 2
1 2954 362 4
1 2955 649 3
1 2956 528 9
1 2957 362 4
1 2958 649 3
1 2959 508 11
1 2960 545 5
1 2961 444 8
1 2962 672 2
1 2963 482 6
1 2964 528 9
1 2965 444 8
1 2966 545 5
1 2967 528 9
1 2968 508 11
1 2969 649 3
1 2970 513 7
1 2971 362 4
1 2972 672 2
1 2973 378 10
1 2974 482 6
1 2975 672 2
1 2976 649 3
1 2977 672 2
1 2978 649 3
1 2979 362 4
1 2980 672 2
1 2981 482 6
1 2982 649 3
1 2983 672 2
1 2984 672 2
1 2985 482 6
1 2986 444 8
1 2987 649 3
1 2988 528 9
1 2989 513 7
1 2990 482 6
1 2991 545 5
1 2992 362 4
1 2993 482 6
1 2994 672 2
1 2995 378 10
1 2996 545 5
1 2997 362 4
1 2998 672 2
1 2999 545 5
1 3000 649 3
1 3001 482 6
1 3002 362 4
1 3003 672 2
1 3004 513 7
1 3005 444 8
1 3006 672 2
1 3007 649 3
1 3008 362 4
1 3009 482 6
1 3010 649 3
1 3011 672 2
1 3012 545 5
1 3013 482 6
1 3014 649 3
1 3015 672 2
1 3016 362 4
1 3017 672 2
1 3018 545 5
1 3019 528 9
1 3020 513 7
1 3021 528 9
1 3022 545 5
1 3023 528 9
1 3024 444 8
1 3025 672 2
1 3026 528 9
1 3027 672 2
1 3028 482 6
1 3029 672 2
1 3030 649 3
1 3031 482 6
1 3032 362 4
1 3033 482 5
1 3034 513 6
1 3035 482 5
1 3036 513 6
1 3037 482 5
1 3038 482 5
1 3039 513 6
1 3040 649 2
1 3041 482 5
1 3042 362 3
1 3043 649 2
1 3044 649 2
1 3045 513 6
1 3046 528 8
1 3047 528 8
1 3048 378 9
1 3049 545 4
1 3050 482 5
1 3051 362 3
1 3052 545 4
1 3053 649 2
1 3054 649 2
1 3055 649 2
1 3056 362 3
1 3057 528 8
1 3058 378 9
1 3059 482 5
1 3060 444 7
1 3061 482 5
1 3062 482 5
1 3063 528 8
1 3064 362 3
1 3065 649 2
1 3066 545 4
1 3067 513 6
1 3068 378 9
1 3069 362 3
1 3070 482 5
1 3071 649 2
1 3072 649 2
1 3073 482 5
1 3074 362 3
1 3075 444 7
1 3076 545 4
1 3077 557 12
1 3078 508 10
1 3079 649 2
1 3080 513 6
1 3081 482 5
1 3082 362 3
1 3083 444 7
1 3084 649 2
1 3085 545 4
1 3086 482 5
1 3087 482 5
1 3088 513 6
1 3089 545 4
1 3090 362 3
1 3091 649 2
1 3092 444 7
1 3093 362 3
1 3094 545 4
1 3095 378 9
1 3096 649 2
1 3097 545 4
1 3098 513 6
1 3099 444 7
1 3100 649 2
1 3101 482 5
1 3102 649 2
1 3103 362 3
1 3104 545 4
1 3105 649 2
1 3106 649 2
1 3107 362 3
1 3108 482 5
1 3109 649 2
1 3110 362 3
1 3111 513 6
1 3112 545 4
1 3113 508 10
1 3114 378 9
1 3115 528 8
1 3116 513 6
1 3117 649 2
1 3118 362 3
1 3119 649 2
1 3120 378 9
1 3121 482 5
1 3122 649 2
1 3123 545 4
1 3124 508 10
1 3125 513 6
1 3126 649 2
1 3127 649 2
1 3128 482 5
1 3129 362 3
1 3130 649 2
1 3131 649 2
1 3132 444 7
1 3133 444 7
1 3134 545 4
1 3135 482 5
1 3136 649 2
1 3137 482 5
1 3138 444 7
1 3139 513 6
1 3140 528 8
1 3141 362 3
1 3142 545 4
1 3143 362 3
1 3144 508 10
1 3145 649 2
1 3146 513 6
1 3147 649 2
1 3148 513 6
1 3149 528 8
1 3150 482 5
1 3151 513 6
1 3152 482 5
1 3153 362 3
1 3154 545 4
1 3155 545 4
1 3156 649 2
1 3157 649 2
1 3158 649 2
1 3159 545 4
1 3160 362 3
1 3161 513 6
1 3162 444 7
1 3163 649 2
1 3164 362 3
1 3165 649 2
1 3166 545 4
1 3167 513 6
1 3168 444 7
1 3169 649 2
1 3170 362 2
1 3171 545 3
1 3172 508 9
1 3173 482 4
1 3174 444 6
1 3175 528 7
1 3176 557 11
1 3177 378 8
1 3178 502 10
1 3179 513 5
1 3180 362 2
1 3181 482 4
1 3182 378 8
1 3183 508 9
1 3184 528 7
1 3185 482 4
1 3186 545 3
1 3187 513 5
1 3188 362 2
1 3189 528 7
1 3190 545 3
1 3191 444 6
1 3192 362 2
1 3193 482 4
1 3194 545 3
1 3195 513 5
1 3196 482 4
1 3197 444 6
1 3198 362 2
1 3199 545 3
1 3200 482 4
1 3201 528 7
1 3202 482 4
1 3203 508 9
1 3204 378 8
1 3205 545 3
1 3206 444 6
1 3207 545 3
1 3208 482 4
1 3209 362 2
1 3210 482 4
1 3211 482 4
1 3212 362 2
1 3213 545 3
1 3214 508 9
1 3215 528 7
1 3216 378 8
1 3217 444 6
1 3218 557 11
1 3219 513 5
1 3220 508 9
1 3221 513 5
1 3222 444 6
1 3223 528 7
1 3224 545 3
1 3225 362 2
1 3226 378 8
1 3227 482 4
1 3228 482 4
1 3229 513 5
1 3230 482 4
1 3231 362 2
1 3232 545 3
1 3233 482 4
1 3234 545 3
1 3235 513 5
1 3236 528 7
1 3237 482 4
1 3238 482 4
1 3239 362 2
1 3240 444 6
1 3241 378 8
1 3242 362 2
1 3243 482 4
1 3244 545 3
1 3245 444 6
1 3246 513 5
1 3247 508 9
1 3248 513 5
1 3249 482 4
1 3250 528 7
1 3251 378 8
1 3252 545 3
1 3253 482 4
1 3254 444 6
1 3255 362 2
1 3256 378 8
1 3257 528 7
1 3258 502 10
1 3259 362 2
1 3260 513 5
1 3261 545 3
1 3262 482 4
1 3263 528 7
1 3264 482 4
1 3265 482 4
1 3266 444 6
1 3267 482 5
1 3268 528 8
1 3269 482 5
1 3270 528 8
1 3271 672 2
1 3272 528 6
1 3273 513 4
1 3274 444 5
1 3275 545 2
1 3276 545 2
1 3277 513 4
1 3278 444 5
1 3279 482 3
1 3280 378 7
1 3281 557 10
1 3282 482 3
1 3283 444 5
1 3284 513 4
1 3285 444 5
1 3286 482 3
1 3287 444 5
1 3288 513 4
1 3289 545 2
1 3290 378 7
1 3291 513 4
1 3292 508 8
1 3293 482 3
1 3294 545 2
1 3295 513 4
1 3296 444 5
1 3297 528 6
1 3298 545 2
1 3299 513 4
1 3300 482 4
1 3301 362 2
1 3302 545 2
1 3303 482 3
1 3304 513 4
1 3305 378 7
1 3306 513 4
1 3307 482 3
1 3308 508 8
1 3309 482 3
1 3310 444 5
1 3311 545 2
1 3312 444 5
1 3313 482 2
1 3314 444 4
1 3315 557 9
1 3316 444 4
1 3317 528 5
1 3318 482 2
1 3319 557 9
1 3320 513 3
1 3321 444 4
1 3322 513 3
1 3323 482 2
1 3324 482 2
1 3325 444 4
1 3326 444 4
1 3327 378 6
1 3328 557 9
1 3329 528 5
1 3330 482 2
1 3331 513 3
1 3332 444 4
1 3333 528 5
1 3334 528 5
1 3335 378 6
1 3336 444 4
1 3337 502 8
1 3338 482 2
1 3339 502 8
1 3340 444 4
1 3341 513 3
1 3342 528 5
1 3343 482 2
1 3344 557 9
1 3345 508 7
1 3346 378 6
1 3347 513 3
1 3348 528 5
1 3349 508 7
1 3350 444 4
1 3351 444 4
1 3352 528 5
1 3353 513 3
1 3354 513 3
1 3355 482 2
1 3356 444 4
1 3357 482 2
1 3358 444 4
1 3359 508 7
1 3360 482 2
1 3361 508 7
1 3362 378 6
1 3363 528 5
1 3364 444 4
1 3365 528 5
1 3366 378 6
1 3367 444 4
1 3368 513 3
1 3369 528 5
1 3370 444 4
1 3371 482 2
1 3372 502 8
1 3373 378 6
1 3374 508 7
1 3375 557 9
1 3376 513 3
1 3377 508 7
1 3378 444 4
1 3379 528 5
1 3380 557 9
1 3381 444 4
1 3382 378 6
1 3383 508 7
1 3384 513 3
1 3385 482 2
1 3386 444 4
1 3387 513 3
1 3388 482 2
1 3389 482 2
1 3390 528 5
1 3391 513 3
1 3392 482 2
1 3393 378 6
1 3394 528 5
1 3395 444 4
1 3396 513 3
1 3397 502 8
1 3398 528 5
1 3399 513 3
1 3400 444 4
1 3401 482 2
1 3402 508 7
1 3403 378 6
1 3404 557 9
1 3405 482 2
1 3406 482 2
1 3407 444 4
1 3408 513 3
1 3409 513 3
1 3410 444 4
1 3411 482 2
1 3412 482 2
1 3413 482 2
1 3414 528 5
1 3415 482 2
1 3416 557 9
1 3417 513 3
1 3418 378 6
1 3419 482 2
1 3420 444 4
1 3421 482 2
1 3422 444 4
1 3423 513 3
1 3424 482 2
1 3425 378 6
1 3426 513 3
1 3427 378 6
1 3428 482 2
1 3429 482 2
1 3430 528 5
1 3431 528 5
1 3432 513 3
1 3433 444 4
1 3434 528 5
1 3435 508 7
1 3436 444 4
1 3437 482 2
1 3438 513 3
1 3439 482 2
1 3440 502 8
1 3441 528 5
1 3442 378 6
1 3443 513 3
1 3444 557 9
1 3445 482 2
1 3446 444 4
1 3447 508 7
1 3448 482 2
1 3449 513 3
1 3450 444 4
1 3451 528 5
1 3452 482 2
1 3453 444 4
1 3454 513 3
1 3455 513 4
1 3456 482 3
1 3457 444 5
1 3458 513 7
1 3459 508 6
1 3460 444 3
1 3461 378 5
1 3462 528 4
1 3463 528 4
1 3464 508 6
1 3465 378 5
1 3466 444 3
1 3467 513 2
1 3468 528 4
1 3469 508 6
1 3470 557 8
1 3471 502 7
1 3472 378 5
1 3473 513 2
1 3474 444 3
1 3475 528 4
1 3476 444 3
1 3477 378 5
1 3478 557 8
1 3479 528 4
1 3480 513 2
1 3481 444 3
1 3482 557 8
1 3483 508 6
1 3484 528 4
1 3485 378 5
1 3486 502 7
1 3487 513 2
1 3488 444 3
1 3489 508 6
1 3490 508 6
1 3491 513 2
1 3492 444 3
1 3493 528 4
1 3494 378 5
1 3495 528 4
1 3496 557 8
1 3497 513 2
1 3498 508 6
1 3499 444 3
1 3500 513 2
1 3501 528 4
1 3502 444 3
1 3503 508 6
1 3504 557 8
1 3505 508 6
1 3506 444 3
1 3507 528 4
1 3508 508 6
1 3509 444 3
1 3510 444 3
1 3511 508 6
1 3512 513 2
1 3513 528 4
1 3514 513 2
1 3515 508 6
1 3516 528 4
1 3517 444 3
1 3518 508 6
1 3519 444 3
1 3520 528 4
1 3521 378 5
1 3522 444 3
1 3523 508 6
1 3524 557 8
1 3525 513 2
1 3526 508 6
1 3527 444 3
1 3528 513 2
1 3529 508 6
1 3530 513 2
1 3531 378 5
1 3532 444 3
1 3533 528 4
1 3534 444 3
1 3535 502 7
1 3536 513 2
1 3537 444 3
1 3538 513 2
1 3539 378 5
1 3540 444 3
1 3541 528 4
1 3542 378 5
1 3543 557 8
1 3544 508 6
1 3545 557 8
1 3546 482 2
1 3547 482 2
1 3548 444 3
1 3549 508 6
1 3550 508 6
1 3551 378 5
1 3552 528 4
1 3553 444 3
1 3554 508 6
1 3555 528 3
1 3556 557 7
1 3557 378 4
1 3558 528 3
1 3559 444 2
1 3560 528 3
1 3561 528 3
1 3562 502 6
1 3563 557 7
1 3564 444 2
1 3565 508 5
1 3566 528 3
1 3567 557 7
1 3568 444 2
1 3569 557 7
1 3570 444 2
1 3571 508 5
1 3572 444 2
1 3573 528 3
1 3574 378 4
1 3575 444 2
1 3576 508 5
1 3577 557 7
1 3578 444 2
1 3579 528 3
1 3580 444 2
1 3581 528 3
1 3582 378 4
1 3583 508 5
1 3584 444 2
1 3585 444 2
1 3586 557 7
1 3587 508 5
1 3588 502 6
1 3589 378 4
1 3590 508 5
1 3591 444 2
1 3592 528 3
1 3593 378 4
1 3594 502 6
1 3595 508 5
1 3596 557 7
1 3597 444 2
1 3598 444 2
1 3599 508 5
1 3600 378 4
1 3601 528 3
1 3602 502 6
1 3603 557 7
1 3604 444 2
1 3605 528 3
1 3606 378 4
1 3607 528 3
1 3608 528 3
1 3609 378 4
1 3610 528 3
1 3611 444 2
1 3612 444 2
1 3613 508 5
1 3614 378 4
1 3615 557 7
1 3616 528 3
1 3617 444 2
1 3618 378 4
1 3619 528 3
1 3620 444 2
1 3621 528 3
1 3622 508 5
1 3623 444 2
1 3624 528 3
1 3625 557 7
1 3626 378 4
1 3627 528 3
1 3628 528 3
1 3629 378 4
1 3630 444 2
1 3631 508 5
1 3632 557 7
1 3633 508 5
1 3634 528 3
1 3635 378 4
1 3636 528 4
1 3637 508 6
1 3638 557 8
1 3639 508 6
1 3640 444 3
1 3641 508 6
1 3642 444 3
1 3643 508 4
1 3644 378 3
1 3645 557 6
1 3646 528 2
1 3647 528 2
1 3648 508 4
1 3649 557 6
1 3650 378 3
1 3651 557 6
1 3652 378 3
1 3653 528 2
1 3654 508 4
1 3655 528 2
1 3656 528 2
1 3657 557 6
1 3658 557 6
1 3659 508 4
1 3660 557 6
1 3661 502 5
1 3662 378 3
1 3663 528 2
1 3664 378 3
1 3665 528 2
1 3666 528 2
1 3667 378 3
1 3668 508 4
1 3669 528 2
1 3670 378 3
1 3671 557 6
1 3672 557 6
1 3673 378 3
1 3674 508 4
1 3675 528 2
1 3676 528 2
1 3677 508 4
1 3678 502 5
1 3679 528 2
1 3680 508 4
1 3681 528 2
1 3682 378 3
1 3683 378 3
1 3684 557 6
1 3685 508 4
1 3686 528 2
1 3687 378 3
1 3688 528 2
1 3689 508 4
1 3690 557 6
1 3691 378 3
1 3692 557 6
1 3693 502 5
1 3694 528 2
1 3695 508 4
1 3696 557 6
1 3697 528 2
1 3698 528 2
1 3699 378 3
1 3700 528 2
1 3701 508 4
1 3702 508 4
1 3703 502 5
1 3704 528 2
1 3705 557 6
1 3706 378 3
1 3707 557 6
1 3708 528 2
1 3709 378 3
1 3710 502 5
1 3711 378 2
1 3712 557 5
1 3713 508 3
1 3714 378 2
1 3715 508 3
1 3716 508 3
1 3717 557 5
1 3718 502 4
1 3719 378 2
1 3720 378 2
1 3721 378 2
1 3722 378 2
1 3723 502 4
1 3724 378 2
1 3725 508 3
1 3726 378 2
1 3727 508 3
1 3728 502 4
1 3729 557 5
1 3730 508 3
1 3731 378 2
1 3732 378 2
1 3733 508 3
1 3734 557 5
1 3735 502 4
1 3736 508 3
1 3737 557 5
1 3738 378 2
1 3739 508 3
1 3740 378 2
1 3741 502 4
1 3742 508 3
1 3743 378 2
1 3744 508 3
1 3745 557 5
1 3746 508 3
1 3747 378 2
1 3748 378 2
1 3749 557 5
1 3750 508 3
1 3751 378 2
1 3752 508 3
1 3753 378 2
1 3754 502 4
1 3755 557 5
1 3756 557 5
1 3757 508 3
1 3758 557 5
1 3759 508 3
1 3760 378 2
1 3761 502 4
1 3762 508 3
1 3763 378 2
1 3764 557 5
1 3765 508 3
1 3766 378 3
1 3767 528 2
1 3768 557 6
1 3769 508 3
1 3770 508 3
1 3771 557 4
1 3772 502 3
1 3773 557 4
1 3774 557 4
1 3775 508 2
1 3776 502 4
1 3777 378 2
1 3778 557 5
1 3779 378 2
1 3780 502 4
1 3781 502 2
1 3782 557 3
1 3783 557 3
1 3784 557 3
1 3785 557 3
1 3786 557 3
1 3787 557 3
1 3788 502 2
1 3789 502 2
1 3790 557 3
1 3791 557 3
1 3792 502 2
1 3793 557 3
1 3794 557 3
1 3795 502 2
1 3796 557 3
1 3797 557 3
1 3798 557 3
1 3799 557 3
1 3800 502 2
1 3801 557 3
1 3802 557 3
1 3803 557 3
1 3804 557 3
1 3805 557 3
1 3806 502 2
1 3807 557 3
1 3808 557 3
1 3809 557 3
1 3810 502 2
1 3811 502 2
1 3812 557 3
1 3813 502 2
1 3814 557 3
1 3815 502 2
1 3816 557 3
1 3817 502 2
1 3818 557 3
1 3819 557 3
1 3820 557 3
1 3821 557 3
1 3822 557 3
1 3823 557 3
1 3824 502 3
1 3825 378 5
1 3826 557 8
1 3827 502 7
1 3828 557 4
1 3829 502 2
1 3830 557 2
1 3831 557 2
1 3832 557 2
1 3833 557 2
1 3834 557 2
1 3835 557 2
1 3836 557 2
1 3837 557 2
1 3838 557 2
1 3839 557 2
1 3840 557 2
1 3841 557 2
1 3842 557 2
1 3843 557 2
1 3844 557 2
1 3845 557 2
1 3846 557 2
1 3847 557 2
1 3848 557 2
1 3849 557 2
1 3850 557 2
1 3851 557 2
1 3852 557 2
1 3853 557 2
1 3854 557 2
1 3855 557 2
1 3856 502 2
1 3857 508 3
1 3858 557 2
1 3859 502 8
1 3860 502 6
