FID  BirthYear MumID
1 67 1987 205
1 86 1989 415
1 252 1992 415
1 66 1986 416
1 71 1987 416
1 70 1987 416
1 59 1986 567
1 155 1991 567
1 122 1990 574
1 275 1993 577
1 131 1991 577
1 132 1991 577
1 54 1989 577
1 208 1992 577
1 276 1993 577
1 415 1994 747
1 198 1991 751
1 63 1986 751
1 65 1986 752
1 76 1987 753
1 137 1991 755
1 40 1990 755
1 81 1989 755
1 84 1989 906
1 69 1987 906
1 156 1991 906
1 157 1991 906
1 226 1992 910
1 82 1989 910
1 96 1990 910
1 162 1991 910
1 112 1990 1072
1 312 1993 1072
1 224 1992 1072
1 423 1994 1072
1 62 1986 1072
1 93 1989 1072
1 289 1993 1073
1 80 1989 1073
1 172 1991 1073
1 38 1992 1073
1 214 1992 1073
1 72 1987 1076
1 61 1986 1076
1 41 1989 1078
1 192 1991 1079
1 351 1993 1079
1 91 1989 1079
1 350 1993 1079
1 459 1994 1079
1 42 1992 1080
1 60 1986 1080
1 92 1989 1080
1 75 1987 1081
1 74 1987 1081
1 246 1992 1089
1 153 1991 1090
1 89 1989 1090
1 152 1991 1090
1 168 1991 1095
1 169 1991 1095
1 140 1991 1097
1 210 1992 1097
1 78 1988 1097
1 260 1993 1098
1 146 1991 1098
1 94 1989 1098
1 55 1990 1098
1 127 1991 1103
1 272 1993 1103
1 273 1993 1103
1 251 1992 1226
1 87 1989 1226
1 209 1992 1242
1 329 1993 1242
1 330 1993 1242
1 464 1994 1242
1 68 1987 1243
1 103 1990 1244
1 35 1992 1244
1 445 1994 1244
1 90 1989 1244
1 265 1993 1246
1 79 1989 1246
1 266 1993 1246
1 238 1992 1246
1 239 1992 1246
1 194 1991 1252
1 405 1994 1255
1 227 1992 1255
1 606 1996 1255
1 173 1991 1255
1 64 1986 1256
1 369 1994 1256
1 217 1992 1256
1 298 1993 1256
1 51 1989 1256
1 213 1992 1259
1 303 1993 1259
1 402 1994 1259
1 46 1991 1259
1 43 1989 1260
1 334 1993 1262
1 47 1990 1262
1 175 1991 1262
1 85 1989 1262
1 335 1993 1262
1 178 1991 1263
1 364 1994 1264
1 129 1991 1264
1 419 1994 1552
1 287 1993 1552
1 286 1993 1552
1 218 1992 1552
1 88 1989 1553
1 233 1992 1553
1 344 1993 1554
1 110 1990 1554
1 345 1993 1554
1 109 1990 1554
1 73 1987 1597
1 77 1987 1631
1 97 1990 1633
1 519 1995 1649
1 432 1994 1649
1 111 1990 1649
1 188 1991 1649
1 353 1993 1649
1 431 1994 1649
1 700 1997 1649
1 449 1994 1660
1 179 1991 1660
1 248 1992 1660
1 326 1993 1660
1 327 1993 1660
1 284 1993 1662
1 52 1989 1662
1 223 1992 1662
1 101 1990 1662
1 316 1993 1663
1 315 1993 1663
1 230 1992 1663
1 740 1997 1663
1 429 1994 1663
1 189 1991 1663
1 215 1992 1664
1 159 1991 1664
1 505 1995 1664
1 244 1992 1664
1 288 1993 1664
1 546 1996 1664
1 393 1994 1664
1 506 1995 1664
1 158 1991 1664
1 508 1995 1665
1 328 1993 1665
1 154 1991 1665
1 426 1994 1665
1 225 1992 1665
1 724 1997 1666
1 336 1993 1666
1 278 1993 1741
1 374 1994 1741
1 206 1992 1741
1 277 1993 1741
1 647 1997 1741
1 485 1995 1741
1 56 1991 1741
1 646 1997 1741
1 100 1990 1741
1 400 1994 1757
1 317 1993 1757
1 401 1994 1757
1 170 1991 1769
1 171 1991 1769
1 118 1990 1769
1 452 1994 1784
1 31 1992 1820
1 321 1993 1820
1 181 1991 1820
1 322 1993 1820
1 180 1991 1820
1 414 1994 1820
1 234 1992 1821
1 428 1994 1821
1 291 1993 1825
1 229 1992 1825
1 142 1991 1825
1 290 1993 1825
1 373 1994 1825
1 141 1991 1825
1 95 1989 1834
1 185 1991 1834
1 591 1996 1834
1 355 1993 1834
1 454 1994 1834
1 49 1990 1835
1 125 1991 1835
1 460 1994 1876
1 517 1995 1876
1 853 1998 1876
1 199 1991 1876
1 435 1994 1877
1 619 1996 1877
1 176 1991 1877
1 107 1990 1877
1 242 1992 1877
1 731 1997 1877
1 518 1995 1877
1 250 1992 1877
1 119 1990 1877
1 177 1991 1877
1 347 1993 1877
1 434 1994 1877
1 348 1993 1877
1 739 1997 1880
1 341 1993 1880
1 186 1991 1880
1 228 1992 1880
1 124 1990 1880
1 839 1998 1880
1 453 1994 1880
1 332 1993 1882
1 440 1994 1882
1 439 1994 1882
1 333 1993 1882
1 207 1992 1882
1 448 1994 1885
1 222 1992 1885
1 123 1990 1885
1 447 1994 1885
1 161 1991 1887
1 446 1994 1887
1 160 1991 1887
1 301 1993 1887
1 221 1992 1887
1 83 1989 1887
1 595 1996 1891
1 280 1993 1891
1 442 1994 1891
1 231 1992 1891
1 521 1995 1891
1 145 1991 1899
1 299 1993 1899
1 300 1993 1899
1 406 1994 1899
1 144 1991 1899
1 102 1990 1981
1 626 1997 2064
1 187 1991 2064
1 418 1994 2064
1 138 1991 2066
1 539 1996 2066
1 477 1995 2066
1 98 1990 2066
1 375 1994 2066
1 279 1993 2066
1 249 1992 2066
1 749 1998 2066
1 8 1999 2066
1 116 1990 2067
1 828 1998 2069
1 602 1996 2069
1 325 1993 2069
1 430 1994 2069
1 324 1993 2069
1 106 1990 2071
1 522 1995 2071
1 243 1992 2073
1 245 1992 2073
1 723 1997 2073
1 783 1998 2073
1 722 1997 2073
1 436 1994 2073
1 600 1996 2073
1 437 1994 2073
1 191 1991 2073
1 523 1995 2073
1 524 1995 2073
1 782 1998 2073
1 200 1991 2073
1 601 1996 2073
1 216 1992 2075
1 686 1997 2075
1 510 1995 2075
1 121 1990 2075
1 331 1993 2075
1 165 1991 2075
1 420 1994 2075
1 360 1993 2076
1 236 1992 2076
1 99 1990 2076
1 726 1997 2076
1 775 1998 2076
1 115 1990 2097
1 117 1990 2105
1 44 1991 2120
1 134 1991 2128
1 564 1996 2146
1 758 1998 2146
1 267 1993 2146
1 135 1991 2146
1 136 1991 2146
1 204 1992 2146
1 472 1995 2146
1 450 1994 2146
1 759 1998 2146
1 473 1995 2146
1 184 1991 2154
1 4 1995 2154
1 761 1998 2154
1 655 1997 2154
1 575 1996 2163
1 133 1991 2163
1 574 1996 2163
1 274 1993 2163
1 394 1994 2163
1 502 1995 2163
1 212 1992 2164
1 262 1993 2164
1 263 1993 2164
1 247 1992 2164
1 384 1994 2165
1 130 1991 2165
1 104 1990 2165
1 688 1997 2167
1 313 1993 2167
1 566 1996 2167
1 389 1994 2167
1 807 1998 2167
1 478 1995 2167
1 232 1992 2167
1 164 1991 2168
1 412 1994 2168
1 318 1993 2168
1 240 1992 2168
1 9 1997 2168
1 586 1996 2169
1 113 1990 2169
1 235 1992 2169
1 679 1997 2169
1 308 1993 2169
1 391 1994 2169
1 530 1995 2170
1 114 1990 2171
1 150 1991 2172
1 271 1993 2172
1 592 1996 2172
1 481 1995 2172
1 388 1994 2172
1 201 1992 2172
1 108 1990 2175
1 190 1991 2175
1 12 1994 2176
1 3 1995 2176
1 257 1993 2176
1 128 1991 2176
1 625 1997 2176
1 538 1996 2176
1 105 1990 2177
1 237 1992 2177
1 167 1991 2177
1 323 1993 2177
1 398 1994 2177
1 497 1995 2177
1 712 1997 2177
1 269 1993 2178
1 573 1996 2178
1 482 1995 2178
1 572 1996 2178
1 693 1997 2178
1 149 1991 2178
1 692 1997 2178
1 120 1990 2214
1 842 1998 2214
1 843 1998 2214
1 306 1993 2214
1 174 1991 2214
1 615 1996 2214
1 307 1993 2214
1 451 1994 2218
1 2 1998 2218
1 484 1995 2218
1 197 1991 2218
1 694 1997 2223
1 917 1999 2223
1 1003 2000 2223
1 918 1999 2223
1 690 1997 2236
1 292 1993 2236
1 409 1994 2236
1 512 1995 2236
1 552 1996 2245
1 126 1991 2245
1 867 1999 2245
1 470 1995 2245
1 1016 2002 2245
1 767 1998 2245
1 624 1997 2245
1 368 1994 2245
1 342 1993 2245
1 304 1993 2252
1 183 1991 2252
1 640 1997 2260
1 211 1992 2260
1 547 1996 2260
1 385 1994 2260
1 261 1993 2260
1 773 1998 2260
1 489 1995 2260
1 283 1993 2262
1 869 1999 2262
1 282 1993 2262
1 799 1998 2262
1 929 2000 2262
1 638 1997 2262
1 800 1998 2262
1 558 1996 2262
1 930 2000 2262
1 195 1991 2262
1 637 1997 2262
1 557 1996 2262
1 493 1995 2262
1 403 1994 2262
1 205 1992 2262
1 494 1995 2262
1 166 1991 2272
1 561 1996 2275
1 792 1998 2275
1 163 1991 2275
1 461 1994 2278
1 697 1997 2278
1 151 1991 2278
1 339 1993 2278
1 834 1998 2278
1 147 1991 2291
1 520 1995 2292
1 840 1998 2292
1 354 1993 2292
1 241 1992 2292
1 720 1997 2292
1 462 1994 2292
1 193 1991 2302
1 196 1991 2315
1 202 1992 2323
1 968 2000 2323
1 823 1998 2323
1 417 1994 2323
1 467 1995 2323
1 294 1993 2323
1 416 1994 2323
1 824 1998 2323
1 293 1993 2323
1 969 2000 2323
1 868 1999 2323
1 649 1997 2323
1 650 1997 2323
1 456 1994 2339
1 455 1994 2339
1 50 1993 2339
1 466 1995 2341
1 380 1994 2341
1 148 1991 2341
1 797 1998 2342
1 422 1994 2342
1 526 1995 2342
1 297 1993 2349
1 358 1993 2351
1 281 1993 2353
1 763 1998 2353
1 764 1998 2353
1 378 1994 2353
1 709 1997 2353
1 507 1995 2353
1 319 1993 2355
1 399 1994 2356
1 253 1992 2356
1 352 1993 2358
1 370 1994 2358
1 733 1997 2358
1 734 1997 2358
1 411 1994 2359
1 496 1995 2359
1 340 1993 2359
1 258 1993 2360
1 469 1995 2360
1 365 1994 2360
1 143 1991 2361
1 490 1995 2361
1 719 1997 2361
1 832 1998 2361
1 386 1994 2361
1 545 1996 2361
1 383 1994 2362
1 643 1997 2362
1 821 1998 2362
1 139 1991 2363
1 219 1992 2363
1 550 1996 2363
1 475 1995 2363
1 371 1994 2363
1 652 1997 2363
1 264 1993 2363
1 948 2000 2364
1 53 1993 2364
1 220 1992 2364
1 465 1995 2364
1 560 1996 2364
1 645 1997 2364
1 372 1994 2364
1 379 1994 2365
1 513 1995 2365
1 361 1993 2365
1 514 1995 2365
1 30 1997 2365
1 680 1997 2366
1 295 1993 2366
1 58 1991 2366
1 681 1997 2366
1 424 1994 2366
1 310 1993 2368
1 309 1993 2368
1 581 1996 2368
1 509 1995 2369
1 776 1998 2369
1 682 1997 2369
1 397 1994 2369
1 483 1995 2373
1 421 1994 2373
1 725 1997 2374
1 305 1993 2374
1 182 1991 2374
1 498 1995 2374
1 549 1996 2375
1 10 1994 2375
1 696 1997 2375
1 203 1992 2375
1 500 1995 2375
1 801 1998 2375
1 886 1999 2375
1 302 1993 2375
1 337 1993 2376
1 535 1995 2376
1 562 1996 2376
1 408 1994 2376
1 995 2000 2377
1 1136 2004 2377
1 457 1994 2377
1 17 1995 2377
1 362 1993 2377
1 702 1997 2377
1 1049 2002 2377
1 1117 2003 2377
1 837 1998 2377
1 841 1998 2378
1 927 2000 2379
1 468 1995 2379
1 256 1993 2379
1 629 1997 2379
1 854 1999 2379
1 607 1996 2379
1 433 1994 2379
1 661 1997 2409
1 660 1997 2409
1 270 1993 2409
1 492 1995 2409
1 387 1994 2409
1 476 1995 2414
1 363 1994 2414
1 254 1993 2414
1 529 1995 2417
1 516 1995 2421
1 757 1998 2421
1 603 1996 2421
1 37 1995 2421
1 756 1998 2421
1 604 1996 2421
1 410 1994 2421
1 255 1993 2431
1 367 1994 2431
1 349 1993 2447
1 427 1994 2447
1 536 1995 2447
1 730 1997 2447
1 622 1996 2447
1 729 1997 2447
1 770 1998 2460
1 486 1995 2460
1 921 2000 2460
1 259 1993 2460
1 905 1999 2460
1 659 1997 2460
1 390 1994 2460
1 28 1993 2462
1 407 1994 2462
1 382 1994 2465
1 571 1996 2465
1 641 1997 2465
1 320 1993 2465
1 785 1998 2476
1 268 1993 2479
1 798 1998 2479
1 474 1995 2479
1 964 2000 2479
1 381 1994 2479
1 856 1999 2479
1 311 1993 2523
1 438 1994 2534
1 343 1993 2534
1 425 1994 2569
1 848 1998 2571
1 463 1994 2571
1 618 1996 2571
1 25 1993 2572
1 576 1996 2572
1 501 1995 2572
1 392 1994 2572
1 504 1995 2572
1 495 1995 2607
1 863 1999 2607
1 377 1994 2607
1 671 1997 2607
1 357 1993 2608
1 633 1997 2610
1 656 1997 2611
1 787 1998 2611
1 623 1996 2611
1 667 1997 2612
1 582 1996 2612
1 491 1995 2617
1 708 1997 2617
1 707 1997 2617
1 542 1996 2623
1 541 1996 2623
1 657 1997 2623
1 754 1998 2623
1 471 1995 2627
1 991 2000 2627
1 366 1994 2627
1 285 1993 2627
1 515 1995 2631
1 954 2000 2631
1 666 1997 2631
1 668 1997 2632
1 458 1994 2632
1 804 1998 2632
1 499 1995 2632
1 534 1995 2637
1 395 1994 2637
1 672 1997 2637
1 673 1997 2637
1 589 1996 2637
1 590 1996 2637
1 636 1997 2640
1 19 2000 2640
1 1080 2003 2640
1 1018 2002 2640
1 1079 2003 2640
1 611 1996 2641
1 356 1993 2641
1 610 1996 2641
1 742 1997 2641
1 528 1995 2641
1 741 1997 2641
1 296 1993 2643
1 511 1995 2644
1 413 1994 2644
1 338 1993 2647
1 488 1995 2651
1 568 1996 2651
1 820 1998 2651
1 706 1997 2658
1 705 1997 2658
1 34 1995 2658
1 596 1996 2658
1 597 1996 2658
1 441 1994 2659
1 906 1999 2659
1 346 1993 2663
1 634 1997 2666
1 972 2000 2668
1 880 1999 2668
1 765 1998 2668
1 628 1997 2668
1 737 1997 2676
1 376 1994 2676
1 738 1997 2676
1 871 1999 2683
1 714 1997 2683
1 962 2000 2683
1 822 1998 2683
1 715 1997 2683
1 577 1996 2688
1 404 1994 2688
1 612 1996 2695
1 796 1998 2695
1 532 1995 2695
1 654 1997 2697
1 653 1997 2697
1 555 1996 2697
1 795 1998 2697
1 794 1998 2697
1 531 1995 2698
1 620 1996 2698
1 902 1999 2699
1 396 1994 2699
1 961 2000 2699
1 815 1998 2699
1 1121 2003 2699
1 527 1995 2699
1 1056 2002 2699
1 735 1997 2703
1 909 1999 2703
1 835 1998 2703
1 314 1993 2706
1 503 1995 2706
1 683 1997 2706
1 1026 2002 2706
1 1060 2002 2707
1 525 1995 2707
1 993 2000 2707
1 791 1998 2707
1 359 1993 2707
1 584 1996 2707
1 444 1994 2707
1 727 1997 2787
1 1086 2003 2787
1 1059 2002 2787
1 812 1998 2787
1 998 2000 2787
1 1085 2003 2787
1 896 1999 2799
1 717 1997 2799
1 599 1996 2799
1 1159 2004 2800
1 665 1997 2800
1 1023 2002 2800
1 751 1998 2800
1 1158 2004 2800
1 1124 2003 2800
1 926 2000 2800
1 876 1999 2800
1 553 1996 2800
1 951 2000 2804
1 443 1994 2804
1 762 1998 2804
1 663 1997 2804
1 1097 2003 2807
1 1160 2004 2807
1 479 1995 2807
1 878 1999 2807
1 1098 2003 2807
1 971 2000 2807
1 551 1996 2807
1 877 1999 2807
1 1013 2002 2807
1 648 1997 2807
1 965 2000 2807
1 1081 2003 2819
1 979 2000 2819
1 556 1996 2819
1 768 1998 2821
1 570 1996 2821
1 24 1997 2821
1 674 1997 2829
1 938 2000 2829
1 480 1995 2829
1 937 2000 2829
1 855 1999 2829
1 533 1995 2830
1 1045 2002 2830
1 689 1997 2830
1 889 1999 2830
1 944 2000 2830
1 587 1996 2830
1 786 1998 2830
1 778 1998 2834
1 1197 2004 2834
1 1198 2004 2834
1 891 1999 2834
1 777 1998 2834
1 583 1996 2834
1 658 1997 2834
1 890 1999 2834
1 691 1997 2841
1 20 1999 2841
1 579 1996 2842
1 685 1997 2842
1 580 1996 2842
1 699 1997 2843
1 605 1996 2843
1 27 1999 2847
1 941 2000 2847
1 635 1997 2847
1 684 1997 2853
1 779 1998 2853
1 975 2000 2853
1 540 1996 2853
1 718 1997 2860
1 933 2000 2861
1 748 1998 2861
1 554 1996 2861
1 789 1998 2861
1 875 1999 2861
1 934 2000 2861
1 669 1997 2861
1 904 1999 2873
1 594 1996 2873
1 710 1997 2873
1 988 2000 2873
1 808 1998 2873
1 825 1998 2892
1 907 1999 2892
1 698 1997 2898
1 809 1998 2898
1 844 1998 2899
1 728 1997 2899
1 747 1997 2903
1 559 1996 2903
1 716 1997 2906
1 817 1998 2906
1 487 1995 2908
1 1114 2003 2908
1 703 1997 2908
1 1113 2003 2908
1 704 1997 2908
1 967 2000 2908
1 897 1999 2908
1 898 1999 2908
1 966 2000 2908
1 1053 2002 2908
1 829 1998 2921
1 721 1997 2921
1 830 1998 2921
1 1120 2003 2927
1 1005 2000 2927
1 914 1999 2927
1 676 1997 2931
1 780 1998 2941
1 781 1998 2941
1 919 2000 2941
1 695 1997 2941
1 920 2000 2941
1 771 1998 2963
1 772 1998 2963
1 994 2000 2963
1 745 1997 2963
1 537 1995 2964
1 862 1999 3002
1 713 1997 3009
1 6 2002 3009
1 784 1998 3009
1 1360 2006 3009
1 925 2000 3009
1 1122 2003 3009
1 57 1996 3009
1 881 1999 3009
1 627 1997 3014
1 609 1996 3014
1 736 1997 3027
1 814 1998 3027
1 548 1996 3033
1 565 1996 3048
1 866 1999 3048
1 675 1997 3048
1 701 1997 3076
1 544 1996 3076
1 1017 2002 3076
1 894 1999 3076
1 1101 2003 3076
1 1102 2003 3076
1 945 2000 3076
1 838 1998 3111
1 984 2000 3111
1 746 1997 3111
1 563 1996 3111
1 910 1999 3121
1 642 1997 3121
1 870 1999 3123
1 598 1996 3123
1 632 1997 3123
1 887 1999 3129
1 818 1998 3129
1 36 2000 3198
1 913 1999 3198
1 1123 2003 3198
1 1039 2002 3198
1 846 1998 3198
1 651 1997 3199
1 810 1998 3199
1 1008 2002 3201
1 928 2000 3201
1 1144 2004 3201
1 1088 2003 3201
1 593 1996 3201
1 859 1999 3201
1 1089 2003 3201
1 864 1999 3202
1 639 1997 3202
1 942 2000 3202
1 1228 2004 3202
1 1083 2003 3202
1 1084 2003 3202
1 760 1998 3202
1 744 1997 3203
1 831 1998 3203
1 1027 2002 3203
1 888 1999 3203
1 616 1996 3209
1 1233 2005 3209
1 1366 2007 3209
1 631 1997 3209
1 1006 2002 3209
1 793 1998 3209
1 858 1999 3209
1 1179 2004 3214
1 543 1996 3214
1 662 1997 3214
1 1020 2002 3214
1 1253 2005 3214
1 711 1997 3221
1 872 1999 3221
1 959 2000 3222
1 960 2000 3222
1 644 1997 3222
1 860 1999 3222
1 803 1998 3223
1 895 1999 3223
1 836 1998 3224
1 950 2000 3224
1 900 1999 3224
1 608 1996 3226
1 845 1998 3232
1 882 1999 3232
1 1067 2002 3232
1 997 2000 3232
1 1111 2003 3236
1 21 1997 3236
1 774 1998 3236
1 1012 2002 3236
1 750 1998 3237
1 567 1996 3237
1 1075 2003 3237
1 630 1997 3237
1 899 1999 3237
1 990 2000 3237
1 578 1996 3241
1 670 1997 3242
1 617 1996 3245
1 885 1999 3248
1 816 1998 3248
1 923 2000 3248
1 1189 2004 3248
1 1184 2004 3250
1 588 1996 3250
1 1185 2004 3250
1 677 1997 3250
1 1 2002 3250
1 963 2000 3250
1 743 1997 3255
1 790 1998 3255
1 892 1999 3255
1 806 1998 3259
1 865 1999 3259
1 1359 2006 3259
1 1031 2002 3259
1 1216 2004 3259
1 1032 2002 3259
1 569 1996 3259
1 974 2000 3259
1 1267 2005 3259
1 687 1997 3260
1 1001 2000 3260
1 752 1998 3260
1 585 1996 3260
1 664 1997 3263
1 1109 2003 3265
1 826 1998 3265
1 1002 2000 3265
1 1264 2005 3268
1 1324 2006 3268
1 1323 2006 3268
1 1065 2002 3268
1 901 1999 3268
1 1066 2002 3268
1 1263 2005 3268
1 827 1998 3272
1 908 1999 3273
1 1069 2002 3279
1 613 1996 3280
1 973 2000 3282
1 678 1997 3282
1 811 1998 3282
1 32 2002 3282
1 1021 2002 3289
1 883 1999 3289
1 1183 2004 3289
1 16 1997 3289
1 922 2000 3289
1 788 1998 3291
1 1061 2002 3291
1 621 1996 3291
1 1135 2004 3291
1 1134 2004 3291
1 614 1996 3298
1 879 1999 3414
1 996 2000 3414
1 1271 2005 3420
1 1063 2002 3420
1 893 1999 3420
1 819 1998 3420
1 802 1998 3428
1 1015 2002 3428
1 940 2000 3428
1 833 1998 3431
1 14 2000 3431
1 857 1999 3440
1 753 1998 3440
1 924 2000 3440
1 1191 2004 3443
1 1192 2004 3443
1 903 1999 3443
1 1110 2003 3443
1 981 2000 3443
1 805 1998 3443
1 1046 2002 3443
1 952 2000 3445
1 1035 2002 3445
1 769 1998 3445
1 884 1999 3445
1 1164 2004 3445
1 874 1999 3469
1 949 2000 3469
1 23 1999 3471
1 7 2000 3471
1 977 2000 3471
1 915 1999 3473
1 987 2000 3473
1 936 2000 3478
1 766 1998 3478
1 1143 2004 3488
1 1000 2000 3490
1 813 1998 3490
1 1058 2002 3490
1 1322 2006 3533
1 732 1997 3533
1 1321 2006 3533
1 861 1999 3533
1 850 1998 3533
1 1011 2002 3533
1 939 2000 3533
1 1210 2004 3533
1 852 1998 3538
1 15 1999 3538
1 1068 2002 3538
1 851 1998 3548
1 755 1998 3552
1 1019 2002 3552
1 931 2000 3552
1 932 2000 3552
1 33 1999 3552
1 978 2000 3636
1 1200 2004 3636
1 1028 2002 3636
1 1292 2006 3641
1 1072 2003 3641
1 980 2000 3641
1 1043 2002 3641
1 39 2004 3641
1 976 2000 3651
1 1269 2005 3651
1 1038 2002 3651
1 935 2000 3659
1 1077 2003 3659
1 1009 2002 3659
1 1307 2006 3659
1 1078 2003 3659
1 1237 2005 3659
1 1459 2008 3659
1 1306 2006 3659
1 1471 2008 3662
1 982 2000 3662
1 873 1999 3681
1 1007 2002 3681
1 1297 2006 3681
1 1298 2006 3681
1 1234 2005 3681
1 1435 2007 3692
1 1040 2002 3692
1 1223 2004 3692
1 1265 2005 3692
1 1041 2002 3704
1 1207 2004 3704
1 986 2000 3704
1 1125 2003 3704
1 911 1999 3704
1 1138 2004 3725
1 1238 2005 3725
1 958 2000 3725
1 1024 2002 3725
1 1064 2002 3734
1 983 2000 3734
1 1175 2004 3738
1 1095 2003 3738
1 916 1999 3738
1 1203 2004 3748
1 1204 2004 3748
1 992 2000 3748
1 1055 2002 3748
1 847 1998 3748
1 849 1998 3753
1 953 2000 3759
1 912 1999 3759
1 1025 2002 3759
1 1168 2004 3759
1 1050 2002 3762
1 985 2000 3762
1 1243 2005 3796
1 999 2000 3796
1 1014 2002 3796
1 1309 2006 3796
1 1533 2008 3796
1 1154 2004 3881
1 1010 2002 3881
1 1082 2003 3881
1 1132 2004 3885
1 1131 2004 3885
1 970 2000 3885
1 1105 2003 3885
1 1022 2002 3945
1 1174 2004 3945
1 1247 2005 3945
1 956 2000 3954
1 943 2000 3968
1 1254 2005 4004
1 1438 2007 4004
1 1161 2004 4004
1 1654 2009 4004
1 1162 2004 4004
1 1034 2002 4004
1 1655 2009 4004
1 947 2000 4004
1 1030 2002 4008
1 1248 2005 4008
1 946 2000 4008
1 1339 2006 4008
1 955 2000 4051
1 1094 2003 4051
1 1190 2004 4051
1 1275 2005 4051
1 1044 2002 4051
1 1062 2002 4155
1 1316 2006 4161
1 1255 2005 4161
1 1181 2004 4161
1 1146 2004 4162
1 1074 2003 4166
1 989 2000 4166
1 1140 2004 4166
1 1057 2002 4169
1 1099 2003 4169
1 1004 2000 4170
1 1137 2004 4184
1 1073 2003 4184
1 1042 2002 4184
1 1149 2004 4190
1 1070 2002 4190
1 1236 2005 4190
1 1315 2006 4190
1 1361 2006 4193
1 1115 2003 4193
1 1036 2002 4193
1 1172 2004 4195
1 1173 2004 4195
1 1343 2006 4217
1 957 2000 4217
1 1273 2005 4217
1 1033 2002 4219
1 1051 2002 4223
1 1256 2005 4226
1 1335 2006 4238
1 1245 2005 4238
1 1195 2004 4238
1 1436 2007 4238
1 1658 2009 4238
1 1047 2002 4241
1 1170 2004 4241
1 1504 2008 4241
1 1393 2007 4241
1 1029 2002 4242
1 1171 2004 4242
1 1188 2004 4245
1 1052 2002 4255
1 1295 2006 4258
1 1220 2004 4258
1 1145 2004 4259
1 1239 2005 4259
1 1327 2006 4259
1 1093 2003 4259
1 1259 2005 4335
1 1561 2008 4335
1 1048 2002 4335
1 1320 2006 4335
1 1383 2007 4335
1 1147 2004 4335
1 1155 2004 4346
1 1289 2005 4346
1 1709 2010 4359
1 1201 2004 4359
1 1104 2003 4359
1 1843 2011 4359
1 1384 2007 4359
1 1634 2009 4359
1 1476 2008 4359
1 1257 2005 4361
1 1054 2002 4361
1 1258 2005 4361
1 1686 2010 4361
1 1362 2006 4361
1 1815 2011 4361
1 1382 2007 4361
1 1685 2010 4361
1 1568 2009 4361
1 1381 2007 4361
1 1165 2004 4361
1 1260 2005 4377
1 1211 2004 4378
1 1148 2004 4385
1 1071 2002 4386
1 1283 2005 4386
1 1493 2008 4395
1 1177 2004 4395
1 1494 2008 4395
1 1917 2011 4395
1 1330 2006 4395
1 1329 2006 4395
1 1592 2009 4395
1 1151 2004 4396
1 1152 2004 4396
1 1636 2009 4399
1 1378 2007 4399
1 1474 2008 4399
1 1475 2008 4399
1 1194 2004 4404
1 1460 2008 4404
1 1240 2005 4404
1 1294 2006 4404
1 1364 2007 4404
1 1566 2009 4404
1 1037 2002 4407
1 22 2003 4407
1 1519 2008 4407
1 1332 2006 4410
1 1100 2003 4410
1 1244 2005 4410
1 1399 2007 4410
1 1507 2008 4420
1 1251 2005 4420
1 1678 2009 4420
1 1167 2004 4420
1 1325 2006 4420
1 13 2005 4432
1 1404 2007 4432
1 1178 2004 4432
1 1389 2007 4454
1 1346 2006 4454
1 1284 2005 4454
1 1679 2009 4456
1 1319 2006 4456
1 1166 2004 4456
1 1466 2008 4456
1 1439 2007 4456
1 1467 2008 4456
1 1107 2003 4460
1 1341 2006 4460
1 1202 2004 4460
1 2120 2013 4465
1 1801 2010 4465
1 1363 2006 4467
1 1206 2004 4467
1 1092 2003 4467
1 1286 2005 4467
1 1547 2008 4468
1 1546 2008 4468
1 1208 2004 4468
1 1128 2003 4468
1 1397 2007 4468
1 1408 2007 4470
1 1279 2005 4470
1 1186 2004 4472
1 1356 2006 4473
1 1230 2004 4473
1 1119 2003 4473
1 1272 2005 4473
1 1418 2007 4473
1 1496 2008 4473
1 1733 2010 4575
1 1076 2003 4575
1 1219 2004 4598
1 1345 2006 4598
1 1431 2007 4598
1 1542 2008 4598
1 1232 2004 4628
1 1287 2005 4628
1 1454 2007 4628
1 1805 2011 4628
1 1112 2003 4635
1 1416 2007 5060
1 1169 2004 5060
1 1337 2006 5060
1 1661 2009 5060
1 1090 2003 5060
1 1242 2005 5060
1 1212 2004 5061
1 1377 2007 5063
1 1299 2006 5063
1 1458 2008 5063
1 1567 2009 5063
1 1157 2004 5073
1 1241 2005 5076
1 1091 2003 5076
1 1150 2004 5076
1 1312 2006 5076
1 1130 2004 5078
1 1403 2007 5081
1 1252 2005 5081
1 1793 2010 5084
1 1118 2003 5084
1 1859 2011 5084
1 1213 2004 5084
1 1894 2011 5089
1 1748 2010 5089
1 1246 2005 5089
1 1579 2009 5089
1 1317 2006 5089
1 1516 2008 5089
1 1437 2007 5089
1 1153 2004 5089
1 1791 2010 5094
1 1333 2006 5094
1 1412 2007 5094
1 18 2007 5094
1 1215 2004 5095
1 1280 2005 5095
1 1788 2010 5095
1 1551 2008 5095
1 1371 2007 5100
1 1301 2006 5100
1 1491 2008 5100
1 1141 2004 5101
1 1370 2007 5101
1 1305 2006 5101
1 1106 2003 5103
1 1683 2010 5103
1 1293 2006 5103
1 1133 2004 5103
1 1563 2009 5103
1 1127 2003 5107
1 1199 2004 5107
1 1205 2004 5110
1 1600 2009 5111
1 1406 2007 5111
1 1262 2005 5111
1 1196 2004 5111
1 1749 2010 5119
1 1878 2011 5119
1 1499 2008 5119
1 1583 2009 5119
1 1442 2007 5119
1 1087 2003 5119
1 1156 2004 5119
1 1176 2004 5120
1 1096 2003 5120
1 1451 2007 5121
1 1129 2003 5121
1 1644 2009 5121
1 1556 2008 5121
1 26 2006 5121
1 1495 2008 5122
1 1354 2006 5122
1 1558 2008 5125
1 1338 2006 5125
1 1380 2007 5125
1 1266 2005 5125
1 1562 2009 5127
1 1505 2008 5127
1 1398 2007 5127
1 1285 2005 5127
1 1698 2010 5130
1 1440 2007 5130
1 1163 2004 5130
1 1590 2009 5130
1 1441 2007 5130
1 1591 2009 5130
1 1920 2011 5133
1 1746 2010 5133
1 1103 2003 5133
1 1747 2010 5133
1 1182 2004 5133
1 1347 2006 5133
1 1653 2009 5133
1 1282 2005 5133
1 1921 2011 5133
1 1180 2004 5135
1 1278 2005 5137
1 1628 2009 5137
1 1754 2010 5137
1 1753 2010 5137
1 1116 2003 5141
1 1449 2007 5141
1 1358 2006 5141
1 1357 2006 5141
1 1277 2005 5141
1 1217 2004 5141
1 1708 2010 5144
1 1350 2006 5144
1 1470 2008 5144
1 1635 2009 5144
1 1525 2008 5146
1 1681 2010 5150
1 1142 2004 5150
1 1573 2009 5150
1 1530 2008 5150
1 1108 2003 5150
1 1328 2006 5150
1 1717 2010 5152
1 1605 2009 5152
1 1385 2007 5152
1 1139 2004 5152
1 1537 2008 5152
1 1340 2006 5152
1 1126 2003 5226
1 1288 2005 5326
1 1455 2007 5326
1 1554 2008 5326
1 1797 2010 5326
1 1814 2011 5421
1 1376 2007 5421
1 1308 2006 5421
1 1594 2009 5427
1 1400 2007 5427
1 1401 2007 5427
1 1487 2008 5427
1 1593 2009 5427
1 1486 2008 5427
1 1336 2006 5427
1 1296 2006 5428
1 1659 2009 5430
1 1783 2010 5430
1 1331 2006 5430
1 1760 2010 5431
1 1395 2007 5431
1 1478 2008 5433
1 1807 2011 5433
1 1715 2010 5433
1 1373 2007 5433
1 29 2006 5433
1 1582 2009 5433
1 1707 2010 5439
1 1313 2006 5439
1 1396 2007 5439
1 1261 2005 5443
1 1853 2011 5443
1 1727 2010 5443
1 1650 2009 5443
1 1852 2011 5443
1 1726 2010 5443
1 1450 2007 5444
1 1538 2008 5444
1 1886 2011 5444
1 1824 2011 5447
1 1696 2010 5447
1 1368 2007 5447
1 1571 2009 5447
1 1697 2010 5447
1 1187 2004 5449
1 1832 2011 5455
1 1578 2009 5455
1 1514 2008 5455
1 1482 2008 5456
1 1402 2007 5456
1 1481 2008 5456
1 1849 2011 5456
1 1314 2006 5456
1 1645 2009 5456
1 1800 2010 5459
1 1452 2007 5459
1 1557 2008 5459
1 1352 2006 5459
1 1621 2009 5460
1 1910 2011 5460
1 1447 2007 5460
1 1770 2010 5460
1 1446 2007 5466
1 1276 2005 5466
1 11 2008 5466
1 1457 2008 5469
1 1456 2008 5469
1 1311 2006 5469
1 1699 2010 5469
1 1374 2007 5469
1 1700 2010 5469
1 1375 2007 5469
1 1227 2004 5471
1 1226 2004 5478
1 1310 2006 5483
1 1222 2004 5485
1 1355 2006 5485
1 1784 2010 5485
1 1785 2010 5485
1 1427 2007 5486
1 1637 2009 5486
1 2238 2014 5490
1 1885 2011 5490
1 2108 2013 5490
1 1646 2009 5491
1 1490 2008 5491
1 1413 2007 5491
1 1349 2006 5491
1 1548 2008 5495
1 1209 2004 5495
1 1609 2009 5501
1 1549 2008 5501
1 1291 2005 5501
1 1348 2006 5505
1 1290 2005 5505
1 1762 2010 5506
1 1405 2007 5506
1 1528 2008 5506
1 1575 2009 5506
1 1527 2008 5506
1 1771 2010 5510
1 1281 2005 5510
1 1224 2004 5510
1 1855 2011 5510
1 1632 2009 5510
1 1417 2007 5510
1 1662 2009 5514
1 1506 2008 5514
1 1425 2007 5514
1 1214 2004 5520
1 1429 2007 5520
1 1994 2012 5520
1 1274 2005 5520
1 1428 2007 5520
1 2100 2013 5520
1 1995 2012 5520
1 2099 2013 5520
1 1351 2006 5525
1 1777 2010 5525
1 1907 2011 5525
1 1610 2009 5525
1 1448 2007 5525
1 1445 2007 5526
1 1670 2009 5526
1 1559 2008 5526
1 2009 2012 5528
1 1766 2010 5528
1 1612 2009 5530
1 1868 2011 5530
1 1738 2010 5530
1 1484 2008 5530
1 1518 2008 5531
1 1651 2009 5531
1 1601 2009 5535
1 1539 2008 5535
1 1751 2010 5535
1 1602 2009 5535
1 1221 2004 5535
1 1750 2010 5535
1 45 2005 5535
1 1914 2011 5535
1 1414 2007 5535
1 1581 2009 5542
1 1409 2007 5542
1 1303 2006 5542
1 1511 2008 5542
1 1729 2010 5543
1 1639 2009 5543
1 1391 2007 5543
1 1529 2008 5543
1 1541 2008 5547
1 1517 2008 5547
1 1365 2007 5547
1 1229 2004 5548
1 1218 2004 5549
1 1250 2005 5552
1 1334 2006 5552
1 1249 2005 5555
1 1531 2008 5555
1 1386 2007 5555
1 1633 2009 5555
1 1342 2006 5562
1 1483 2008 5562
1 1742 2010 5562
1 1407 2007 5562
1 1663 2009 5589
1 1479 2008 5589
1 1318 2006 5589
1 1426 2007 5589
1 1488 2008 5593
1 1672 2009 5593
1 1304 2006 5593
1 1443 2007 5593
1 1585 2009 5594
1 2107 2013 5594
1 1706 2010 5594
1 1967 2012 5594
1 1422 2007 5594
1 1890 2011 5594
1 1300 2006 5594
1 1473 2008 5594
1 1901 2011 5595
1 1433 2007 5595
1 1543 2008 5595
1 1902 2011 5595
1 1302 2006 5596
1 1564 2009 5596
1 1270 2005 5596
1 1369 2007 5596
1 1231 2004 5596
1 1463 2008 5596
1 1691 2010 5596
1 2044 2013 5597
1 1387 2007 5597
1 2256 2014 5597
1 1465 2008 5597
1 1388 2007 5597
1 1931 2012 5597
1 1565 2009 5597
1 1692 2010 5597
1 1235 2005 5597
1 1660 2009 5604
1 1415 2007 5604
1 1502 2008 5604
1 1353 2006 5604
1 1743 2010 5604
1 1723 2010 5604
1 1501 2008 5604
1 1193 2004 5605
1 1423 2007 5606
1 1535 2008 5606
1 1430 2007 5626
1 1326 2006 5626
1 1268 2005 5626
1 1521 2008 5626
1 1225 2004 5626
1 1759 2010 5631
1 1875 2011 5631
1 1520 2008 5631
1 1598 2009 5631
1 1599 2009 5631
1 1552 2008 5632
1 1410 2007 5632
1 1666 2009 5632
1 1480 2008 5741
1 1434 2007 5741
1 1713 2010 5741
1 1344 2006 5741
1 1895 2011 5741
1 2097 2013 5751
1 1718 2010 5751
1 1586 2009 5751
1 1424 2007 5751
1 1677 2009 5759
1 1761 2010 5759
1 1421 2007 5759
1 1485 2008 5759
1 1915 2011 5762
1 1752 2010 5891
1 1607 2009 5891
1 1540 2008 5891
1 1617 2009 5917
1 1898 2011 5917
1 1419 2007 5917
1 1555 2008 5917
1 1768 2010 5917
1 1462 2008 6082
1 1804 2011 6082
1 1367 2007 6082
1 1796 2010 6084
1 1618 2009 6084
1 1500 2008 6084
1 2028 2013 6086
1 2192 2014 6086
1 1808 2011 6086
1 1719 2010 6086
1 1569 2009 6086
1 1469 2008 6086
1 1935 2012 6086
1 1616 2009 6089
1 1372 2007 6099
1 1461 2008 6099
1 1668 2009 6099
1 1392 2007 6100
1 1510 2008 6118
1 2226 2014 6118
1 1629 2009 6118
1 1739 2010 6118
1 1899 2011 6118
1 2292 2015 6118
1 1756 2010 6120
1 1757 2010 6120
1 1432 2007 6120
1 5 2009 6120
1 1544 2008 6124
1 1730 2010 6125
1 1580 2009 6127
1 1954 2012 6127
1 1472 2008 6127
1 1854 2011 6127
1 2112 2013 6127
1 2111 2013 6127
1 1587 2009 6136
1 1515 2008 6136
1 1379 2007 6136
1 2246 2014 6145
1 1641 2009 6145
1 1498 2008 6145
1 1497 2008 6145
1 1489 2008 6147
1 1625 2009 6147
1 1444 2007 6147
1 1523 2008 6150
1 1524 2008 6150
1 1649 2009 6151
1 1842 2011 6151
1 1394 2007 6151
1 1973 2012 6151
1 1611 2009 6155
1 1765 2010 6155
1 1893 2011 6159
1 1526 2008 6159
1 1741 2010 6159
1 1624 2009 6164
1 1509 2008 6168
1 2424 2016 6168
1 2600 2017 6168
1 1826 2011 6168
1 1623 2009 6168
1 2147 2014 6168
1 1936 2012 6168
1 1887 2011 6171
1 1997 2012 6176
1 2094 2013 6176
1 1627 2009 6176
1 1835 2011 6176
1 1522 2008 6176
1 1999 2012 6182
1 1420 2007 6182
1 2063 2013 6182
1 1560 2008 6182
1 1786 2010 6182
1 1595 2009 6189
1 1820 2011 6189
1 1477 2008 6189
1 1464 2008 6193
1 1411 2007 6193
1 1883 2011 6196
1 1882 2011 6196
1 2106 2013 6196
1 2105 2013 6196
1 1614 2009 6196
1 1613 2009 6196
1 1728 2010 6196
1 1390 2007 6196
1 1453 2007 6331
1 1912 2011 6331
1 1532 2008 6331
1 1588 2009 6338
1 1534 2008 6338
1 1711 2010 6338
1 2030 2013 6348
1 1545 2008 6348
1 1813 2011 6348
1 1656 2009 6348
1 2485 2016 6348
1 2042 2013 6354
1  2016 6354
1 2171 2014 6354
1 1648 2009 6354
1 2289 2015 6354
1 1949 2012 6354
1 1638 2009 6362
1 1971 2012 6365
1 1680 2009 6365
1 1702 2010 6369
1 2251 2014 6369
1 1981 2012 6369
1 1701 2010 6369
1 1837 2011 6369
1 1838 2011 6369
1 1508 2008 6369
1 1647 2009 6369
1 2084 2013 6369
1 1942 2012 6408
1 2274 2015 6408
1 1737 2010 6408
1 1869 2011 6408
1 1468 2008 6410
1 1839 2011 6414
1 1576 2009 6421
1 1550 2008 6421
1 1721 2010 6425
1 1916 2011 6425
1 1972 2012 6425
1 2133 2013 6425
1 2132 2013 6425
1 1604 2009 6425
1 2261 2014 6435
1 1758 2010 6435
1 1536 2008 6435
1 1913 2011 6435
1 1968 2012 6435
1 1615 2009 6435
1 2373 2015 6435
1 1880 2011 6441
1 1652 2009 6441
1 1773 2010 6441
1 1755 2010 6452
1 1861 2011 6452
1 1574 2009 6452
1 1503 2008 6452
1 2155 2014 6455
1 1512 2008 6455
1 2298 2015 6455
1 1745 2010 6455
1 2156 2014 6455
1 1671 2009 6455
1 1596 2009 6459
1 1553 2008 6459
1 1789 2010 6459
1 1492 2008 6488
1 1597 2009 6488
1 1810 2011 6488
1 1513 2008 6525
1 1744 2010 6525
1 1626 2009 6525
1 1903 2011 6525
1 1767 2010 6537
1 1608 2009 6537
1 2165 2014 6583
1 2282 2015 6583
1 1724 2010 6583
1 2637 2018 6583
1 1584 2009 6583
1 1892 2011 6583
1 1688 2010 6585
1 1867 2011 6585
1 1846 2011 6588
1 1845 2011 6588
1 1722 2010 6588
1 1572 2009 6588
1 1841 2011 6593
1 1944 2012 6593
1 2378 2015 6593
1 1606 2009 6593
1 2234 2014 6593
1 2258 2014 6598
1 1622 2009 6598
1 1684 2010 6605
1 2190 2014 6605
1 1809 2011 6605
1 1577 2009 6605
1 1934 2012 6605
1 2189 2014 6605
1 1990 2012 6608
1 1710 2010 6608
1 2061 2013 6608
1 2211 2014 6608
1 1640 2009 6608
1 1862 2011 6608
1 1922 2011 6609
1 1664 2009 6615
1 1774 2010 6615
1 2121 2013 6617
1 1803 2010 6617
1 2122 2013 6617
1 1984 2012 6617
1 2198 2014 6625
1 2285 2015 6625
1 1725 2010 6625
1 2032 2013 6625
1 1819 2011 6625
1 1925 2012 6625
1 1631 2009 6625
1 2033 2013 6625
1 2020 2013 6644
1 2427 2016 6644
1 1941 2012 6644
1 2296 2015 6644
1 2721 2019 6644
1 2185 2014 6644
1 1642 2009 6644
1 2021 2013 6644
1 2498 2017 6644
1 1676 2009 6646
1 48 2011 6646
1 1682 2010 6646
1 1619 2009 6656
1 2815 2019 6663
1 2385 2015 6663
1 2011 2012 6663
1 1763 2010 6663
1 2095 2013 6663
1 2563 2017 6663
1 1909 2011 6663
1 2225 2014 6663
1 2814 2019 6663
1 1603 2009 6663
1 1951 2012 6666
1 1630 2009 6666
1 1694 2010 6666
1 2283 2015 6666
1 1874 2011 6674
1 1989 2012 6678
1 2201 2014 6678
1 2055 2013 6678
1 2054 2013 6678
1 1798 2010 6678
1 2200 2014 6678
1 2309 2015 6678
1 1620 2009 6678
1 1884 2011 6678
1 2119 2013 6679
1 2578 2017 6679
1 2364 2015 6679
1 2484 2016 6679
1 2008 2012 6679
1 1857 2011 6679
1 1674 2009 6679
1 1998 2012 6680
1 1714 2010 6680
1 2012 2013 6680
1 1570 2009 6681
1 1695 2010 6681
1 1863 2011 6681
1 2130 2013 6682
1 1992 2012 6682
1 1675 2009 6682
1 1889 2011 6682
1 2267 2014 6682
1 2129 2013 6682
1 2397 2015 6682
1 2109 2013 6683
1 2349 2015 6683
1 1908 2011 6683
1 2005 2012 6683
1 2195 2014 6685
1 2332 2015 6685
1 2547 2017 6685
1 2407 2016 6685
1 2756 2019 6685
1 2043 2013 6685
1 2096 2013 6688
1 2178 2014 6688
1 1985 2012 6688
1 1740 2010 6688
1 1589 2009 6688
1 2579 2017 6690
1 1806 2011 6690
1 1687 2010 6690
1 1923 2012 6690
1 2273 2015 6690
1 2016 2013 6690
1 2399 2016 6690
1 1705 2010 6691
1 2300 2015 6691
1 1930 2012 6691
1 2015 2013 6691
1 2148 2014 6691
1 1775 2010 6692
1 1673 2009 6692
1 1836 2011 6692
1 1657 2009 6695
1 1780 2010 6697
1 1667 2009 6697
1 1848 2011 6713
1 1772 2010 6713
1 1987 2012 6717
1 2354 2015 6717
1 1881 2011 6717
1 2243 2014 6717
1 2242 2014 6717
1 2519 2017 6717
1 1787 2010 6717
1 2520 2017 6717
1 1782 2010 6718
1 1864 2011 6723
1 1669 2009 6723
1 1953 2012 6723
1 2335 2015 6724
1 2022 2013 6724
1 1693 2010 6724
1 1643 2009 6724
1 2197 2014 6724
1 1896 2011 6726
1 2383 2015 6726
1 2232 2014 6726
1 1731 2010 6730
1 1844 2011 6730
1 1928 2012 6827
1 1689 2010 6827
1 2047 2013 6827
1 2167 2014 6827
1 2166 2014 6827
1 1812 2011 6827
1 2504 2017 6827
1 2344 2015 6827
1 2430 2016 6827
1 2046 2013 6827
1 2345 2015 6827
1 2429 2016 6827
1 1817 2011 6829
1 1690 2010 6829
1 2432 2016 6831
1 1792 2010 6831
1 1947 2012 6831
1 2209 2014 6831
1 1828 2011 6831
1 1703 2010 6833
1 1938 2012 6833
1 2301 2015 6833
1 1811 2011 6833
1 2149 2014 6833
1 2017 2013 6833
1 2083 2013 6834
1 1802 2010 6834
1 2607 2018 6837
1 2281 2015 6837
1 2413 2016 6837
1 2158 2014 6837
1 2720 2019 6837
1 1946 2012 6837
1 2521 2017 6837
1 2035 2013 6851
1 1966 2012 6851
1 2355 2015 6851
1 1900 2011 6851
1 2244 2014 6851
1 1963 2012 6857
1 2194 2014 6857
1 1877 2011 6859
1 2393 2015 6860
1 1823 2011 6860
1 1712 2010 6860
1 2151 2014 6860
1 1769 2010 6866
1 2227 2014 6866
1 2551 2017 6866
1 2311 2015 6866
1 2433 2016 6866
1 2126 2013 6867
1 1704 2010 6867
1 2127 2013 6867
1 2205 2014 6874
1 2098 2013 6874
1 2423 2016 6874
1 2438 2016 6892
1 2208 2014 6892
1 1825 2011 6892
1 2512 2017 6892
1 2316 2015 6892
1 1929 2012 6892
1 1732 2010 6892
1 2102 2013 6892
1 1779 2010 6900
1 2247 2014 6900
1 2090 2013 6900
1 1897 2011 6900
1 1720 2010 6904
1 1781 2010 6907
1 2082 2013 6907
1 1818 2011 6909
1 1716 2010 6910
1 1988 2012 6911
1 2164 2014 6911
1 1816 2011 6911
1 2029 2013 6911
1 2264 2014 6916
1 2001 2012 6916
1 2115 2013 6916
1 2116 2013 6916
1 2263 2014 6916
1 2386 2015 6916
1 1871 2011 6920
1 2538 2017 6927
1 1961 2012 6927
1 2295 2015 6927
1 2037 2013 6927
1 1856 2011 6928
1 2079 2013 6929
1 1958 2012 6929
1 1735 2010 6929
1 2236 2014 6930
1 1858 2011 6930
1 2074 2013 6930
1 2565 2017 6930
1 1778 2010 6930
1 2073 2013 6930
1 2180 2014 6937
1 2045 2013 6937
1 2312 2015 6937
1 1776 2010 6937
1 1943 2012 6937
1 1906 2011 6937
1 2517 2017 6937
1 2181 2014 6938
1 1888 2011 6938
1 2529 2017 6938
1 1665 2009 6938
1 1969 2012 6938
1 1734 2010 6938
1 2456 2016 6943
1 2748 2019 6943
1 2545 2017 6943
1 1957 2012 6943
1 2254 2014 6943
1 1851 2011 6945
1 2369 2015 6945
1 2564 2017 6945
1 2669 2018 6945
1 2467 2016 6945
1 1960 2012 6945
1 2368 2015 6945
1 2085 2013 6948
1 2388 2015 6948
1 2268 2014 6948
1 2560 2017 6958
1 2337 2015 6958
1 2473 2016 6958
1 2559 2017 6958
1 2072 2013 6958
1 2204 2014 6958
1 2203 2014 6958
1 1794 2010 6958
1 1865 2011 6958
1 2489 2016 6962
1 2396 2015 6962
1 2265 2014 6962
1 2128 2013 6962
1 2488 2016 6962
1 2002 2012 6962
1 2003 2012 6962
1 2266 2014 6962
1 2694 2018 6967
1 1905 2011 6967
1 2136 2013 6967
1 2269 2014 6967
1 2816 2019 6967
1 2010 2012 6967
1 2270 2014 6967
1 2487 2016 6967
1 2599 2017 6967
1 2137 2013 6967
1 2817 2019 6967
1 1983 2012 6969
1 2483 2016 6969
1 2793 2019 6969
1 2237 2014 6969
1 1764 2010 6969
1 2379 2015 6969
1 2380 2015 6969
1 2794 2019 6969
1 1829 2011 6971
1 1872 2011 6972
1 1795 2010 6976
1 1919 2011 6976
1 2395 2015 6979
1 2006 2012 6979
1 1918 2011 6979
1 2110 2013 6979
1 1790 2010 6979
1 2255 2014 6979
1 2333 2015 6982
1 2450 2016 6982
1 1932 2012 6982
1 2174 2014 6982
1 2135 2013 6982
1 1799 2010 6988
1 2813 2019 6990
1 1937 2012 6990
1 2672 2018 6990
1 1736 2010 6990
1 2183 2014 6990
1 1927 2012 7039
1 1870 2011 7039
1 2056 2013 7039
1 1926 2012 7108
1 2275 2015 7108
1 2154 2014 7108
1 1965 2012 7109
1 2276 2015 7109
1 1891 2011 7109
1 2196 2014 7109
1 2480 2016 7115
1 2764 2019 7115
1 2229 2014 7115
1 2765 2019 7115
1 1978 2012 7115
1 2695 2018 7115
1 2125 2013 7115
1 2372 2015 7115
1 1830 2011 7116
1 2177 2014 7118
1 1991 2012 7118
1 2024 2013 7118
1 1827 2011 7124
1 1962 2012 7131
1 2542 2017 7131
1 1831 2011 7131
1 2455 2016 7131
1 2175 2014 7131
1 2329 2015 7131
1 2026 2013 7131
1 2328 2015 7131
1 1939 2012 7133
1 2162 2014 7133
1 2076 2013 7133
1 1860 2011 7133
1 2346 2015 7133
1 2445 2016 7142
1 2075 2013 7142
1 1955 2012 7142
1 2723 2019 7142
1 2207 2014 7142
1 2657 2018 7142
1 2357 2015 7142
1 2570 2017 7142
1 2442 2016 7143
1 2092 2013 7143
1 1976 2012 7143
1 2163 2014 7143
1 2307 2015 7143
1 2618 2018 7143
1 2179 2014 7144
1 2036 2013 7144
1 2575 2017 7144
1 2440 2016 7144
1 1948 2012 7144
1 2325 2015 7144
1 1873 2011 7144
1 1904 2011 7146
1 1834 2011 7157
1 2210 2014 7157
1 2965 2021 7157
1 2027 2013 7157
1 2835 2020 7157
1 2449 2016 7157
1 2365 2015 7157
1 1970 2012 7157
1 1911 2011 7159
1 1879 2011 7163
1 2486 2016 7163
1 2690 2018 7163
1 2069 2013 7163
1 2773 2019 7163
1 2390 2015 7163
1 2214 2014 7163
1 2199 2014 7172
1 1982 2012 7172
1 2048 2013 7172
1 1876 2011 7172
1 2629 2018 7185
1 2025 2013 7185
1 2202 2014 7185
1 1940 2012 7185
1 2804 2019 7185
1 2453 2016 7185
1 1822 2011 7185
1 2805 2019 7185
1 2454 2016 7185
1 1866 2011 7190
1 2539 2017 7194
1 2160 2014 7194
1 2277 2015 7194
1 1924 2012 7194
1 2142 2013 7194
1 2086 2013 7198
1 2131 2013 7201
1 1964 2012 7201
1 2359 2015 7202
1 2260 2014 7202
1 2624 2018 7205
1 2187 2014 7205
1 1952 2012 7205
1 2272 2015 7205
1 2031 2013 7205
1 1840 2011 7205
1 2186 2014 7205
1 2398 2016 7205
1 2387 2015 7206
1 2240 2014 7206
1 1945 2012 7206
1 2241 2014 7206
1 2370 2015 7215
1 2249 2014 7215
1 2071 2013 7215
1 1979 2012 7215
1 2317 2015 7227
1 2170 2014 7227
1 2077 2013 7227
1 1977 2012 7228
1 2114 2013 7228
1 2213 2014 7228
1 1850 2011 7228
1 2040 2013 7230
1 2525 2017 7230
1 1956 2012 7230
1 2314 2015 7230
1 2524 2017 7230
1 1833 2011 7230
1 2313 2015 7230
1 2039 2013 7230
1 1975 2012 7232
1 2224 2014 7232
1 2223 2014 7232
1 2065 2013 7232
1 2248 2014 7241
1 2497 2017 7241
1 2321 2015 7241
1 2018 2013 7241
1 1993 2012 7241
1 2889 2021 7241
1 2664 2018 7241
1 1950 2012 7245
1 2327 2015 7245
1 1986 2012 7252
1 2477 2016 7252
1 2358 2015 7252
1 2581 2017 7252
1 1847 2011 7253
1 2535 2017 7257
1 2215 2014 7257
1 2007 2012 7257
1 2101 2013 7257
1 2367 2015 7257
1 2081 2013 7261
1 2080 2013 7261
1 2222 2014 7261
1 2221 2014 7261
1 2491 2017 7262
1 2161 2014 7262
1 2052 2013 7262
1 2302 2015 7262
1 2604 2018 7262
1 2053 2013 7262
1 1933 2012 7262
1 2050 2013 7267
1 2324 2015 7267
1 2049 2013 7267
1 1974 2012 7267
1 2250 2014 7267
1 1821 2011 7267
1 2287 2015 7316
1 2688 2018 7316
1 2000 2012 7318
1 2182 2014 7454
1 1959 2012 7454
1 2078 2013 7455
1 2352 2015 7455
1 2786 2019 7458
1 2051 2013 7458
1 2597 2017 7458
1 2474 2016 7458
1 2231 2014 7458
1 2188 2014 7459
1 2280 2015 7459
1 2431 2016 7459
1 2019 2013 7459
1 2447 2016 7472
1 2104 2013 7472
1 2305 2015 7472
1 1996 2012 7476
1 2553 2017 7476
1 2552 2017 7476
1 2318 2015 7476
1 2206 2014 7476
1 2422 2016 7476
1 2320 2015 7486
1 2677 2018 7486
1 2946 2021 7486
1 2468 2016 7486
1 2566 2017 7486
1 2737 2019 7486
1 2062 2013 7486
1 1980 2012 7486
1 2592 2017 7542
1 2807 2019 7542
1 2087 2013 7542
1 2923 2021 7542
1 2284 2015 7560
1 2747 2019 7560
1 2746 2019 7560
1 2059 2013 7560
1 2058 2013 7560
1 2220 2014 7560
1 2646 2018 7560
1 2219 2014 7560
1 2176 2014 7565
1 2004 2012 7574
1 2140 2013 7574
1 2360 2015 7574
1 2259 2014 7575
1 2113 2013 7575
1 2555 2017 7576
1 2655 2018 7576
1 2023 2013 7576
1 2218 2014 7576
1 2421 2016 7576
1 2217 2014 7576
1 2556 2017 7576
1 2420 2016 7576
1 2290 2015 7576
1 2656 2018 7576
1 2233 2014 7587
1 2920 2021 7587
1 2663 2018 7587
1 2472 2016 7587
1 2392 2015 7587
1 2919 2021 7587
1 2124 2013 7590
1 2070 2013 7593
1 2212 2014 7593
1 2343 2015 7593
1 2460 2016 7596
1 2589 2017 7596
1 2143 2013 7603
1 2531 2017 8240
1 2412 2016 8240
1 2064 2013 8240
1 2530 2017 8240
1 2294 2015 8240
1 2469 2016 8258
1 2930 2021 8258
1 2580 2017 8258
1 2034 2013 8258
1 2667 2018 8258
1 2426 2016 8265
1 2322 2015 8265
1 2066 2013 8265
1 2145 2014 8265
1 2323 2015 8265
1 2297 2015 8312
1 2833 2020 8312
1 2641 2018 8312
1 2906 2021 8312
1 2537 2017 8312
1 2739 2019 8312
1 2418 2016 8312
1 2169 2014 8312
1 2837 2020 8327
1 2088 2013 8327
1 2932 2021 8327
1 2381 2015 8327
1 2271 2015 8358
1 2152 2014 8358
1 2089 2013 8358
1 2041 2013 8362
1 2719 2019 8486
1 2471 2016 8506
1 2134 2013 8506
1 2384 2015 8506
1 2791 2019 8506
1 2792 2019 8506
1 2252 2014 8506
1 2253 2014 8506
1 2671 2018 8506
1 2951 2021 8510
1 2184 2014 8510
1 2567 2017 8510
1 2068 2013 8510
1 2952 2021 8510
1 2654 2018 8510
1 2441 2016 8510
1 2568 2017 8510
1 2342 2015 8510
1 2341 2015 8510
1 2463 2016 8712
1 2348 2015 8712
1 2014 2013 8714
1 2286 2015 8714
1 2501 2017 8714
1 2602 2018 8714
1 2408 2016 8714
1 2157 2014 8714
1 2613 2018 8715
1 2299 2015 8715
1 2414 2016 8715
1 2541 2017 8715
1 2711 2019 8715
1 2712 2019 8715
1 2150 2014 8716
1 2303 2015 8716
1 2437 2016 8717
1 2304 2015 8717
1 2582 2017 8717
1 2193 2014 8717
1 2146 2014 8718
1 2310 2015 8718
1 2411 2016 8718
1 2507 2017 8718
1 2506 2017 8718
1 2067 2013 8718
1 2228 2014 8720
1 2573 2017 8720
1 2339 2015 8720
1 2910 2021 8720
1 2615 2018 8720
1 2118 2013 8720
1 2614 2018 8720
1 2278 2015 8721
1 2405 2016 8721
1 2619 2018 8721
1 2465 2016 8725
1 2191 2014 8725
1 2038 2013 8729
1 2702 2019 8729
1 2601 2018 8729
1 2828 2020 8729
1 2279 2015 8729
1 2871 2021 8729
1 2404 2016 8729
1 2306 2015 8730
1 2060 2013 8730
1 2172 2014 8730
1 2631 2018 8731
1 2728 2019 8731
1 2288 2015 8731
1 2513 2017 8731
1 2729 2019 8731
1 2500 2017 8734
1 2400 2016 8734
1 2338 2015 8734
1 2743 2019 8740
1 2536 2017 8740
1 2377 2015 8740
1 2117 2013 8740
1 2245 2014 8740
1 2410 2016 8740
1 2620 2018 8744
1 2239 2014 8744
1 2470 2016 8744
1 2797 2019 8744
1 2138 2013 8745
1 2353 2015 8749
1 2960 2021 8749
1 2057 2013 8749
1 2632 2018 8749
1 2451 2016 8749
1 2533 2017 8749
1 2725 2019 8749
1 2230 2014 8749
1 2013 2013 8751
1 2635 2018 8751
1 2864 2021 8751
1 2308 2015 8751
1 2550 2017 8756
1 2639 2018 8756
1 2824 2020 8756
1 2435 2016 8756
1 2428 2016 8758
1 2670 2018 8758
1 2554 2017 8758
1 2938 2021 8758
1 2753 2019 8758
1 2315 2015 8758
1 2611 2018 8759
1 2409 2016 8759
1 2351 2015 8759
1 2168 2014 8759
1 2505 2017 8759
1 2859 2021 8759
1 2858 2021 8759
1 2610 2018 8762
1 2330 2015 8762
1 2216 2014 8762
1 2528 2017 8762
1 2093 2013 8763
1 2091 2013 8765
1 2779 2019 8766
1 2394 2015 8766
1 2103 2013 8771
1 2235 2014 8780
1 2141 2013 8780
1 2401 2016 8780
1 2650 2018 8780
1 2940 2021 8780
1 2262 2014 8783
1 2452 2016 8783
1 2331 2015 8785
1 2446 2016 8785
1 2549 2017 8785
1 2159 2014 8785
1 2144 2013 8785
1 2336 2015 8787
1 2153 2014 8787
1 2502 2017 8787
1 2704 2019 8787
1 2915 2021 8790
1 2785 2019 8790
1 2350 2015 8790
1 2914 2021 8790
1 2658 2018 8790
1 2826 2020 8790
1 2139 2013 8792
1 2123 2013 8793
1 2651 2018 8794
1 2775 2019 8794
1 2356 2015 8794
1 2173 2014 8798
1 2823 2020 8798
1 2419 2016 8798
1 2495 2017 8798
1 2609 2018 8798
1 2291 2015 8798
1 2417 2016 8800
1 2499 2017 8800
1 2681 2018 8804
1 2585 2017 8804
1 2475 2016 8804
1 2374 2015 8804
1 2675 2018 8807
1 2366 2015 8807
1 2598 2017 8807
1 2515 2017 8811
1 2674 2018 8811
1 2796 2019 8811
1 2673 2018 8811
1 2516 2017 8811
1 2922 2021 8811
1 2795 2019 8811
1 2361 2015 8811
1 2257 2014 8812
1 2375 2015 8812
1 2371 2015 9016
1 2678 2018 9016
1 2577 2017 9016
1 2707 2019 9016
1 2850 2021 9023
1 2363 2015 9023
1 2744 2019 9023
1 2459 2016 9029
1 2572 2017 9029
1 2782 2019 9029
1 2391 2015 9029
1 2680 2018 9029
1 2458 2016 9030
1 2904 2021 9030
1 2766 2019 9030
1 2569 2017 9030
1 2652 2018 9030
1 2362 2015 9036
1 2561 2017 9036
1 2571 2017 9038
1 2686 2018 9038
1 2479 2016 9038
1 2587 2017 9060
1 2732 2019 9060
1 2643 2018 9060
1 2687 2018 9074
1 2811 2019 9074
1 2476 2016 9074
1 2389 2015 9074
1 2942 2021 9074
1 2376 2015 9075
1 2493 2017 9075
1 2913 2021 9075
1 2757 2019 9075
1 2689 2018 9075
1 2464 2016 9083
1 2736 2019 9083
1 2576 2017 9083
1 2961 2021 9083
1 2628 2018 9086
1 2540 2017 9086
1 2416 2016 9086
1 2608 2018 9093
1 2319 2015 9093
1 2851 2021 9093
1 2403 2016 9093
1 2496 2017 9093
1 2717 2019 9119
1 2436 2016 9119
1 2543 2017 9119
1 2718 2019 9119
1 2636 2018 9119
1 2544 2017 9119
1 2334 2015 9119
1 2439 2016 9125
1 2616 2018 9125
1 2873 2021 9125
1 2854 2021 9153
1 2822 2020 9153
1 2606 2018 9153
1 2425 2016 9153
1 2514 2017 9165
1 2697 2019 9165
1 2340 2015 9169
1 2457 2016 9169
1 2789 2019 9169
1 2852 2021 9207
1 2532 2017 9207
1 2406 2016 9207
1 2706 2019 9207
1 2705 2019 9207
1 2623 2018 9207
1 2293 2015 9207
1 2661 2018 9208
1 2780 2019 9208
1 2534 2017 9208
1 2466 2016 9208
1 2898 2021 9208
1 2865 2021 9211
1 2546 2017 9211
1 2625 2018 9211
1 2382 2015 9211
1 2769 2019 9211
1 2788 2019 9212
1 2444 2016 9212
1 2659 2018 9212
1 2591 2017 9212
1 2347 2015 9212
1 2799 2019 9213
1 2626 2018 9213
1 2703 2019 9214
1 2666 2018 9214
1 2895 2021 9214
1 2523 2017 9216
1 2627 2018 9216
1 2777 2019 9216
1 2905 2021 9216
1 2326 2015 9216
1 2415 2016 9216
1 2590 2017 9217
1 2964 2021 9217
1 2755 2019 9217
1 2492 2017 9759
1 2402 2016 9759
1 2698 2019 9759
1 2562 2017 9764
1 2724 2019 9764
1 2887 2021 9764
1 2886 2021 9764
1 2617 2018 9764
1 2595 2017 9768
1 2481 2016 9768
1 2943 2021 9769
1 2605 2018 9769
1 2709 2019 9769
1 2518 2017 9769
1 2462 2016 9769
1 2692 2018 9784
1 2836 2020 9784
1 2776 2019 9784
1 2902 2021 9784
1 2593 2017 9784
1 2443 2016 9793
1 2510 2017 9793
1 2931 2021 9795
1 2790 2019 9795
1 2693 2018 9795
1 2586 2017 9795
1 2508 2017 9797
1 2763 2019 9805
1 2683 2018 9805
1 2762 2019 9805
1 2682 2018 9805
1 2924 2021 9805
1 2925 2021 9805
1 2448 2016 9805
1 2806 2019 9812
1 2653 2018 9812
1 2953 2021 9812
1 2862 2021 9817
1 2548 2017 9817
1 2434 2016 9817
1 2745 2019 9817
1 2958 2021 9822
1 2699 2019 9822
1 2825 2020 9822
1 2621 2018 9822
1 2916 2021 9827
1 2526 2017 9827
1 2665 2018 9827
1 2784 2019 9827
1 2509 2017 9833
1 2660 2018 9833
1 2490 2016 9834
1 2594 2017 9834
1 2574 2017 9838
1 2802 2019 9838
1 2911 2021 9838
1 2685 2018 9838
1 2482 2016 9838
1 2921 2021 9841
1 2461 2016 9841
1 2761 2019 9841
1 2760 2019 9841
1 2494 2017 9843
1 2742 2019 9843
1 2603 2018 9843
1 2754 2019 9849
1 2612 2018 9849
1 2522 2017 9870
1 2588 2017 9895
1 2478 2016 9903
1 2812 2019 9904
1 2941 2021 9904
1 2630 2018 10180
1 2503 2017 10180
1 2954 2021 10190
1 2778 2019 10190
1 2584 2017 10190
1 2557 2017 10191
1 2832 2020 10191
1 2839 2021 10191
1 2642 2018 10191
1 2838 2021 10191
1 2781 2019 10191
1 2691 2018 10211
1 2962 2021 10211
1 2800 2019 10211
1 2648 2018 10216
1 2926 2021 10216
1 2622 2018 10220
1 2896 2021 10220
1 2738 2019 10220
1 2741 2019 10225
1 2634 2018 10225
1 2731 2019 10231
1 2558 2017 10231
1 2834 2020 10237
1 2955 2021 10237
1 2647 2018 10237
1 2783 2019 10237
1 2929 2021 10243
1 2735 2019 10243
1 2679 2018 10243
1 2633 2018 10251
1 2831 2020 10251
1 2583 2017 10251
1 2876 2021 10251
1 2830 2020 10255
1 2752 2019 10255
1 2944 2021 10255
1 2511 2017 10286
1 2730 2019 10286
1 2676 2018 10286
1 2948 2021 10286
1 2894 2021 10289
1 2684 2018 10289
1 2767 2019 10289
1 2751 2019 10293
1 2644 2018 10293
1 2928 2021 10293
1 2808 2019 10296
1 2947 2021 10296
1 2809 2019 10315
1 2715 2019 10347
1 2649 2018 10347
1 2527 2017 10347
1 2875 2021 10347
1 2829 2020 10348
1 2638 2018 10348
1 2787 2019 10348
1 2640 2018 10349
1 2770 2019 10351
1 2856 2021 10443
1 2645 2018 10443
1 2716 2019 10443
1 2596 2017 10443
1 2722 2019 10515
1 2903 2021 10518
1 2758 2019 10527
1 2881 2021 10527
1 2827 2020 10529
1 2840 2021 10529
1 2733 2019 10529
1 2899 2021 10530
1 2907 2021 10549
1 2749 2019 10549
1 2750 2019 10560
1 2866 2021 10567
1 2727 2019 10567
1 2867 2021 10575
1 2734 2019 10575
1 2662 2018 10575
1 2849 2021 10588
1 2821 2020 10588
1 2701 2019 10588
1 2772 2019 10594
1 2771 2019 10594
1 2917 2021 10598
1 2810 2019 10598
1 2844 2021 10613
1 2708 2019 10613
1 2801 2019 10618
1 2888 2021 10618
1 2957 2021 10622
1 2774 2019 10622
1 2956 2021 10622
1 2740 2019 10627
1 2949 2021 10628
1 2846 2021 10633
1 2668 2018 10633
1 2710 2019 10642
1 2855 2021 10642
1 2843 2021 11122
1 2696 2019 11122
1 2700 2019 11189
1 2868 2021 11189
1 2713 2019 11191
1 2897 2021 11191
1 2891 2021 11202
1 2714 2019 11222
1 2842 2021 11222
1 2798 2019 11228
1 2879 2021 11228
1 2845 2021 11239
1 2726 2019 11239
1 2853 2021 11508
1 2857 2021 11512
1 2901 2021 11516
1 2872 2021 11521
1 2893 2021 11523
1 2841 2021 11541
1 2768 2019 11541
1 2818 2019 11549
1 2863 2021 11549
1 2971 2021 11553
1 2908 2021 11555
1 2918 2021 11560
1 2848 2021 11561
1 2803 2019 11561
1 2885 2021 11562
1 2860 2021 11568
1 2892 2021 11569
1 2882 2021 11571
1 2939 2021 11574
1 2820 2020 11577
1 2937 2021 11580
1 2950 2021 11581
1 2890 2021 11582
1 2934 2021 11594
1 2759 2019 11597
1 2945 2021 11597
1 2861 2021 11603
1 2884 2021 11604
1 2880 2021 11606
1 2968 2021 11613
1 2883 2021 11618
1 2819 2019 11628
1 2933 2021 11631
1 2869 2021 11635
1 2900 2021 11860
1 2927 2021 11885
1 2847 2021 11891
1 2874 2021 11915
1 2972 2021 11923
1 2870 2021 11926
1 2909 2021 11928
1 2912 2021 11949
1  2021 11950
1 2959 2021 11953
1 2967 2021 11965
1 2973 2021 11972
1 2935 2021 11974
1 2969 2021 11981
1 2963 2021 11987
1 2936 2021 11989
1 2877 2021 11998
1 2878 2021 12021
1 2966 2021 12024
1 2970 2021 12513
