1 67 2.59999990463257
1 86 2.20000004768372
1 252 2
1 66 2.20000004768372
1 71 2.29999995231628
1 70 1.89999997615814
1 59 2.5
1 155 2.40000009536743
1 122 3.29999995231628
1 275 1.79999995231628
1 131 2.40000009536743
1 132 2.09999990463257
1 54 2.09999990463257
1 208 2.09999990463257
1 276 1.70000004768372
1 415 2
1 198 2.40000009536743
1 63 2.20000004768372
1 65 2.20000004768372
1 76 2
1 137 2.59999990463257
1 40 3.09999990463257
1 81 2.20000004768372
1 84 2.5
1 69 3.5
1 156 2.59999990463257
1 157 3
1 226 2.5
1 82 2.09999990463257
1 96 2.59999990463257
1 162 3.70000004768372
1 112 3.5
1 312 3
1 224 2.70000004768372
1 423 2.29999995231628
1 62 2
1 93 2.70000004768372
1 289 3.90000009536743
1 80 2.70000004768372
1 172 3.29999995231628
1 38 2.29999995231628
1 214 2.09999990463257
1 72 2.90000009536743
1 61 2
1 41 3
1 192 3.70000004768372
1 351 2.5
1 91 1.60000002384186
1 350 2.20000004768372
1 459 1.79999995231628
1 42 2.5
1 60 1.79999995231628
1 92 2.5
1 75 1.79999995231628
1 74 2.09999990463257
1 246 2.5
1 153 2.20000004768372
1 89 2.20000004768372
1 152 2.20000004768372
1 168 1.5
1 169 1.89999997615814
1 140 3.09999990463257
1 210 2.90000009536743
1 78 3.40000009536743
1 260 1.89999997615814
1 146 2.40000009536743
1 94 2.59999990463257
1 55 2.40000009536743
1 127 2.40000009536743
1 272 1.60000002384186
1 273 2
1 251 2.5
1 87 2.90000009536743
1 209 2.20000004768372
1 329 2.20000004768372
1 330 2.5
1 464 1.79999995231628
1 68 2.5
1 103 3
1 35 3.20000004768372
1 445 2.70000004768372
1 90 2.90000009536743
1 265 2.09999990463257
1 79 2.79999995231628
1 266 1.60000002384186
1 238 2.09999990463257
1 239 1.79999995231628
1 194 2.90000009536743
1 405 2.5
1 227 3
1 606 2.90000009536743
1 173 2.70000004768372
1 64 1.10000002384186
1 369 2.5
1 217 1.70000004768372
1 298 2.90000009536743
1 51 2.29999995231628
1 213 1.5
1 303 3
1 402 1.60000002384186
1 46 2.79999995231628
1 43 1.29999995231628
1 334 2.29999995231628
1 47 3.09999990463257
1 175 3.40000009536743
1 85 2.79999995231628
1 335 2.79999995231628
1 178 2.29999995231628
1 364 2
1 129 2.40000009536743
1 419 1.89999997615814
1 287 1.70000004768372
1 286 1.5
1 218 1.89999997615814
1 88 3.79999995231628
1 233 2.20000004768372
1 344 2.09999990463257
1 110 1.79999995231628
1 345 2.40000009536743
1 109 2.09999990463257
1 73 1.20000004768372
1 77 2.5
1 97 2.40000009536743
1 519 2
1 432 1.79999995231628
1 111 3.09999990463257
1 188 3.29999995231628
1 353 3.40000009536743
1 431 1.60000002384186
1 700 2.20000004768372
1 449 2.59999990463257
1 179 2.79999995231628
1 248 2.70000004768372
1 326 2.70000004768372
1 327 2.5
1 284 3.09999990463257
1 52 2.09999990463257
1 223 2.5
1 101 3.09999990463257
1 316 2.09999990463257
1 315 2.59999990463257
1 230 2.79999995231628
1 740 2.40000009536743
1 429 1.39999997615814
1 189 3.70000004768372
1 215 1.70000004768372
1 159 2.20000004768372
1 505 1.60000002384186
1 244 1.89999997615814
1 288 3.29999995231628
1 546 2
1 393 2.90000009536743
1 506 1.5
1 158 2.40000009536743
1 508 1.70000004768372
1 328 3.20000004768372
1 154 2.70000004768372
1 426 2.5
1 225 2.90000009536743
1 724 1.70000004768372
1 336 1.60000002384186
1 278 2.20000004768372
1 374 3
1 206 2.90000009536743
1 277 2.20000004768372
1 647 1.89999997615814
1 485 3
1 56 3.20000004768372
1 646 1.39999997615814
1 100 2.59999990463257
1 400 1.60000002384186
1 317 3.70000004768372
1 401 1.5
1 170 1.89999997615814
1 171 2.70000004768372
1 118 4.30000019073486
1 452 2.09999990463257
1 31 1.70000004768372
1 321 2.20000004768372
1 181 2.59999990463257
1 322 2.29999995231628
1 180 2.5
1 414 2.70000004768372
1 234 2.90000009536743
1 428 3
1 291 2.20000004768372
1 229 2.09999990463257
1 142 1.39999997615814
1 290 2.09999990463257
1 373 2.29999995231628
1 141 1.60000002384186
1 95 1.79999995231628
1 185 3.20000004768372
1 591 2.40000009536743
1 355 2.90000009536743
1 454 2.79999995231628
1 49 2.79999995231628
1 125 2.40000009536743
1 460 3.09999990463257
1 517 2.70000004768372
1 853 3
1 199 3.20000004768372
1 435 2.20000004768372
1 619 2.20000004768372
1 176 2.29999995231628
1 107 1.89999997615814
1 242 1.70000004768372
1 731 2.40000009536743
1 518 2.79999995231628
1 250 1.60000002384186
1 119 1.70000004768372
1 177 2.09999990463257
1 347 2.09999990463257
1 434 1.5
1 348 2
1 739 3.5
1 341 3
1 186 3.20000004768372
1 228 2.90000009536743
1 124 3.20000004768372
1 839 2.90000009536743
1 453 3.40000009536743
1 332 2.5
1 440 1.60000002384186
1 439 1.70000004768372
1 333 1.79999995231628
1 207 2.70000004768372
1 448 2.09999990463257
1 222 3
1 123 3.09999990463257
1 447 1.89999997615814
1 161 2.20000004768372
1 446 2
1 160 2.5
1 301 2.20000004768372
1 221 2
1 83 1.79999995231628
1 595 3.20000004768372
1 280 3.40000009536743
1 442 2.59999990463257
1 231 3.20000004768372
1 521 2.20000004768372
1 145 2.20000004768372
1 299 2.29999995231628
1 300 2.70000004768372
1 406 2.90000009536743
1 144 2.29999995231628
1 102 2.70000004768372
1 626 2.40000009536743
1 187 2.79999995231628
1 418 2.79999995231628
1 138 2.5
1 539 2.5
1 477 1.89999997615814
1 98 1.89999997615814
1 375 2.40000009536743
1 279 2.90000009536743
1 249 2.20000004768372
1 749 2.29999995231628
1 8 2.40000009536743
1 116 1.89999997615814
1 828 1.60000002384186
1 602 3.90000009536743
1 325 1.79999995231628
1 430 2.20000004768372
1 324 2.09999990463257
1 106 2.5
1 522 1.89999997615814
1 243 2.09999990463257
1 245 1.20000004768372
1 723 1.5
1 783 1.5
1 722 1.5
1 436 2
1 600 1.60000002384186
1 437 1.60000002384186
1 191 3.09999990463257
1 523 1.20000004768372
1 524 1.39999997615814
1 782 1.70000004768372
1 200 2.20000004768372
1 601 1.60000002384186
1 216 2
1 686 2.79999995231628
1 510 2.40000009536743
1 121 1.79999995231628
1 331 2.90000009536743
1 165 2.29999995231628
1 420 2.40000009536743
1 360 4
1 236 2.40000009536743
1 99 2.20000004768372
1 726 3.09999990463257
1 775 2.20000004768372
1 115 3.09999990463257
1 117 1.89999997615814
1 44 2.29999995231628
1 134 1.39999997615814
1 564 2.70000004768372
1 758 1.5
1 267 2.79999995231628
1 135 1.39999997615814
1 136 1.5
1 204 1.70000004768372
1 472 1.5
1 450 2.79999995231628
1 759 1.70000004768372
1 473 1.5
1 184 3.70000004768372
1 4 1.70000004768372
1 761 2.29999995231628
1 655 2.5
1 575 2.29999995231628
1 133 2.20000004768372
1 574 2.40000009536743
1 274 3.09999990463257
1 394 2.79999995231628
1 502 2.09999990463257
1 212 1.89999997615814
1 262 3.09999990463257
1 263 2.09999990463257
1 247 2
1 384 2.09999990463257
1 130 2
1 104 1.60000002384186
1 688 1.89999997615814
1 313 2.70000004768372
1 566 2.40000009536743
1 389 2.09999990463257
1 807 2.79999995231628
1 478 1.79999995231628
1 232 1.70000004768372
1 164 2.29999995231628
1 412 3.09999990463257
1 318 3.20000004768372
1 240 2.5
1 9 2.20000004768372
1 586 3
1 113 1.70000004768372
1 235 2.5
1 679 2.40000009536743
1 308 3.59999990463257
1 391 2
1 530 2.20000004768372
1 114 2.09999990463257
1 150 2
1 271 3.20000004768372
1 592 2.29999995231628
1 481 2
1 388 2.70000004768372
1 201 2
1 108 2.20000004768372
1 190 3.70000004768372
1 12 2.09999990463257
1 3 2
1 257 3.09999990463257
1 128 2.70000004768372
1 625 2.29999995231628
1 538 2.40000009536743
1 105 2.29999995231628
1 237 2.20000004768372
1 167 2.79999995231628
1 323 3
1 398 3
1 497 1.39999997615814
1 712 3
1 269 3.40000009536743
1 573 2.29999995231628
1 482 1.79999995231628
1 572 2.59999990463257
1 693 2.20000004768372
1 149 3.29999995231628
1 692 2.20000004768372
1 120 1.60000002384186
1 842 1.29999995231628
1 843 1.60000002384186
1 306 1.70000004768372
1 174 2.20000004768372
1 615 3.20000004768372
1 307 2
1 451 3.09999990463257
1 2 3.5
1 484 2.59999990463257
1 197 1.39999997615814
1 694 2.29999995231628
1 917 1.70000004768372
1 1003 3.25
1 918 1.39999997615814
1 690 3
1 292 2.20000004768372
1 409 2.5
1 512 2.5
1 552 2.90000009536743
1 126 1.79999995231628
1 867 1.39999997615814
1 470 1.79999995231628
1 1016 1.75
1 767 1.70000004768372
1 624 1.5
1 368 1.89999997615814
1 342 3
1 304 3
1 183 1.89999997615814
1 640 3
1 211 1.70000004768372
1 547 2.59999990463257
1 385 2.29999995231628
1 261 2.59999990463257
1 773 1.60000002384186
1 489 1.60000002384186
1 283 1.60000002384186
1 869 2.40000009536743
1 282 1.79999995231628
1 799 1.5
1 929 1.39999997615814
1 638 1.60000002384186
1 800 1.60000002384186
1 558 1.79999995231628
1 930 1.85000002384186
1 195 1.60000002384186
1 637 1.60000002384186
1 557 1.89999997615814
1 493 1.39999997615814
1 403 1.29999995231628
1 205 1.70000004768372
1 494 1.39999997615814
1 166 1.5
1 561 3
1 792 2.29999995231628
1 163 3.29999995231628
1 461 2.5
1 697 2.79999995231628
1 151 1.29999995231628
1 339 2.79999995231628
1 834 2.79999995231628
1 147 1.29999995231628
1 520 1.79999995231628
1 840 2.59999990463257
1 354 2.70000004768372
1 241 1.79999995231628
1 720 2.70000004768372
1 462 1.79999995231628
1 193 3.09999990463257
1 196 1.70000004768372
1 202 1.79999995231628
1 968 2.20000004768372
1 823 1.89999997615814
1 417 1
1 467 2.40000009536743
1 294 2
1 416 2.5
1 824 2
1 293 1.70000004768372
1 969 2.25
1 868 2.59999990463257
1 649 2
1 650 2.59999990463257
1 456 1.20000004768372
1 455 1.29999995231628
1 50 2
1 466 1.89999997615814
1 380 2
1 148 1.29999995231628
1 797 2.09999990463257
1 422 2
1 526 2.40000009536743
1 297 2.79999995231628
1 358 2.40000009536743
1 281 2.90000009536743
1 763 1.5
1 764 1.5
1 378 2.40000009536743
1 709 2.90000009536743
1 507 1.5
1 319 2.70000004768372
1 399 1.70000004768372
1 253 1.5
1 352 3.09999990463257
1 370 1.89999997615814
1 733 1.5
1 734 1.79999995231628
1 411 2.5
1 496 2.40000009536743
1 340 3.70000004768372
1 258 1.70000004768372
1 469 1.39999997615814
1 365 1.70000004768372
1 143 1.5
1 490 2
1 719 2.20000004768372
1 832 2.09999990463257
1 386 2.29999995231628
1 545 2.29999995231628
1 383 1.5
1 643 2
1 821 2
1 139 1.5
1 219 1.60000002384186
1 550 3.09999990463257
1 475 2.09999990463257
1 371 2.70000004768372
1 652 2.79999995231628
1 264 2.79999995231628
1 948 2.09999990463257
1 53 2.29999995231628
1 220 1.5
1 465 1.70000004768372
1 560 3
1 645 3
1 372 2.70000004768372
1 379 2.29999995231628
1 513 1.39999997615814
1 361 2.90000009536743
1 514 1.39999997615814
1 30 2.5
1 680 1.39999997615814
1 295 3.5
1 58 1.39999997615814
1 681 1.79999995231628
1 424 1.70000004768372
1 310 1.39999997615814
1 309 1.79999995231628
1 581 3
1 509 2.29999995231628
1 776 1.79999995231628
1 682 3.20000004768372
1 397 2.70000004768372
1 483 1.60000002384186
1 421 1.89999997615814
1 725 2.70000004768372
1 305 2.79999995231628
1 182 1.29999995231628
1 498 2.59999990463257
1 549 2.79999995231628
1 10 2
1 696 2.40000009536743
1 203 1.60000002384186
1 500 2.09999990463257
1 801 2.29999995231628
1 886 2.59999990463257
1 302 2.09999990463257
1 337 2.5
1 535 1.5
1 562 2.29999995231628
1 408 1.10000002384186
1 995 2
1 1136 1.70000004768372
1 457 1.79999995231628
1 17 1.89999997615814
1 362 2.20000004768372
1 702 2
1 1049 1.95000004768372
1 1117 2.90000009536743
1 837 2.79999995231628
1 841 2.09999990463257
1 927 3.15000009536743
1 468 2.5
1 256 3.20000004768372
1 629 3.20000004768372
1 854 2.59999990463257
1 607 3.20000004768372
1 433 3
1 661 1.70000004768372
1 660 1.70000004768372
1 270 2.90000009536743
1 492 1.39999997615814
1 387 2.40000009536743
1 476 2.29999995231628
1 363 1.89999997615814
1 254 2.20000004768372
1 529 2.5
1 516 1.5
1 757 1.5
1 603 2.40000009536743
1 37 1.60000002384186
1 756 1.39999997615814
1 604 2
1 410 1.89999997615814
1 255 1.79999995231628
1 367 1.89999997615814
1 349 1.89999997615814
1 427 1.60000002384186
1 536 2.40000009536743
1 730 1.70000004768372
1 622 4.40000009536743
1 729 1.89999997615814
1 770 2.09999990463257
1 486 1.89999997615814
1 921 1.79999995231628
1 259 1.70000004768372
1 905 1.60000002384186
1 659 2.40000009536743
1 390 2.09999990463257
1 28 2.40000009536743
1 407 2.59999990463257
1 382 2.29999995231628
1 571 1.29999995231628
1 641 2.20000004768372
1 320 2.20000004768372
1 785 2.20000004768372
1 268 2.70000004768372
1 798 2.79999995231628
1 474 2.29999995231628
1 964 4
1 381 2.79999995231628
1 856 2
1 311 2
1 438 1.79999995231628
1 343 2.70000004768372
1 425 1.70000004768372
1 848 2.09999990463257
1 463 2
1 618 3.5
1 25 3.09999990463257
1 576 3.20000004768372
1 501 1.60000002384186
1 392 2.59999990463257
1 504 1.39999997615814
1 495 1.89999997615814
1 863 2.5
1 377 1.79999995231628
1 671 3
1 357 1.39999997615814
1 633 1.60000002384186
1 656 2.40000009536743
1 787 2.59999990463257
1 623 3.29999995231628
1 667 2.5
1 582 2.90000009536743
1 491 1.60000002384186
1 708 1.5
1 707 1.89999997615814
1 542 2.09999990463257
1 541 1.60000002384186
1 657 2.59999990463257
1 754 3
1 471 2.20000004768372
1 991 4.59999990463257
1 366 1.89999997615814
1 285 2
1 515 1.70000004768372
1 954 2.34999990463257
1 666 1.79999995231628
1 668 2.5
1 458 2.09999990463257
1 804 2.70000004768372
1 499 2.09999990463257
1 534 2.79999995231628
1 395 2
1 672 1.5
1 673 2
1 589 2.70000004768372
1 590 2.20000004768372
1 636 1.79999995231628
1 19 2.59999990463257
1 1080 1.20000004768372
1 1018 1.95000004768372
1 1079 2.09999990463257
1 611 1.60000002384186
1 356 1.5
1 610 2.29999995231628
1 742 2
1 528 2
1 741 1.79999995231628
1 296 1.60000002384186
1 511 1.79999995231628
1 413 1.70000004768372
1 338 2.20000004768372
1 488 1.70000004768372
1 568 2.59999990463257
1 820 2.20000004768372
1 706 1.89999997615814
1 705 1.70000004768372
1 34 2.79999995231628
1 596 2.40000009536743
1 597 2.29999995231628
1 441 2
1 906 2.59999990463257
1 346 1.60000002384186
1 634 2
1 972 3.5
1 880 2.70000004768372
1 765 2.5
1 628 2.20000004768372
1 737 1.89999997615814
1 376 1.70000004768372
1 738 1.89999997615814
1 871 2.09999990463257
1 714 1.60000002384186
1 962 2.70000004768372
1 822 1.60000002384186
1 715 2.29999995231628
1 577 2.59999990463257
1 404 2.09999990463257
1 612 2.79999995231628
1 796 1.89999997615814
1 532 1.89999997615814
1 654 1.60000002384186
1 653 1.60000002384186
1 555 2.40000009536743
1 795 1.29999995231628
1 794 2
1 531 1.79999995231628
1 620 2.90000009536743
1 902 2.90000009536743
1 396 1.60000002384186
1 961 2.79999995231628
1 815 2.5
1 1121 3.5
1 527 2
1 1056 1.70000004768372
1 735 3.79999995231628
1 909 3
1 835 2.90000009536743
1 314 1.70000004768372
1 503 1.79999995231628
1 683 3.09999990463257
1 1026 2.25
1 1060 1.60000002384186
1 525 1.70000004768372
1 993 2.40000009536743
1 791 1.20000004768372
1 359 1.10000002384186
1 584 2.20000004768372
1 444 1.5
1 727 2.70000004768372
1 1086 2
1 1059 1.85000002384186
1 812 2
1 998 2.59999990463257
1 1085 1.89999997615814
1 896 2.20000004768372
1 717 2.09999990463257
1 599 2.40000009536743
1 1159 1.54999995231628
1 665 2.09999990463257
1 1023 2.70000004768372
1 751 2
1 1158 1.64999997615814
1 1124 3.29999995231628
1 926 3.29999995231628
1 876 2.79999995231628
1 553 2.20000004768372
1 951 2.5
1 443 1.60000002384186
1 762 2.29999995231628
1 663 2.29999995231628
1 1097 2.09999990463257
1 1160 1.60000002384186
1 479 1.5
1 878 1.39999997615814
1 1098 2.20000004768372
1 971 2.40000009536743
1 551 3.09999990463257
1 877 1.79999995231628
1 1013 2.54999995231628
1 648 3
1 965 1.89999997615814
1 1081 2
1 979 2.70000004768372
1 556 2.09999990463257
1 768 1.60000002384186
1 570 1.20000004768372
1 24 2.5
1 674 3.59999990463257
1 938 2
1 480 1.70000004768372
1 937 1.89999997615814
1 855 2.5
1 533 1.70000004768372
1 1045 2.09999990463257
1 689 2.40000009536743
1 889 3
1 944 1.89999997615814
1 587 2.40000009536743
1 786 2
1 778 1.70000004768372
1 1197 2
1 1198 1.79999995231628
1 891 1.89999997615814
1 777 1.70000004768372
1 583 2.5
1 658 2.59999990463257
1 890 1.70000004768372
1 691 2
1 20 1.39999997615814
1 579 1.39999997615814
1 685 2.5
1 580 1.39999997615814
1 699 2.59999990463257
1 605 3.09999990463257
1 27 2.20000004768372
1 941 3.5
1 635 2.09999990463257
1 684 2.59999990463257
1 779 1.70000004768372
1 975 2.09999990463257
1 540 2.40000009536743
1 718 2.20000004768372
1 933 1.5
1 748 1.10000002384186
1 554 2
1 789 1.29999995231628
1 875 2.29999995231628
1 934 1.39999997615814
1 669 2.09999990463257
1 904 2.09999990463257
1 594 2.40000009536743
1 710 2.40000009536743
1 988 1.89999997615814
1 808 2.59999990463257
1 825 2.59999990463257
1 907 2.29999995231628
1 698 2.5
1 809 2.59999990463257
1 844 2.70000004768372
1 728 2.79999995231628
1 747 3
1 559 1.5
1 716 2
1 817 2.40000009536743
1 487 1.29999995231628
1 1114 1.89999997615814
1 703 1.60000002384186
1 1113 2
1 704 1.60000002384186
1 967 1.79999995231628
1 897 1.70000004768372
1 898 1.5
1 966 1.70000004768372
1 1053 2.25
1 829 1.60000002384186
1 721 2.20000004768372
1 830 1.5
1 1120 3
1 1005 3.09999990463257
1 914 2.40000009536743
1 676 2.79999995231628
1 780 1.79999995231628
1 781 1.79999995231628
1 919 1.70000004768372
1 695 2.79999995231628
1 920 1.79999995231628
1 771 2.20000004768372
1 772 2.20000004768372
1 994 2.40000009536743
1 745 2.59999990463257
1 537 1.20000004768372
1 862 2.5
1 713 1.79999995231628
1 6 2.09999990463257
1 784 2.09999990463257
1 1360 2.5
1 925 2
1 1122 4.19999980926514
1 57 1.5
1 881 2.09999990463257
1 627 1.29999995231628
1 609 1.5
1 736 2.5
1 814 2
1 548 1.70000004768372
1 565 1.79999995231628
1 866 2.40000009536743
1 675 2.90000009536743
1 701 2.29999995231628
1 544 1.79999995231628
1 1017 1.79999995231628
1 894 2.20000004768372
1 1101 1.79999995231628
1 1102 1.89999997615814
1 945 2.70000004768372
1 838 2.90000009536743
1 984 2.29999995231628
1 746 2.5
1 563 2.20000004768372
1 910 2.79999995231628
1 642 2.09999990463257
1 870 1.89999997615814
1 598 1.39999997615814
1 632 1.89999997615814
1 887 1.89999997615814
1 818 1.70000004768372
1 36 3.20000004768372
1 913 2.70000004768372
1 1123 2.59999990463257
1 1039 1.89999997615814
1 846 2.40000009536743
1 651 1.5
1 810 2.20000004768372
1 1008 1.79999995231628
1 928 2.29999995231628
1 1144 2.40000009536743
1 1088 1.60000002384186
1 593 1.39999997615814
1 859 1.89999997615814
1 1089 1.79999995231628
1 864 2.59999990463257
1 639 2.29999995231628
1 942 3
1 1228 4.09999990463257
1 1083 2
1 1084 1.89999997615814
1 760 2.29999995231628
1 744 1.79999995231628
1 831 2.40000009536743
1 1027 2.70000004768372
1 888 2.29999995231628
1 616 1.5
1 1233 2.29999995231628
1 1366 1.79999995231628
1 631 1.39999997615814
1 1006 2.04999995231628
1 793 2.29999995231628
1 858 2.5
1 1179 4
1 543 1.79999995231628
1 662 2.40000009536743
1 1020 2.75
1 1253 2.70000004768372
1 711 1.89999997615814
1 872 1.89999997615814
1 959 2.20000004768372
1 960 1.54999995231628
1 644 2.09999990463257
1 860 2.40000009536743
1 803 2.40000009536743
1 895 2.20000004768372
1 836 2.20000004768372
1 950 2.29999995231628
1 900 1.70000004768372
1 608 1.60000002384186
1 845 2.5
1 882 2.20000004768372
1 1067 2.15000009536743
1 997 2.79999995231628
1 1111 4.40000009536743
1 21 1.89999997615814
1 774 2.40000009536743
1 1012 2.29999995231628
1 750 2.09999990463257
1 567 1.5
1 1075 2.5
1 630 2
1 899 2.70000004768372
1 990 2.90000009536743
1 578 1.39999997615814
1 670 1.79999995231628
1 617 1.89999997615814
1 885 2.09999990463257
1 816 2.09999990463257
1 923 2.34999990463257
1 1189 2.25
1 1184 1.89999997615814
1 588 1.39999997615814
1 1185 2.29999995231628
1 677 1.79999995231628
1 1 3
1 963 2.79999995231628
1 743 2.59999990463257
1 790 2.5
1 892 3.20000004768372
1 806 2.40000009536743
1 865 2.40000009536743
1 1359 3.29999995231628
1 1031 1.70000004768372
1 1216 3.40000009536743
1 1032 1.60000002384186
1 569 1.70000004768372
1 974 2.59999990463257
1 1267 2.79999995231628
1 687 1.5
1 1001 3.59999990463257
1 752 1.70000004768372
1 585 1.79999995231628
1 664 1.60000002384186
1 1109 3.20000004768372
1 826 2.20000004768372
1 1002 2.70000004768372
1 1264 1.60000002384186
1 1324 1.70000004768372
1 1323 1.79999995231628
1 1065 1.75
1 901 2
1 1066 1.5
1 1263 1.75
1 827 1.60000002384186
1 908 2
1 1069 2.59999990463257
1 613 1.5
1 973 2.90000009536743
1 678 1.70000004768372
1 811 2.5
1 32 3
1 1021 2.70000004768372
1 883 2.40000009536743
1 1183 2.90000009536743
1 16 1.70000004768372
1 922 1.89999997615814
1 788 2.79999995231628
1 1061 2.04999995231628
1 621 2.20000004768372
1 1135 1.75
1 1134 2
1 614 1.70000004768372
1 879 2
1 996 3.09999990463257
1 1271 2.79999995231628
1 1063 2.95000004768372
1 893 1.89999997615814
1 819 1.60000002384186
1 802 1.5
1 1015 2.29999995231628
1 940 2.59999990463257
1 833 1.39999997615814
1 14 2.20000004768372
1 857 1.70000004768372
1 753 2
1 924 2.59999990463257
1 1191 1.79999995231628
1 1192 2.5
1 903 2.90000009536743
1 1110 4.40000009536743
1 981 3
1 805 2
1 1046 1.85000002384186
1 952 2.40000009536743
1 1035 1.5
1 769 1.79999995231628
1 884 2
1 1164 2.90000009536743
1 874 1.79999995231628
1 949 2.59999990463257
1 23 2.40000009536743
1 7 2.20000004768372
1 977 1.89999997615814
1 915 2.09999990463257
1 987 2.5
1 936 2.90000009536743
1 766 1.79999995231628
1 1143 2.5
1 1000 2.90000009536743
1 813 1.60000002384186
1 1058 2.29999995231628
1 1322 1.60000002384186
1 732 1.60000002384186
1 1321 1.39999997615814
1 861 2.20000004768372
1 850 1.89999997615814
1 1011 2.45000004768372
1 939 2.79999995231628
1 1210 3.70000004768372
1 852 1.5
1 15 2.5
1 1068 2.79999995231628
1 851 2.79999995231628
1 755 1.60000002384186
1 1019 2.09999990463257
1 931 1.14999997615814
1 932 1.29999995231628
1 33 1.70000004768372
1 978 2.09999990463257
1 1200 2.79999995231628
1 1028 1.79999995231628
1 1292 2.25
1 1072 3.09999990463257
1 980 3.09999990463257
1 1043 1.79999995231628
1 39 3
1 976 2
1 1269 2.5
1 1038 2.5
1 935 3
1 1077 2.20000004768372
1 1009 1.70000004768372
1 1307 1.35000002384186
1 1078 1.5
1 1237 1.5
1 1459 1.45000004768372
1 1306 1.60000002384186
1 1471 1.85000002384186
1 982 2
1 873 2
1 1007 2.20000004768372
1 1297 1.70000004768372
1 1298 1.70000004768372
1 1234 2.79999995231628
1 1435 1.70000004768372
1 1040 1.54999995231628
1 1223 3.79999995231628
1 1265 1.70000004768372
1 1041 2.45000004768372
1 1207 2.95000004768372
1 986 2.29999995231628
1 1125 4
1 911 2.09999990463257
1 1138 2.84999990463257
1 1238 2.45000004768372
1 958 1.95000004768372
1 1024 2.25
1 1064 2.09999990463257
1 983 2.40000009536743
1 1175 2.79999995231628
1 1095 3.40000009536743
1 916 1.79999995231628
1 1203 1.95000004768372
1 1204 1.54999995231628
1 992 2.84999990463257
1 1055 2.15000009536743
1 847 1.29999995231628
1 849 1.70000004768372
1 953 2.5
1 912 2
1 1025 1.75
1 1168 3.09999990463257
1 1050 2.20000004768372
1 985 2.29999995231628
1 1243 2.15000009536743
1 999 2.40000009536743
1 1014 2.15000009536743
1 1309 2.15000009536743
1 1533 3.15000009536743
1 1154 3
1 1010 1.89999997615814
1 1082 2.79999995231628
1 1132 1.60000002384186
1 1131 1.60000002384186
1 970 2.20000004768372
1 1105 2.70000004768372
1 1022 2.29999995231628
1 1174 2.5
1 1247 2.20000004768372
1 956 1.70000004768372
1 943 2.20000004768372
1 1254 2.90000009536743
1 1438 1.75
1 1161 1.60000002384186
1 1654 1.35000002384186
1 1162 1.70000004768372
1 1034 2.15000009536743
1 1655 1.79999995231628
1 947 2
1 1030 2
1 1248 1.89999997615814
1 946 1.75
1 1339 2.70000004768372
1 955 2.09999990463257
1 1094 2.5
1 1190 1.85000002384186
1 1275 1.89999997615814
1 1044 1.75
1 1062 1.64999997615814
1 1316 2.25
1 1255 2.59999990463257
1 1181 2.5
1 1146 2.25
1 1074 2.79999995231628
1 989 1
1 1140 3
1 1057 1.54999995231628
1 1099 2.5
1 1004 1.64999997615814
1 1137 3.20000004768372
1 1073 2.40000009536743
1 1042 2.29999995231628
1 1149 2.79999995231628
1 1070 1.85000002384186
1 1236 2.5
1 1315 2.59999990463257
1 1361 1.60000002384186
1 1115 2.59999990463257
1 1036 2.40000009536743
1 1172 1.85000002384186
1 1173 1.85000002384186
1 1343 3.20000004768372
1 957 2.09999990463257
1 1273 3.09999990463257
1 1033 2.09999990463257
1 1051 1.64999997615814
1 1256 2.70000004768372
1 1335 2.09999990463257
1 1245 2.15000009536743
1 1195 2.59999990463257
1 1436 1.75
1 1658 2.45000004768372
1 1047 1.95000004768372
1 1170 3
1 1504 2.45000004768372
1 1393 2.25
1 1029 2.45000004768372
1 1171 2.54999995231628
1 1188 2.5
1 1052 1.95000004768372
1 1295 2.40000009536743
1 1220 3
1 1145 2.90000009536743
1 1239 2.59999990463257
1 1327 1.45000004768372
1 1093 2.79999995231628
1 1259 2.59999990463257
1 1561 2.90000009536743
1 1048 1.54999995231628
1 1320 2.70000004768372
1 1383 2.29999995231628
1 1147 2.79999995231628
1 1155 2.20000004768372
1 1289 2.5
1 1709 2.5
1 1201 3.20000004768372
1 1104 3
1 1843 2.29999995231628
1 1384 3
1 1634 3.20000004768372
1 1476 2.65000009536743
1 1257 1.39999997615814
1 1054 1.70000004768372
1 1258 1.89999997615814
1 1686 1.39999997615814
1 1362 2.54999995231628
1 1815 2.65000009536743
1 1382 1.39999997615814
1 1685 1.85000002384186
1 1568 2.5
1 1381 1.54999995231628
1 1165 2.5
1 1260 2.79999995231628
1 1211 3.20000004768372
1 1148 2.20000004768372
1 1071 1.85000002384186
1 1283 2.09999990463257
1 1493 1.54999995231628
1 1177 2.79999995231628
1 1494 1.5
1 1917 1.60000002384186
1 1330 1.29999995231628
1 1329 2.5
1 1592 2.54999995231628
1 1151 1.54999995231628
1 1152 1.45000004768372
1 1636 2.45000004768372
1 1378 1.60000002384186
1 1474 1.5
1 1475 1.35000002384186
1 1194 2.59999990463257
1 1460 2.40000009536743
1 1240 3.09999990463257
1 1294 2.5
1 1364 2.29999995231628
1 1566 2.5
1 1037 2
1 22 3
1 1519 2.70000004768372
1 1332 2.40000009536743
1 1100 2
1 1244 2.40000009536743
1 1399 2
1 1507 2.59999990463257
1 1251 2.20000004768372
1 1678 1.54999995231628
1 1167 2
1 1325 2.40000009536743
1 13 2.45000004768372
1 1404 2.45000004768372
1 1178 3.09999990463257
1 1389 2.04999995231628
1 1346 2.95000004768372
1 1284 3.29999995231628
1 1679 1.45000004768372
1 1319 1.60000002384186
1 1166 2.40000009536743
1 1466 1.39999997615814
1 1439 1.89999997615814
1 1467 1.04999995231628
1 1107 3
1 1341 1.70000004768372
1 1202 2.79999995231628
1 2120 2
1 1801 1.5
1 1363 1.29999995231628
1 1206 2.59999990463257
1 1092 1.89999997615814
1 1286 1.89999997615814
1 1547 1.10000002384186
1 1546 1.89999997615814
1 1208 2.79999995231628
1 1128 3
1 1397 2.04999995231628
1 1408 2.45000004768372
1 1279 3.40000009536743
1 1186 3
1 1356 2.09999990463257
1 1230 2.20000004768372
1 1119 2.09999990463257
1 1272 2.15000009536743
1 1418 1.97500002384186
1 1496 2.20000004768372
1 1733 1.70000004768372
1 1076 2.59999990463257
1 1219 2.40000009536743
1 1345 2.70000004768372
1 1431 2.70000004768372
1 1542 3.40000009536743
1 1232 3.5
1 1287 3.59999990463257
1 1454 3.45000004768372
1 1805 2.79999995231628
1 1112 3
1 1416 2.34999990463257
1 1169 2.09999990463257
1 1337 2.79999995231628
1 1661 3.5
1 1090 1.70000004768372
1 1242 2
1 1212 2.15000009536743
1 1377 2.04999995231628
1 1299 1.79999995231628
1 1458 2.20000004768372
1 1567 1.79999995231628
1 1157 2
1 1241 2.20000004768372
1 1091 2.40000009536743
1 1150 2.95000004768372
1 1312 3.29999995231628
1 1130 1.95000004768372
1 1403 2.65000009536743
1 1252 1.89999997615814
1 1793 2.59999990463257
1 1118 1.79999995231628
1 1859 2.34999990463257
1 1213 1.70000004768372
1 1894 2.75
1 1748 2.45000004768372
1 1246 2.25
1 1579 2.65000009536743
1 1317 2
1 1516 2.79999995231628
1 1437 4.05000019073486
1 1153 2
1 1791 3.79999995231628
1 1333 2.40000009536743
1 1412 1.45000004768372
1 18 1.45000004768372
1 1215 1.70000004768372
1 1280 2.09999990463257
1 1788 2.70000004768372
1 1551 2.40000009536743
1 1371 2.20000004768372
1 1301 2.25
1 1491 3.09999990463257
1 1141 1.70000004768372
1 1370 1.60000002384186
1 1305 2.25
1 1106 1.5
1 1683 2.25
1 1293 2.20000004768372
1 1133 1.85000002384186
1 1563 2.54999995231628
1 1127 1.95000004768372
1 1199 2.09999990463257
1 1205 2.34999990463257
1 1600 2.79999995231628
1 1406 2
1 1262 1.54999995231628
1 1196 1.39999997615814
1 1749 2.5
1 1878 2.20000004768372
1 1499 2.20000004768372
1 1583 2.15000009536743
1 1442 3.09999990463257
1 1087 1.60000002384186
1 1156 2.09999990463257
1 1176 1.79999995231628
1 1096 1.5
1 1451 3.29999995231628
1 1129 1.79999995231628
1 1644 2.79999995231628
1 1556 3.40000009536743
1 26 2.70000004768372
1 1495 2.15000009536743
1 1354 2.29999995231628
1 1558 2.65000009536743
1 1338 2.29999995231628
1 1380 2.45000004768372
1 1266 1.64999997615814
1 1562 1.95000004768372
1 1505 1.75
1 1398 1.75
1 1285 1.60000002384186
1 1698 2.70000004768372
1 1440 1.54999995231628
1 1163 2.09999990463257
1 1590 1.89999997615814
1 1441 1.77499997615814
1 1591 1.60000002384186
1 1920 2
1 1746 1.95000004768372
1 1103 1.89999997615814
1 1747 1.75
1 1182 2.09999990463257
1 1347 2.90000009536743
1 1653 3.20000004768372
1 1282 1.45000004768372
1 1921 1.79999995231628
1 1180 1.79999995231628
1 1278 2.04999995231628
1 1628 2.79999995231628
1 1754 1.60000002384186
1 1753 1.54999995231628
1 1116 2
1 1449 2.09999990463257
1 1358 1.79999995231628
1 1357 2.09999990463257
1 1277 1.79999995231628
1 1217 1.60000002384186
1 1708 2
1 1350 2.90000009536743
1 1470 2.5
1 1635 2.25
1 1525 2.59999990463257
1 1681 1.70000004768372
1 1142 2
1 1573 2.5
1 1530 2.79999995231628
1 1108 1.89999997615814
1 1328 2.5
1 1717 2.40000009536743
1 1605 3
1 1385 2.5
1 1139 2
1 1537 3.40000009536743
1 1340 2.90000009536743
1 1126 1.89999997615814
1 1288 2.04999995231628
1 1455 2.29999995231628
1 1554 3.20000004768372
1 1797 2
1 1814 1.79999995231628
1 1376 1.39999997615814
1 1308 2
1 1594 1.75
1 1400 1.64999997615814
1 1401 1.5
1 1487 1.45000004768372
1 1593 1.64999997615814
1 1486 1.60000002384186
1 1336 2.29999995231628
1 1296 2.54999995231628
1 1659 2.34999990463257
1 1783 2.45000004768372
1 1331 2.40000009536743
1 1760 1.95000004768372
1 1395 2.20000004768372
1 1478 2.79999995231628
1 1807 1.39999997615814
1 1715 1.75
1 1373 1.39999997615814
1 29 2.5
1 1582 1.70000004768372
1 1707 1.85000002384186
1 1313 2.15000009536743
1 1396 2.34999990463257
1 1261 1.79999995231628
1 1853 1.60000002384186
1 1727 1.60000002384186
1 1650 3.15000009536743
1 1852 1.79999995231628
1 1726 1.39999997615814
1 1450 2.65000009536743
1 1538 1.85000002384186
1 1886 2.75
1 1824 2.5
1 1696 1.45000004768372
1 1368 2.59999990463257
1 1571 3.20000004768372
1 1697 1.54999995231628
1 1187 1.5
1 1832 2.90000009536743
1 1578 2.90000009536743
1 1514 2.95000004768372
1 1482 1.64999997615814
1 1402 1.97500002384186
1 1481 1.45000004768372
1 1849 2.04999995231628
1 1314 2.20000004768372
1 1645 3.09999990463257
1 1800 3.59999990463257
1 1452 3.25
1 1557 2.65000009536743
1 1352 2.29999995231628
1 1621 2.79999995231628
1 1910 2.40000009536743
1 1447 2.09999990463257
1 1770 2.09999990463257
1 1446 3.25
1 1276 1.75
1 11 2.40000009536743
1 1457 1.54999995231628
1 1456 1.5
1 1311 2.20000004768372
1 1699 1.54999995231628
1 1374 1.35000002384186
1 1700 1.64999997615814
1 1375 1.25
1 1227 1.45000004768372
1 1226 1.5
1 1310 1.5
1 1222 1.75
1 1355 2.79999995231628
1 1784 1.64999997615814
1 1785 1.60000002384186
1 1427 1.92499995231628
1 1637 2.54999995231628
1 2238 2.70000004768372
1 1885 2.90000009536743
1 2108 2.54999995231628
1 1646 3.40000009536743
1 1490 3.04999995231628
1 1413 2.70000004768372
1 1349 3
1 1548 3.09999990463257
1 1209 1.25
1 1609 1.89999997615814
1 1549 2.25
1 1291 1.29999995231628
1 1348 2.59999990463257
1 1290 1.29999995231628
1 1762 2
1 1405 2.59999990463257
1 1528 1.45000004768372
1 1575 2.79999995231628
1 1527 1.75
1 1771 2.90000009536743
1 1281 1.95000004768372
1 1224 1.60000002384186
1 1855 2.5
1 1632 3.15000009536743
1 1417 2.79999995231628
1 1662 2.5
1 1506 2.59999990463257
1 1425 2.59999990463257
1 1214 1.45000004768372
1 1429 1.45000004768372
1 1994 1.30999994277954
1 1274 1.64999997615814
1 1428 1.25
1 2100 2
1 1995 1.62000000476837
1 2099 1.79999995231628
1 1351 2.90000009536743
1 1777 3
1 1907 2.5
1 1610 3.15000009536743
1 1448 2.59999990463257
1 1445 2.04999995231628
1 1670 2.5
1 1559 3.5
1 2009 1.79999995231628
1 1766 2.20000004768372
1 1612 2.25
1 1868 1.5
1 1738 1.54999995231628
1 1484 1.60000002384186
1 1518 2.25
1 1651 2.25
1 1601 2.15000009536743
1 1539 2.65000009536743
1 1751 1.89999997615814
1 1602 1.95000004768372
1 1221 1.54999995231628
1 1750 2.29999995231628
1 45 2.04999995231628
1 1914 3.65000009536743
1 1414 2.70000004768372
1 1581 2.40000009536743
1 1409 1.54999995231628
1 1303 1.85000002384186
1 1511 2.34999990463257
1 1729 1.70000004768372
1 1639 2.40000009536743
1 1391 1.89999997615814
1 1529 2.40000009536743
1 1541 2.59999990463257
1 1517 1.82500004768372
1 1365 2
1 1229 1.5
1 1218 2.09999990463257
1 1250 1.79999995231628
1 1334 1.79999995231628
1 1249 1.39999997615814
1 1531 3.04999995231628
1 1386 2.29999995231628
1 1633 3.20000004768372
1 1342 2.20000004768372
1 1483 2.20000004768372
1 1742 2.29999995231628
1 1407 2.25
1 1663 2.25
1 1479 2.375
1 1318 2.40000009536743
1 1426 2.65000009536743
1 1488 2.59999990463257
1 1672 2.59999990463257
1 1304 1.89999997615814
1 1443 3.15000009536743
1 1585 3.15000009536743
1 2107 3.34999990463257
1 1706 3
1 1967 2.27999997138977
1 1422 3.20000004768372
1 1890 3.65000009536743
1 1300 2.40000009536743
1 1473 3
1 1901 2.04999995231628
1 1433 1.89999997615814
1 1543 3.25
1 1902 2
1 1302 2.15000009536743
1 1564 2.90000009536743
1 1270 2.09999990463257
1 1369 2
1 1231 1.5
1 1463 2.59999990463257
1 1691 2.70000004768372
1 2044 2.54999995231628
1 1387 1.5
1 2256 3.40000009536743
1 1465 2.59999990463257
1 1388 1.70000004768372
1 1931 2.04999995231628
1 1565 3.09999990463257
1 1692 2.5
1 1235 1.64999997615814
1 1660 2.95000004768372
1 1415 2.34999990463257
1 1502 1.79999995231628
1 1353 2.20000004768372
1 1743 1.70000004768372
1 1723 2.25
1 1501 1.85000002384186
1 1193 1.95000004768372
1 1423 2.54999995231628
1 1535 3
1 1430 2.95000004768372
1 1326 2.70000004768372
1 1268 1.85000002384186
1 1521 2.90000009536743
1 1225 1.5
1 1759 2.70000004768372
1 1875 2.84999990463257
1 1520 3
1 1598 2
1 1599 1.85000002384186
1 1552 2.59999990463257
1 1410 2.20000004768372
1 1666 2.34999990463257
1 1480 2.5
1 1434 3.15000009536743
1 1713 2.40000009536743
1 1344 1.70000004768372
1 1895 2.5
1 2097 2.59999990463257
1 1718 2.34999990463257
1 1586 2.09999990463257
1 1424 1.97500002384186
1 1677 2.75
1 1761 3
1 1421 2.25
1 1485 2.75
1 1915 3.40000009536743
1 1752 2.04999995231628
1 1607 2.25
1 1540 2.02500009536743
1 1617 3.29999995231628
1 1898 2.25
1 1419 1.79999995231628
1 1555 3.09999990463257
1 1768 2.59999990463257
1 1462 1.89999997615814
1 1804 2.45000004768372
1 1367 1.5
1 1796 2.79999995231628
1 1618 1.70000004768372
1 1500 1.64999997615814
1 2028 2.75
1 2192 2.77999997138977
1 1808 2.54999995231628
1 1719 2.79999995231628
1 1569 2.45000004768372
1 1469 2.15000009536743
1 1935 1.67999994754791
1 1616 3.79999995231628
1 1372 2.15000009536743
1 1461 2
1 1668 2.15000009536743
1 1392 2.04999995231628
1 1510 1.70000004768372
1 2226 2.26999998092651
1 1629 2.59999990463257
1 1739 2.34999990463257
1 1899 2.90000009536743
1 2292 1.70000004768372
1 1756 1.89999997615814
1 1757 2.09999990463257
1 1432 2.09999990463257
1 5 2.79999995231628
1 1544 2.45000004768372
1 1730 2.40000009536743
1 1580 2.59999990463257
1 1954 2.5
1 1472 1.95000004768372
1 1854 2.84999990463257
1 2112 2.09999990463257
1 2111 1.79999995231628
1 1587 2.04999995231628
1 1515 2.5
1 1379 1.5
1 2246 1.76999998092651
1 1641 2
1 1498 1.29999995231628
1 1497 1.04999995231628
1 1489 2.5
1 1625 3.09999990463257
1 1444 2.25
1 1523 1.14999997615814
1 1524 1.39999997615814
1 1649 3.20000004768372
1 1842 3
1 1394 2
1 1973 2.5699999332428
1 1611 2.5
1 1765 2.40000009536743
1 1893 1.5
1 1526 1.77499997615814
1 1741 2.09999990463257
1 1624 1.64999997615814
1 1509 1.75
1 2424 1.27999997138977
1 2600 2.15000009536743
1 1826 1.70000004768372
1 1623 2.5
1 2147 2
1 1936 1.82000005245209
1 1887 3.54999995231628
1 1997 1.5900000333786
1 2094 2
1 1627 2.45000004768372
1 1835 2.20000004768372
1 1522 1.89999997615814
1 1999 2.48000001907349
1 1420 1.54999995231628
1 2063 2.5
1 1560 2.5
1 1786 3
1 1595 2.70000004768372
1 1820 1.29999995231628
1 1477 1.89999997615814
1 1464 2.04999995231628
1 1411 1.60000002384186
1 1883 1.79999995231628
1 1882 1.39999997615814
1 2106 2.20000004768372
1 2105 1.89999997615814
1 1614 1.54999995231628
1 1613 1.64999997615814
1 1728 2.34999990463257
1 1390 1.60000002384186
1 1453 1.5
1 1912 3.40000009536743
1 1532 2.02500009536743
1 1588 2.54999995231628
1 1534 1.54999995231628
1 1711 2.45000004768372
1 2030 2.79999995231628
1 1545 2.34999990463257
1 1813 2.59999990463257
1 1656 2.95000004768372
1 2485 2.44000005722046
1 2042 3.09999990463257
1  1.5
1 2171 2.45000004768372
1 1648 1.89999997615814
1 2289 2.3199999332428
1 1949 2.44000005722046
1 1638 2.29999995231628
1 1971 2.40000009536743
1 1680 3
1 1702 1.64999997615814
1 2251 2
1 1981 2.42000007629395
1 1701 1.60000002384186
1 1837 1.60000002384186
1 1838 1.79999995231628
1 1508 1.95000004768372
1 1647 1.95000004768372
1 2084 2.65000009536743
1 1942 1.96000003814697
1 2274 2.04999995231628
1 1737 2.29999995231628
1 1869 2.75
1 1468 2.07500004768372
1 1839 2.15000009536743
1 1576 2.29999995231628
1 1550 1.89999997615814
1 1721 2.04999995231628
1 1916 2.45000004768372
1 1972 1.45000004768372
1 2133 1.64999997615814
1 2132 1.95000004768372
1 1604 1.95000004768372
1 2261 2.72000002861023
1 1758 2.40000009536743
1 1536 2.40000009536743
1 1913 2.54999995231628
1 1968 2.5
1 1615 2.5
1 2373 2.55999994277954
1 1880 2.65000009536743
1 1652 2.25
1 1773 2.90000009536743
1 1755 2.34999990463257
1 1861 2.45000004768372
1 1574 1.89999997615814
1 1503 1.29999995231628
1 2155 1.70000004768372
1 1512 2.29999995231628
1 2298 2.34999990463257
1 1745 3.20000004768372
1 2156 1.62000000476837
1 1671 3.5
1 1596 2.59999990463257
1 1553 1.70000004768372
1 1789 2.70000004768372
1 1492 2
1 1597 2.5
1 1810 2.34999990463257
1 1513 2
1 1744 2.45000004768372
1 1626 2.70000004768372
1 1903 3.34999990463257
1 1767 2.5
1 1608 2.70000004768372
1 2165 1.79999995231628
1 2282 2.72000002861023
1 1724 2.34999990463257
1 2637 1.95000004768372
1 1584 2.15000009536743
1 1892 2.25
1 1688 1.85000002384186
1 1867 2.40000009536743
1 1846 2.29999995231628
1 1845 2.07500004768372
1 1722 2
1 1572 2.40000009536743
1 1841 2.79999995231628
1 1944 1.98000001907349
1 2378 3.01999998092651
1 1606 2.29999995231628
1 2234 3.59999990463257
1 2258 2.65000009536743
1 1622 2.20000004768372
1 1684 2.59999990463257
1 2190 1.60000002384186
1 1809 2.75
1 1577 2.15000009536743
1 1934 2.42000007629395
1 2189 1.79999995231628
1 1990 3.20000004768372
1 1710 2.70000004768372
1 2061 3.15000009536743
1 2211 2.63000011444092
1 1640 2.90000009536743
1 1862 1.79999995231628
1 1922 2.65000009536743
1 1664 1.70000004768372
1 1774 2.20000004768372
1 2121 1.70000004768372
1 1803 1.70000004768372
1 2122 1.75
1 1984 1.8400000333786
1 2198 1.89999997615814
1 2285 2.65000009536743
1 1725 2.45000004768372
1 2032 1.89999997615814
1 1819 2.29999995231628
1 1925 2.33999991416931
1 1631 2.25
1 2033 2.20000004768372
1 2020 2.09999990463257
1 2427 1.64999997615814
1 1941 2.1800000667572
1 2296 2.70000004768372
1 2721 1.87999999523163
1 2185 1.70000004768372
1 1642 1.95000004768372
1 2021 2.25
1 2498 1.60000002384186
1 1676 2.15000009536743
1 48 2.59999990463257
1 1682 1.75
1 1619 2
1 2815 1.6599999666214
1 2385 2.35999989509583
1 2011 3.55999994277954
1 1763 2.29999995231628
1 2095 2.79999995231628
1 2563 2.75
1 1909 3
1 2225 2.79999995231628
1 2814 1.91999995708466
1 1603 1.70000004768372
1 1951 2.90000009536743
1 1630 1.85000002384186
1 1694 2
1 2283 2.24000000953674
1 1874 2
1 1989 2.70000004768372
1 2201 1.70000004768372
1 2055 1.85000002384186
1 2054 1.70000004768372
1 1798 2.79999995231628
1 2200 1.77999997138977
1 2309 2.5
1 1620 1.75
1 1884 3.59999990463257
1 2119 2.84999990463257
1 2578 2.15000009536743
1 2364 2.09999990463257
1 2484 1.60000002384186
1 2008 1.96000003814697
1 1857 2.02500009536743
1 1674 1.70000004768372
1 1998 2.38000011444092
1 1714 2.20000004768372
1 2012 1.70000004768372
1 1570 2.15000009536743
1 1695 2.59999990463257
1 1863 3
1 2130 1.95000004768372
1 1992 2
1 1675 2.40000009536743
1 1889 2.45000004768372
1 2267 2.27999997138977
1 2129 1.95000004768372
1 2397 2.49000000953674
1 2109 2.25
1 2349 1.95000004768372
1 1908 1.70000004768372
1 2005 1.77999997138977
1 2195 2.1800000667572
1 2332 1.95000004768372
1 2547 2.90000009536743
1 2407 1.97000002861023
1 2756 2.8199999332428
1 2043 2.79999995231628
1 2096 2.75
1 2178 2.61999988555908
1 1985 2.5
1 1740 2.59999990463257
1 1589 2.20000004768372
1 2579 2.29999995231628
1 1806 1.95000004768372
1 1687 1.79999995231628
1 1923 2.09999990463257
1 2273 1.89999997615814
1 2016 2.15000009536743
1 2399 1.82000005245209
1 1705 2.34999990463257
1 2300 2
1 1930 2.51999998092651
1 2015 2.5
1 2148 2.15000009536743
1 1775 2.45000004768372
1 1673 1.85000002384186
1 1836 2.40000009536743
1 1657 1.89999997615814
1 1780 3
1 1667 1.89999997615814
1 1848 1.60000002384186
1 1772 1.39999997615814
1 1987 2.46000003814697
1 2354 2.70000004768372
1 1881 2.40000009536743
1 2243 1.54999995231628
1 2242 1.86000001430511
1 2519 1.51999998092651
1 1787 2.34999990463257
1 2520 1.50999999046326
1 1782 2.59999990463257
1 1864 2.45000004768372
1 1669 2.15000009536743
1 1953 1.82000005245209
1 2335 1.64999997615814
1 2022 2.84999990463257
1 1693 1.89999997615814
1 1643 1.75
1 2197 1.79999995231628
1 1896 2
1 2383 1.77999997138977
1 2232 2.40000009536743
1 1731 2.40000009536743
1 1844 2.15000009536743
1 1928 2.20000004768372
1 1689 1.79999995231628
1 2047 2.04999995231628
1 2167 1.64999997615814
1 2166 1.63999998569489
1 1812 1.75
1 2504 1.39999997615814
1 2344 1.4099999666214
1 2430 1.24000000953674
1 2046 2
1 2345 1.54999995231628
1 2429 1.37999999523163
1 1817 1.75
1 1690 1.25
1 2432 2.84999990463257
1 1792 2.79999995231628
1 1947 1.87999999523163
1 2209 2.75999999046326
1 1828 2.29999995231628
1 1703 2.09999990463257
1 1938 1.87999999523163
1 2301 2.15000009536743
1 1811 2.29999995231628
1 2149 2.54999995231628
1 2017 3
1 2083 2.84999990463257
1 1802 1.45000004768372
1 2607 2.09999990463257
1 2281 2.25
1 2413 2.23000001907349
1 2158 2.54999995231628
1 2720 2.79999995231628
1 1946 2.05999994277954
1 2521 2.91000008583069
1 2035 2.25
1 1966 2.11999988555908
1 2355 2.29999995231628
1 1900 2.40000009536743
1 2244 2.42000007629395
1 1963 1.87999999523163
1 2194 2.21000003814697
1 1877 2.54999995231628
1 2393 2.51999998092651
1 1823 2.45000004768372
1 1712 2.29999995231628
1 2151 2.5
1 1769 2.34999990463257
1 2227 2
1 2551 3.04999995231628
1 2311 2.70000004768372
1 2433 2.41000008583069
1 2126 1.60000002384186
1 1704 1.60000002384186
1 2127 2
1 2205 1.95000004768372
1 2098 2.59999990463257
1 2423 1.53999996185303
1 2438 2.02999997138977
1 2208 2.79999995231628
1 1825 1.79999995231628
1 2512 2.50999999046326
1 2316 1.69000005722046
1 1929 2.20000004768372
1 1732 1.70000004768372
1 2102 2.90000009536743
1 1779 1.89999997615814
1 2247 3.04999995231628
1 2090 3.15000009536743
1 1897 2.34999990463257
1 1720 2.20000004768372
1 1781 1.79999995231628
1 2082 2.15000009536743
1 1818 2
1 1716 2.25
1 1988 2.90000009536743
1 2164 1.60000002384186
1 1816 2.5
1 2029 3.25
1 2264 1.41999995708466
1 2001 3.34999990463257
1 2115 2.25
1 2116 2.15000009536743
1 2263 2.11999988555908
1 2386 2.86999988555908
1 1871 2.29999995231628
1 2538 2.36999988555908
1 1961 1.87999999523163
1 2295 2.40000009536743
1 2037 2.59999990463257
1 1856 1.95000004768372
1 2079 2.59999990463257
1 1958 1.95000004768372
1 1735 1.75
1 2236 2.04999995231628
1 1858 2.09999990463257
1 2074 2.09999990463257
1 2565 2.67000007629395
1 1778 1.75
1 2073 1.70000004768372
1 2180 2.04999995231628
1 2045 2.29999995231628
1 2312 1.70000004768372
1 1776 1.60000002384186
1 1943 1.74000000953674
1 1906 1.54999995231628
1 2517 2.24000000953674
1 2181 2.5
1 1888 2.40000009536743
1 2529 2.85999989509583
1 1665 1.39999997615814
1 1969 2.09999990463257
1 1734 1.89999997615814
1 2456 2
1 2748 2.1800000667572
1 2545 2.70000004768372
1 1957 2.79999995231628
1 2254 2.90000009536743
1 1851 2.5
1 2369 1.85000002384186
1 2564 2.34999990463257
1 2669 2.01999998092651
1 2467 2.54999995231628
1 1960 1.89999997615814
1 2368 1.75
1 2085 1.60000002384186
1 2388 1.85000002384186
1 2268 1.75
1 2560 2
1 2337 2.45000004768372
1 2473 1.60000002384186
1 2559 1.52999997138977
1 2072 2.20000004768372
1 2204 1.70000004768372
1 2203 1.25
1 1794 1.95000004768372
1 1865 1.54999995231628
1 2489 1.36000001430511
1 2396 2.75
1 2265 1.89999997615814
1 2128 3
1 2488 1.48000001907349
1 2002 1.72000002861023
1 2003 2.03999996185303
1 2266 1.5
1 2694 1.66999995708466
1 1905 2.5
1 2136 2.09999990463257
1 2269 1.72000002861023
1 2816 1.62999999523163
1 2010 2.38000011444092
1 2270 1.75
1 2487 2.24000000953674
1 2599 2.11999988555908
1 2137 2.15000009536743
1 2817 1.52999997138977
1 1983 2.6800000667572
1 2483 1.76999998092651
1 2793 1.53999996185303
1 2237 2.84999990463257
1 1764 2.04999995231628
1 2379 1.95000004768372
1 2380 1.87000000476837
1 2794 1.64999997615814
1 1829 2
1 1872 1.60000002384186
1 1795 2.45000004768372
1 1919 3.29999995231628
1 2395 2.97000002861023
1 2006 2.53999996185303
1 1918 2.54999995231628
1 2110 2.75
1 1790 2.29999995231628
1 2255 2.75
1 2333 2.40000009536743
1 2450 2.09999990463257
1 1932 1.98000001907349
1 2174 2.26999998092651
1 2135 3.90000009536743
1 1799 1.89999997615814
1 2813 2.73000001907349
1 1937 2.64000010490417
1 2672 1.88999998569489
1 1736 1.64999997615814
1 2183 1.75
1 1927 2.05999994277954
1 1870 2.65000009536743
1 2056 2.45000004768372
1 1926 1.98000001907349
1 2275 1.60000002384186
1 2154 2.09999990463257
1 1965 2.15000009536743
1 2276 2.74000000953674
1 1891 1.70000004768372
1 2196 2.29999995231628
1 2480 1.32000005245209
1 2764 1.75999999046326
1 2229 1.95000004768372
1 2765 2.04999995231628
1 1978 2.27999997138977
1 2695 2.5699999332428
1 2125 2.79999995231628
1 2372 2.83999991416931
1 1830 1.5
1 2177 1.41999995708466
1 1991 2.25
1 2024 2.5
1 1827 1.60000002384186
1 1962 2.09999990463257
1 2542 2.59999990463257
1 1831 1.89999997615814
1 2455 2.20000004768372
1 2175 2.5
1 2329 1.79999995231628
1 2026 2.79999995231628
1 2328 1.64999997615814
1 1939 1.91999995708466
1 2162 2.40000009536743
1 2076 2.65000009536743
1 1860 1.95000004768372
1 2346 2.79999995231628
1 2445 2.74000000953674
1 2075 2.84999990463257
1 1955 2.42000007629395
1 2723 2.92000007629395
1 2207 2.75
1 2657 1.32000005245209
1 2357 2.08999991416931
1 2570 2.75
1 2442 2.45000004768372
1 2092 2.79999995231628
1 1976 2.4300000667572
1 2163 2.29999995231628
1 2307 2.59999990463257
1 2618 1.98000001907349
1 2179 2.29999995231628
1 2036 2.15000009536743
1 2575 2.09999990463257
1 2440 1.89999997615814
1 1948 1.62000000476837
1 2325 2.38000011444092
1 1873 1.60000002384186
1 1904 2.15000009536743
1 1834 2.20000004768372
1 2210 2.88000011444092
1 2965 2.59999990463257
1 2027 2.75
1 2835 3.34999990463257
1 2449 2.92000007629395
1 2365 2.98000001907349
1 1970 2.20000004768372
1 1911 2.25
1 1879 1.375
1 2486 2.39000010490417
1 2690 1.79999995231628
1 2069 2.20000004768372
1 2773 1.88999998569489
1 2390 1.92999994754791
1 2214 2.17000007629395
1 2199 2.95000004768372
1 1982 2.14000010490417
1 2048 2.40000009536743
1 1876 1.95000004768372
1 2629 1.32000005245209
1 2025 2.79999995231628
1 2202 1.70000004768372
1 1940 1.58000004291534
1 2804 1.88999998569489
1 2453 1.57000005245209
1 1822 2.25
1 2805 2.03999996185303
1 2454 1.86000001430511
1 1866 1.54999995231628
1 2539 3.59999990463257
1 2160 2.59999990463257
1 2277 2.5
1 1924 1.64999997615814
1 2142 3.09999990463257
1 2086 2.65000009536743
1 2131 3.20000004768372
1 1964 1.87000000476837
1 2359 2.64000010490417
1 2260 2.95000004768372
1 2624 1.85000002384186
1 2187 1.95000004768372
1 1952 2.03999996185303
1 2272 2.5
1 2031 2.79999995231628
1 1840 1.70000004768372
1 2186 1.64999997615814
1 2398 2.22000002861023
1 2387 1.71000003814697
1 2240 1.64999997615814
1 1945 1.62000000476837
1 2241 1.60000002384186
1 2370 2.54999995231628
1 2249 1.8400000333786
1 2071 3
1 1979 1.89999997615814
1 2317 2.01999998092651
1 2170 1.85000002384186
1 2077 2.25
1 1977 1.60000002384186
1 2114 2.84999990463257
1 2213 2.36999988555908
1 1850 1.79999995231628
1 2040 1.60000002384186
1 2525 1.29999995231628
1 1956 1.72000002861023
1 2314 1.55999994277954
1 2524 1.70000004768372
1 1833 1.54999995231628
1 2313 1.35000002384186
1 2039 1.70000004768372
1 1975 2.6800000667572
1 2224 1.94000005722046
1 2223 1.77999997138977
1 2065 2.95000004768372
1 2248 2.33999991416931
1 2497 1.91999995708466
1 2321 2.45000004768372
1 2018 2.20000004768372
1 1993 1.88999998569489
1 2889 1.75
1 2664 1.98000001907349
1 1950 1.5
1 2327 1.98000001907349
1 1986 2.20000004768372
1 2477 2.63000011444092
1 2358 2.52999997138977
1 2581 2.85999989509583
1 1847 1.45000004768372
1 2535 3.09999990463257
1 2215 3.15000009536743
1 2007 3.09999990463257
1 2101 3.5
1 2367 3.20000004768372
1 2081 2.25
1 2080 2
1 2222 1.22000002861023
1 2221 2.14000010490417
1 2491 2.50500011444092
1 2161 1.54999995231628
1 2052 1.89999997615814
1 2302 2.32999992370605
1 2604 2.34999990463257
1 2053 1.85000002384186
1 1933 2
1 2050 2.25
1 2324 2.59999990463257
1 2049 1.95000004768372
1 1974 2.51999998092651
1 2250 2.75999999046326
1 1821 2
1 2287 2.84999990463257
1 2688 3.04999995231628
1 2000 2.35999989509583
1 2182 2.5
1 1959 1.95000004768372
1 2078 2.25
1 2352 2.75
1 2786 1.9099999666214
1 2051 1.89999997615814
1 2597 2.73000001907349
1 2474 2.50500011444092
1 2231 2
1 2188 2.33999991416931
1 2280 2.03999996185303
1 2431 1.62999999523163
1 2019 2.45000004768372
1 2447 2.27999997138977
1 2104 1.89999997615814
1 2305 2.5
1 1996 1.78999996185303
1 2553 1.89999997615814
1 2552 1.95000004768372
1 2318 2.54999995231628
1 2206 2.71000003814697
1 2422 2.64000010490417
1 2320 2.25
1 2677 2.72000002861023
1 2946 2.95000004768372
1 2468 3.20000004768372
1 2566 2.98000001907349
1 2737 2.95000004768372
1 2062 2.34999990463257
1 1980 2.24000000953674
1 2592 2.73000001907349
1 2807 2.47000002861023
1 2087 2.25
1 2923 2.29999995231628
1 2284 2.34999990463257
1 2747 1.13999998569489
1 2746 1.22000002861023
1 2059 1.89999997615814
1 2058 1.60000002384186
1 2220 1.62000000476837
1 2646 1.38999998569489
1 2219 1.25
1 2176 2.17000007629395
1 2004 1.47000002861023
1 2140 2.70000004768372
1 2360 2.5
1 2259 2.60999989509583
1 2113 2.97499990463257
1 2555 1.89999997615814
1 2655 1.53999996185303
1 2023 2.75
1 2218 1.95000004768372
1 2421 1.80999994277954
1 2217 1.85000002384186
1 2556 2.15000009536743
1 2420 1.80999994277954
1 2290 2.27999997138977
1 2656 1.37999999523163
1 2233 2.85999989509583
1 2920 1.49000000953674
1 2663 2.61999988555908
1 2472 3.25
1 2392 3.04999995231628
1 2919 1.89999997615814
1 2124 3.04999995231628
1 2070 2.79999995231628
1 2212 1.99000000953674
1 2343 1.64999997615814
1 2460 2.32999992370605
1 2589 2
1 2143 2.70000004768372
1 2531 1.72000002861023
1 2412 2.75
1 2064 2.95000004768372
1 2530 2.15000009536743
1 2294 2.69000005722046
1 2469 2.25
1 2930 2.65000009536743
1 2580 2.80999994277954
1 2034 1.85000002384186
1 2667 2.27999997138977
1 2426 3.09999990463257
1 2322 2.15000009536743
1 2066 2.54999995231628
1 2145 2.20000004768372
1 2323 1.79999995231628
1 2297 2.05999994277954
1 2833 1.87999999523163
1 2641 2.48000001907349
1 2906 1.39999997615814
1 2537 2.40000009536743
1 2739 2.25
1 2418 2
1 2169 1.64999997615814
1 2837 3.29999995231628
1 2088 2.29999995231628
1 2932 1.77999997138977
1 2381 2.70000004768372
1 2271 2.04999995231628
1 2152 1.75
1 2089 2.09999990463257
1 2041 2.45000004768372
1 2719 3
1 2471 2.25999999046326
1 2134 2.84999990463257
1 2384 2
1 2791 2.50999999046326
1 2792 1.67999994754791
1 2252 1.62000000476837
1 2253 1.5
1 2671 1.32000005245209
1 2951 1.89999997615814
1 2184 2.40000009536743
1 2567 2.40000009536743
1 2068 2.40000009536743
1 2952 2.29999995231628
1 2654 2.57999992370605
1 2441 3.25
1 2568 2.5
1 2342 1.85000002384186
1 2341 1.89999997615814
1 2463 3.15000009536743
1 2348 2.52999997138977
1 2014 1.60000002384186
1 2286 2
1 2501 2.29999995231628
1 2602 2.20000004768372
1 2408 2.23000001907349
1 2157 1.72000002861023
1 2613 1.48000001907349
1 2299 2.42000007629395
1 2414 2.03999996185303
1 2541 2.96000003814697
1 2711 1.52999997138977
1 2712 1.66999995708466
1 2150 1.70000004768372
1 2303 2.22000002861023
1 2437 2.35999989509583
1 2304 2.14000010490417
1 2582 3.5
1 2193 1.70000004768372
1 2146 1.95000004768372
1 2310 2.70000004768372
1 2411 2.65000009536743
1 2507 2.15000009536743
1 2506 1.9099999666214
1 2067 2.34999990463257
1 2228 1.33000004291534
1 2573 2.91000008583069
1 2339 2.5
1 2910 2.84999990463257
1 2615 1.67999994754791
1 2118 1.70000004768372
1 2614 1.54999995231628
1 2278 2
1 2405 2.20000004768372
1 2619 2.27999997138977
1 2465 3.09999990463257
1 2191 2.22000002861023
1 2038 1.75
1 2702 2.54999995231628
1 2601 1.87999999523163
1 2828 1.96000003814697
1 2279 1.75
1 2871 2.23000001907349
1 2404 2.25
1 2306 2.29999995231628
1 2060 1.85000002384186
1 2172 1.83000004291534
1 2631 1.60000002384186
1 2728 2.09999990463257
1 2288 1.89999997615814
1 2513 2.79999995231628
1 2729 1.85000002384186
1 2500 1.37000000476837
1 2400 1.79999995231628
1 2338 2.20000004768372
1 2743 2.6800000667572
1 2536 2.11999988555908
1 2377 2.11999988555908
1 2117 1.60000002384186
1 2245 1.82000005245209
1 2410 2.48000001907349
1 2620 1.95000004768372
1 2239 2.88000011444092
1 2470 2.32999992370605
1 2797 2.97000002861023
1 2138 1.60000002384186
1 2353 2.40000009536743
1 2960 2.15000009536743
1 2057 1.64999997615814
1 2632 2.14000010490417
1 2451 2.27999997138977
1 2533 2.75999999046326
1 2725 2.59999990463257
1 2230 2.17000007629395
1 2013 1.45000004768372
1 2635 2.3199999332428
1 2864 2.59999990463257
1 2308 1.5
1 2550 2.51999998092651
1 2639 1.77999997138977
1 2824 2.05999994277954
1 2435 1.60000002384186
1 2428 1.91999995708466
1 2670 1.86000001430511
1 2554 2.74000000953674
1 2938 2.16000008583069
1 2753 2.57999992370605
1 2315 1.70000004768372
1 2611 2.42000007629395
1 2409 2.1800000667572
1 2351 2.44000005722046
1 2168 1.75999999046326
1 2505 2.57999992370605
1 2859 1.79999995231628
1 2858 1.78999996185303
1 2610 1.85000002384186
1 2330 1.79999995231628
1 2216 1.47000002861023
1 2528 2.33999991416931
1 2093 1.95000004768372
1 2091 1.89999997615814
1 2779 3.45000004768372
1 2394 2.65000009536743
1 2103 1.85000002384186
1 2235 1.39999997615814
1 2141 1.79999995231628
1 2401 2.40000009536743
1 2650 1.98000001907349
1 2940 2.54999995231628
1 2262 2.20000004768372
1 2452 3
1 2331 1.95000004768372
1 2446 1.66999995708466
1 2549 2.23000001907349
1 2159 1.45000004768372
1 2144 1.95000004768372
1 2336 1.64999997615814
1 2153 1.45000004768372
1 2502 2.21000003814697
1 2704 2.57999992370605
1 2915 1.32000005245209
1 2785 2.54999995231628
1 2350 1.96000003814697
1 2914 1.47000002861023
1 2658 2.3199999332428
1 2826 1.75999999046326
1 2139 1.60000002384186
1 2123 1.75
1 2651 1.48000001907349
1 2775 1.89999997615814
1 2356 1.5
1 2173 1.64999997615814
1 2823 1.51999998092651
1 2419 2
1 2495 2.6800000667572
1 2609 1.89999997615814
1 2291 2.29999995231628
1 2417 2.25999999046326
1 2499 2.11999988555908
1 2681 1.12000000476837
1 2585 2.28999996185303
1 2475 1.75
1 2374 1.54999995231628
1 2675 2.27999997138977
1 2366 1.95000004768372
1 2598 2.34999990463257
1 2515 1.92999994754791
1 2674 1.74000000953674
1 2796 2.03999996185303
1 2673 1.17999994754791
1 2516 1.86000001430511
1 2922 1.85000002384186
1 2795 1.91999995708466
1 2361 3.29999995231628
1 2257 1.5
1 2375 1.97000002861023
1 2371 1.76999998092651
1 2678 2.74000000953674
1 2577 2.6800000667572
1 2707 2.5
1 2850 2.40000009536743
1 2363 2.00999999046326
1 2744 2.57999992370605
1 2459 2.5
1 2572 2.72000002861023
1 2782 1.67999994754791
1 2391 2.25
1 2680 2.05999994277954
1 2458 1.39999997615814
1 2904 1.66999995708466
1 2766 1.92999994754791
1 2569 1.91999995708466
1 2652 1.49000000953674
1 2362 1.58000004291534
1 2561 2.25
1 2571 3
1 2686 2.5699999332428
1 2479 2.77999997138977
1 2587 2.90000009536743
1 2732 2.65000009536743
1 2643 1.94000005722046
1 2687 2.64000010490417
1 2811 2.90000009536743
1 2476 1.89999997615814
1 2389 1.89999997615814
1 2942 3.40000009536743
1 2376 1.48000001907349
1 2493 2.09999990463257
1 2913 2.38000011444092
1 2757 2.46000003814697
1 2689 2.4300000667572
1 2464 2.04999995231628
1 2736 2.60999989509583
1 2576 2.20000004768372
1 2961 1.89999997615814
1 2628 2.74000000953674
1 2540 2.79999995231628
1 2416 2.01999998092651
1 2608 2
1 2319 1.75
1 2851 1.89999997615814
1 2403 1.95000004768372
1 2496 2.29999995231628
1 2717 1.48000001907349
1 2436 2.6800000667572
1 2543 2.09999990463257
1 2718 1.60000002384186
1 2636 2.53999996185303
1 2544 2.04999995231628
1 2334 1.8400000333786
1 2439 1.77999997138977
1 2616 2
1 2873 2.25
1 2854 2.5
1 2822 2.48000001907349
1 2606 1.89999997615814
1 2425 2.15000009536743
1 2514 2.45000004768372
1 2697 2.40000009536743
1 2340 1.95000004768372
1 2457 2.46000003814697
1 2789 3.34999990463257
1 2852 2.29999995231628
1 2532 2.90000009536743
1 2406 2.25
1 2706 2.38000011444092
1 2705 1.8400000333786
1 2623 2.25999999046326
1 2293 1.89999997615814
1 2661 2.1800000667572
1 2780 2.54999995231628
1 2534 2.35999989509583
1 2466 2.5
1 2898 2.29999995231628
1 2865 2.64000010490417
1 2546 2.54999995231628
1 2625 2.55999994277954
1 2382 1.85000002384186
1 2769 2.92000007629395
1 2788 2.51999998092651
1 2444 2.13000011444092
1 2659 1.75999999046326
1 2591 2.75
1 2347 2
1 2799 2.61999988555908
1 2626 1.95000004768372
1 2703 2.42000007629395
1 2666 2.20000004768372
1 2895 2.20000004768372
1 2523 2.42000007629395
1 2627 1.97000002861023
1 2777 2.46000003814697
1 2905 2.72000002861023
1 2326 1.64999997615814
1 2415 2.17000007629395
1 2590 2.29999995231628
1 2964 1.95000004768372
1 2755 2.09999990463257
1 2492 2.50999999046326
1 2402 1.95000004768372
1 2698 2.21000003814697
1 2562 2.70000004768372
1 2724 2.54999995231628
1 2887 1.75
1 2886 2.03999996185303
1 2617 2.33999991416931
1 2595 2.08999991416931
1 2481 0.879999995231628
1 2943 2.59999990463257
1 2605 2.25
1 2709 2.91000008583069
1 2518 2.32999992370605
1 2462 1.62000000476837
1 2692 2.41000008583069
1 2836 3.79999995231628
1 2776 2.6800000667572
1 2902 2.33999991416931
1 2593 3
1 2443 1.70000004768372
1 2510 2.33999991416931
1 2931 2.25999999046326
1 2790 2.27999997138977
1 2693 1.79999995231628
1 2586 1.98000001907349
1 2508 2.34999990463257
1 2763 1.94000005722046
1 2683 1.74000000953674
1 2762 2.61999988555908
1 2682 2.08999991416931
1 2924 1.74000000953674
1 2925 1.88999998569489
1 2448 2.09999990463257
1 2806 3
1 2653 2.53999996185303
1 2953 2.85999989509583
1 2862 2.90000009536743
1 2548 2.72000002861023
1 2434 2.22000002861023
1 2745 3.40000009536743
1 2958 2.8199999332428
1 2699 2.21000003814697
1 2825 2.70000004768372
1 2621 1.58000004291534
1 2916 2.91000008583069
1 2526 2.66000008583069
1 2665 2.04999995231628
1 2784 2.82999992370605
1 2509 1.87999999523163
1 2660 1.94000005722046
1 2490 1.08000004291534
1 2594 3.04999995231628
1 2574 1.70000004768372
1 2802 2.51999998092651
1 2911 2.0699999332428
1 2685 1.61000001430511
1 2482 1.45000004768372
1 2921 2.44000005722046
1 2461 1.57000005245209
1 2761 2.09999990463257
1 2760 2.08999991416931
1 2494 2.25
1 2742 3.34999990463257
1 2603 2
1 2754 2.70000004768372
1 2612 2.5
1 2522 1.72000002861023
1 2588 2.16000008583069
1 2478 1.9099999666214
1 2812 2.80999994277954
1 2941 1.79999995231628
1 2630 1.39999997615814
1 2503 1.74000000953674
1 2954 2
1 2778 2.6800000667572
1 2584 2.34999990463257
1 2557 1.85000002384186
1 2832 2.69000005722046
1 2839 1.61000001430511
1 2642 1.94000005722046
1 2838 1.70000004768372
1 2781 2.77999997138977
1 2691 2.02999997138977
1 2962 2.65000009536743
1 2800 3.20000004768372
1 2648 1.74000000953674
1 2926 2.67000007629395
1 2622 1.62000000476837
1 2896 2.8199999332428
1 2738 2.54999995231628
1 2741 2.77999997138977
1 2634 2.22000002861023
1 2731 2.77999997138977
1 2558 1.62000000476837
1 2834 1.83000004291534
1 2955 2.1800000667572
1 2647 1.63999998569489
1 2783 2.38000011444092
1 2929 1.63999998569489
1 2735 1.76999998092651
1 2679 1.60000002384186
1 2633 1.58000004291534
1 2831 3.09999990463257
1 2583 2.30999994277954
1 2876 2.59999990463257
1 2830 2.9300000667572
1 2752 2.90000009536743
1 2944 2.59999990463257
1 2511 2.07999992370605
1 2730 2.6800000667572
1 2676 2.69000005722046
1 2948 2.40000009536743
1 2894 2.54999995231628
1 2684 2.0699999332428
1 2767 2.59999990463257
1 2751 2.41000008583069
1 2644 1.74000000953674
1 2928 2.50999999046326
1 2808 2.55999994277954
1 2947 3.04999995231628
1 2809 2.33999991416931
1 2715 2.66000008583069
1 2649 2.36999988555908
1 2527 2.09999990463257
1 2875 2.88000011444092
1 2829 3.45000004768372
1 2638 1.94000005722046
1 2787 2.72000002861023
1 2640 1.5
1 2770 2.39000010490417
1 2856 1.89999997615814
1 2645 1.62999999523163
1 2716 2.27999997138977
1 2596 2.01999998092651
1 2722 2
1 2903 2.52999997138977
1 2758 2.1800000667572
1 2881 2.61999988555908
1 2827 3.20000004768372
1 2840 2.3199999332428
1 2733 2.22000002861023
1 2899 2.42000007629395
1 2907 2.83999991416931
1 2749 2.99000000953674
1 2750 2.20000004768372
1 2866 3
1 2727 2.52999997138977
1 2867 2.59999990463257
1 2734 2.4300000667572
1 2662 1.64999997615814
1 2849 2.40000009536743
1 2821 2.45000004768372
1 2701 2.5
1 2772 1.46000003814697
1 2771 1.48000001907349
1 2917 2.63000011444092
1 2810 2.33999991416931
1 2844 2.25999999046326
1 2708 2.58999991416931
1 2801 2.32999992370605
1 2888 2.07999992370605
1 2957 1.75
1 2774 2.34999990463257
1 2956 2
1 2740 2.42000007629395
1 2949 2.45000004768372
1 2846 2.59999990463257
1 2668 1.79999995231628
1 2710 2.40000009536743
1 2855 2.59999990463257
1 2843 2.05999994277954
1 2696 1.64999997615814
1 2700 1.98000001907349
1 2868 2.70000004768372
1 2713 2.25
1 2897 3.09999990463257
1 2891 2.64000010490417
1 2714 1.85000002384186
1 2842 2.49000000953674
1 2798 1.70000004768372
1 2879 1.88999998569489
1 2845 2.29999995231628
1 2726 2.15000009536743
1 2853 1.60000002384186
1 2857 2.63000011444092
1 2901 2.20000004768372
1 2872 2.5
1 2893 2.15000009536743
1 2841 2.09999990463257
1 2768 1.32000005245209
1 2818 1.74000000953674
1 2863 2.29999995231628
1 2971 2.45000004768372
1 2908 2
1 2918 2.66000008583069
1 2848 1.79999995231628
1 2803 1.36000001430511
1 2885 1.63999998569489
1 2860 2.63000011444092
1 2892 2.09999990463257
1 2882 2.72000002861023
1 2939 2.45000004768372
1 2820 1.57000005245209
1 2937 2.29999995231628
1 2950 1.95000004768372
1 2890 2.07999992370605
1 2934 2.29999995231628
1 2759 1.20000004768372
1 2945 2.29999995231628
1 2861 2.54999995231628
1 2884 1.91999995708466
1 2880 1.63999998569489
1 2968 2.50999999046326
1 2883 2.50999999046326
1 2819 1.6599999666214
1 2933 2.00999999046326
1 2869 1.5900000333786
1 2900 1.45000004768372
1 2927 2.33999991416931
1 2847 1.80999994277954
1 2874 1.70000004768372
1 2972 1.94000005722046
1 2870 1.96000003814697
1 2909 1.54999995231628
1 2912 1.82000005245209
1  2.59999990463257
1 2959 2.59999990463257
1 2967 1.85000002384186
1 2973 1.71000003814697
1 2935 2.15000009536743
1 2969 1.75
1 2963 2.21000003814697
1 2936 2.05999994277954
1 2877 1.39999997615814
1 2878 2.29999995231628
1 2966 1.60000002384186
1 2970 1.58000004291534
