1 67 211 10 100 106 2
1 86 457 10 100 112 2
1 252 414 13 169 104 2
1 66 509 7 49 111 2
1 71 211 8 64 114 2
1 70 211 8 64 114 2
1 59 509 6 36 111 2
1 155 290 10 100 107 2
1 122 211 10 100 115 3
1 275 321 13 169 106 2
1 131 290 10 100 100 3
1 132 290 10 100 100 3
1 54 457 9 81 104 2
1 208 414 12 144 105 2
1 276 321 13 169 106 2
1 415 443 13 169 108 2
1 198 290 10 100 119 2
1 63 509 5 25 114 3
1 65 509 5 25 118 2
1 76 211 6 36 118 2
1 137 290 10 100 102 2
1 40 211 9 81 108 3
1 81 457 8 64 105 2
1 84 457 7 49 108 2
1 69 211 5 25 110 3
1 156 290 8 64 104 7
1 157 290 8 64 104 7
1 226 414 9 81 112 2
1 82 457 6 36 105 2
1 96 211 7 49 98 2
1 162 290 8 64 99 10
1 112 211 7 49 121 3
1 312 321 9 81 111 2
1 224 414 8 64 112 2
1 423 443 10 100 109 2
1 62 509 2 4 113 3
1 93 457 6 36 114 3
1 289 321 9 81 107 3
1 80 457 5 25 102 2
1 172 290 7 49 109 4
1 38 414 8 64 108 2
1 214 414 8 64 108 2
1 72 211 4 16 114 2
1 61 509 2 4 110 3
1 41 457 6 36 114 3
1 192 290 8 64 116 4
1 351 321 10 100 115 4
1 91 457 6 36 111 2
1 350 321 10 100 115 4
1 459 443 11 121 121 2
1 42 414 9 81 109 3
1 60 509 3 9 110 2
1 92 457 6 36 109 2
1 75 211 4 16 117 2
1 74 211 4 16 117 2
1 246 414 9 81 112 2
1 153 290 7 49 107 2
1 89 457 6 36 125 2
1 152 290 7 49 107 2
1 168 290 7 49 110 2
1 169 290 7 49 110 2
1 140 290 7 49 104 2
1 210 414 8 64 107 2
1 78 331 5 25 111 2
1 260 321 9 81 104 2
1 146 290 7 49 104 2
1 94 457 5 25 99 2
1 55 211 6 36 105 2
1 127 290 7 49 97 2
1 272 321 10 100 106 2
1 273 321 10 100 106 2
1 251 414 8 64 110 3
1 87 457 5 25 112 3
1 209 414 8 64 110 2
1 329 321 9 81 112 3
1 330 321 9 81 112 3
1 464 443 10 100 111 2
1 68 211 2 4 109 2
1 103 211 5 25 111 2
1 35 414 7 49 114 2
1 445 443 9 81 114 2
1 90 457 4 16 113 2
1 265 321 8 64 105 2
1 79 457 4 16 99 2
1 266 321 8 64 105 2
1 238 414 8 64 123 2
1 239 414 8 64 123 2
1 194 290 7 49 116 3
1 405 443 9 81 107 2
1 227 414 7 49 112 2
1 606 357 11 121 118 2
1 173 290 6 36 110 3
1 64 509 1 1 112 2
1 369 443 9 81 101 2
1 217 414 7 49 108 3
1 298 321 8 64 108 4
1 51 457 4 16 107 2
1 213 414 7 49 108 2
1 303 321 8 64 109 3
1 402 443 9 81 107 2
1 46 290 6 36 107 2
1 43 457 4 16 105 2
1 334 321 9 81 110 5
1 47 211 6 36 114 4
1 175 290 7 49 110 4
1 85 457 5 25 111 2
1 335 321 9 81 110 5
1 178 290 6 36 112 2
1 364 443 9 81 98 3
1 129 290 6 36 101 2
1 419 443 8 64 108 2
1 287 321 7 49 107 3
1 286 321 7 49 107 3
1 218 414 6 36 109 2
1 88 457 4 16 115 10
1 233 414 7 49 114 3
1 344 321 8 64 115 2
1 110 211 5 25 121 2
1 345 321 8 64 115 2
1 109 211 5 25 121 2
1 73 211 1 1 115 2
1 77 211 1 1 121 2
1 97 211 3 9 103 2
1 519 435 9 81 118 2
1 432 443 8 64 110 2
1 111 211 4 16 121 3
1 188 290 5 25 114 3
1 353 321 7 49 117 2
1 431 443 8 64 110 2
1 700 575 11 121 112 3
1 449 443 8 64 115 2
1 179 290 4 16 112 3
1 248 414 5 25 113 2
1 326 321 6 36 111 4
1 327 321 6 36 111 4
1 284 321 6 36 108 2
1 52 457 2 4 102 2
1 223 414 5 25 111 2
1 101 211 3 9 111 2
1 316 321 7 49 111 3
1 315 321 7 49 111 3
1 230 414 6 36 113 2
1 740 575 11 121 125 4
1 429 443 8 64 111 2
1 189 290 5 25 114 3
1 215 414 5 25 108 2
1 159 290 4 16 108 2
1 505 435 9 81 115 2
1 244 414 5 25 108 2
1 288 321 6 36 107 3
1 546 357 10 100 109 2
1 393 443 7 49 106 2
1 506 435 9 81 115 2
1 158 290 4 16 108 2
1 508 435 9 81 115 2
1 328 321 7 49 112 3
1 154 290 4 16 107 2
1 426 443 8 64 109 2
1 225 414 6 36 112 2
1 724 575 11 121 116 2
1 336 321 7 49 112 4
1 278 321 5 25 106 2
1 374 443 6 36 103 2
1 206 414 4 16 103 3
1 277 321 5 25 106 2
1 647 575 10 100 108 2
1 485 435 8 64 112 2
1 56 290 3 9 106 2
1 646 575 10 100 108 2
1 100 211 3 9 108 2
1 400 443 6 36 106 2
1 317 321 6 36 110 4
1 401 443 6 36 106 2
1 170 290 3 9 111 2
1 171 290 3 9 111 2
1 118 211 3 9 116 5
1 452 443 7 49 116 2
1 31 414 4 16 114 3
1 321 321 5 25 112 2
1 181 290 3 9 114 3
1 322 321 5 25 112 2
1 180 290 3 9 114 3
1 414 443 6 36 108 2
1 234 414 4 16 116 2
1 428 443 6 36 110 2
1 291 321 5 25 107 3
1 229 414 4 16 113 2
1 142 290 3 9 103 3
1 290 321 5 25 107 3
1 373 443 6 36 102 2
1 141 290 3 9 103 3
1 95 457 2 4 113 2
1 185 290 4 16 114 3
1 591 357 9 81 116 2
1 355 321 6 36 118 2
1 454 443 7 49 117 2
1 49 211 3 9 117 2
1 125 290 3 9 93 2
1 460 443 7 49 123 2
1 517 435 8 64 117 2
1 853 542 11 121 125 3
1 199 290 4 16 211 4
1 435 443 6 36 110 3
1 619 357 9 81 118 7
1 176 290 4 16 113 2
1 107 211 3 9 119 2
1 242 414 5 25 129 3
1 731 575 10 100 122 3
1 518 435 8 64 118 2
1 250 414 5 25 129 3
1 119 211 3 9 119 2
1 177 290 4 16 113 2
1 347 321 6 36 115 2
1 434 443 6 36 110 3
1 348 321 6 36 115 2
1 739 575 10 100 121 6
1 341 321 5 25 114 3
1 186 290 3 9 114 2
1 228 414 4 16 113 2
1 124 211 3 9 121 2
1 839 542 11 121 115 5
1 453 443 6 36 114 4
1 332 321 5 25 112 3
1 440 443 6 36 112 3
1 439 443 6 36 112 3
1 333 321 5 25 112 3
1 207 414 4 16 105 2
1 448 443 6 36 114 3
1 222 414 4 16 111 2
1 123 211 2 4 126 2
1 447 443 6 36 114 3
1 161 290 3 9 109 2
1 446 443 6 36 111 2
1 160 290 3 9 109 2
1 301 321 5 25 106 6
1 221 414 4 16 111 2
1 83 457 1 1 106 2
1 595 357 9 81 117 2
1 280 321 5 25 107 2
1 442 443 7 49 113 2
1 231 414 5 25 114 3
1 521 435 8 64 118 2
1 145 290 4 16 105 2
1 299 321 6 36 109 3
1 300 321 6 36 109 3
1 406 443 7 49 107 2
1 144 290 4 16 105 2
1 102 211 2 4 111 2
1 626 575 8 64 96 2
1 187 290 3 9 115 2
1 418 443 5 25 109 2
1 138 290 2 4 102 2
1 539 357 7 49 106 2
1 477 435 6 36 109 2
1 98 211 1 1 103 2
1 375 443 5 25 103 2
1 279 321 4 16 106 2
1 249 414 3 9 106 2
1 749 542 9 81 97 2
1 8 591 10 100 125 4
1 116 211 2 4 135 2
1 828 542 10 100 115 2
1 602 357 8 64 114 5
1 325 321 5 25 111 3
1 430 443 6 36 110 2
1 324 321 5 25 111 3
1 106 211 2 4 117 2
1 522 435 7 49 118 2
1 243 414 4 16 113 3
1 245 414 4 16 113 3
1 723 575 9 81 116 2
1 783 542 10 100 109 2
1 722 575 9 81 116 2
1 436 443 6 36 111 3
1 600 357 8 64 117 2
1 437 443 6 36 111 3
1 191 290 3 9 114 4
1 523 435 7 49 118 2
1 524 435 7 49 118 2
1 782 542 10 100 109 2
1 200 290 3 9 114 4
1 601 357 8 64 117 2
1 216 414 4 16 109 2
1 686 575 9 81 111 3
1 510 435 7 49 115 2
1 121 211 2 4 115 2
1 331 321 5 25 112 3
1 165 290 3 9 109 3
1 420 443 6 36 109 2
1 360 321 5 25 112 4
1 236 414 4 16 114 5
1 99 211 2 4 106 2
1 726 575 9 81 113 5
1 775 542 10 100 108 2
1 115 211 1 1 129 5
1 117 211 0 0 101 2
1 44 290 2 4 112 2
1 134 290 1 1 101 2
1 564 357 7 49 112 2
1 758 542 9 81 106 2
1 267 321 3 9 105 2
1 135 290 1 1 101 2
1 136 290 1 1 101 2
1 204 414 2 4 102 3
1 472 435 5 25 105 3
1 450 443 5 25 115 2
1 759 542 9 81 106 2
1 473 435 5 25 105 3
1 184 290 1 1 106 9
1 4 435 5 25 107 2
1 761 542 8 64 106 2
1 655 575 7 49 106 4
1 575 357 7 49 111 4
1 133 290 1 1 100 2
1 574 357 7 49 111 4
1 274 321 3 9 106 2
1 394 443 4 16 106 2
1 502 435 6 36 115 2
1 212 414 3 9 106 10
1 262 321 4 16 105 2
1 263 321 4 16 105 2
1 247 414 3 9 106 3
1 384 443 4 16 104 2
1 130 290 1 1 103 2
1 104 211 1 1 115 2
1 688 575 8 64 112 2
1 313 321 4 16 111 2
1 566 357 7 49 112 2
1 389 443 4 16 105 2
1 807 542 9 81 113 2
1 478 435 6 36 110 2
1 232 414 3 9 115 2
1 164 290 1 1 109 3
1 412 443 4 16 107 3
1 318 321 3 9 112 2
1 240 414 3 9 124 4
1 9 575 8 64 115 2
1 586 357 7 49 113 4
1 113 211 1 1 127 2
1 235 414 3 9 112 7
1 679 575 8 64 111 2
1 308 321 4 16 110 3
1 391 443 4 16 106 2
1 530 435 6 36 119 2
1 114 211 1 1 129 3
1 150 290 1 1 106 2
1 271 321 4 16 106 2
1 592 357 7 49 114 4
1 481 435 6 36 111 2
1 388 443 4 16 105 2
1 201 414 2 4 97 3
1 108 211 1 1 120 2
1 190 290 1 1 113 5
1 12 443 4 16 94 4
1 3 435 6 36 99 2
1 257 321 4 16 100 2
1 128 290 1 1 98 2
1 625 575 7 49 91 2
1 538 357 7 49 98 2
1 105 211 1 1 115 2
1 237 414 3 9 112 2
1 167 290 2 4 109 2
1 323 321 4 16 110 4
1 398 443 5 25 106 2
1 497 435 6 36 114 2
1 712 575 8 64 114 2
1 269 321 4 16 103 4
1 573 357 7 49 113 2
1 482 435 6 36 111 2
1 572 357 7 49 113 2
1 693 575 8 64 113 2
1 149 290 2 4 104 4
1 692 575 8 64 113 2
1 120 211 1 1 124 2
1 842 542 9 81 119 6
1 843 542 9 81 119 6
1 306 321 3 9 110 3
1 174 290 1 1 110 3
1 615 357 7 49 121 3
1 307 321 3 9 110 3
1 451 443 4 16 115 2
1 2 542 8 64 110 9
1 484 435 5 25 110 4
1 197 290 1 1 117 3
1 694 575 6 36 112 3
1 917 591 9 81 120 9
1 1003 325 9 81 115 3
1 918 591 9 81 120 9
1 690 575 6 36 111 3
1 292 321 2 4 107 3
1 409 443 3 9 107 2
1 512 435 4 16 116 2
1 552 357 6 36 109 3
1 126 290 0 0 96 2
1 867 591 9 81 106 5
1 470 435 5 25 104 2
1 1016 651 12 144 102 5
1 767 542 8 64 107 2
1 624 575 6 36 98 2
1 368 443 3 9 101 2
1 342 321 3 9 114 3
1 304 321 3 9 110 2
1 183 290 1 1 115 2
1 640 575 6 36 106 2
1 211 414 1 1 106 3
1 547 357 5 25 109 2
1 385 443 3 9 105 2
1 261 321 2 4 104 2
1 773 542 7 49 108 2
1 489 435 5 25 113 2
1 283 321 2 4 106 4
1 869 591 8 64 110 2
1 282 321 2 4 106 4
1 799 542 8 64 112 2
1 929 325 9 81 102 2
1 638 575 6 36 106 2
1 800 542 8 64 112 2
1 558 357 5 25 111 2
1 930 325 9 81 102 2
1 195 290 1 1 118 2
1 637 575 6 36 106 2
1 557 357 5 25 111 2
1 493 435 5 25 114 2
1 403 443 3 9 106 2
1 205 414 1 1 103 3
1 494 435 5 25 114 2
1 166 290 0 0 109 3
1 561 357 5 25 111 2
1 792 542 7 49 110 2
1 163 290 0 0 103 8
1 461 443 4 16 123 2
1 697 575 7 49 113 2
1 151 290 0 0 107 2
1 339 321 2 4 112 4
1 834 542 8 64 115 4
1 147 290 0 0 106 2
1 520 435 4 16 118 2
1 840 542 7 49 117 3
1 354 321 2 4 118 2
1 241 414 2 4 127 2
1 720 575 6 36 115 2
1 462 443 3 9 113 2
1 193 290 1 1 224 4
1 196 290 0 0 117 2
1 202 414 1 1 101 2
1 968 325 9 81 108 2
1 823 542 8 64 115 2
1 417 443 3 9 108 2
1 467 435 4 16 100 2
1 294 321 2 4 107 3
1 416 443 3 9 108 2
1 824 542 8 64 115 2
1 293 321 2 4 107 3
1 969 325 9 81 108 2
1 868 591 8 64 110 2
1 649 575 6 36 108 2
1 650 575 6 36 108 2
1 456 443 4 16 116 3
1 455 443 4 16 116 3
1 50 321 3 9 112 4
1 466 435 4 16 97 2
1 380 443 3 9 103 2
1 148 290 0 0 106 2
1 797 542 7 49 111 2
1 422 443 3 9 109 2
1 526 435 5 25 118 2
1 297 321 2 4 108 4
1 358 321 2 4 105 2
1 281 321 2 4 108 2
1 763 542 7 49 106 3
1 764 542 7 49 106 3
1 378 443 3 9 103 2
1 709 575 7 49 114 2
1 507 435 5 25 115 2
1 319 321 2 4 110 4
1 399 443 3 9 105 3
1 253 414 1 1 91 2
1 352 321 3 9 117 2
1 370 443 3 9 102 2
1 733 575 7 49 120 2
1 734 575 7 49 120 2
1 411 443 3 9 107 2
1 496 435 4 16 114 2
1 340 321 2 4 112 4
1 258 321 2 4 102 4
1 469 435 4 16 101 3
1 365 443 3 9 98 3
1 143 290 0 0 105 2
1 490 435 5 25 113 2
1 719 575 7 49 115 2
1 832 542 8 64 116 2
1 386 443 3 9 105 2
1 545 357 5 25 109 2
1 383 443 3 9 104 2
1 643 575 7 49 107 2
1 821 542 8 64 113 3
1 139 290 0 0 103 2
1 219 414 1 1 109 2
1 550 357 5 25 109 3
1 475 435 4 16 108 2
1 371 443 3 9 102 2
1 652 575 6 36 108 2
1 264 321 2 4 105 2
1 948 325 9 81 106 2
1 53 321 2 4 105 2
1 220 414 1 1 111 2
1 465 435 4 16 92 4
1 560 357 5 25 111 2
1 645 575 6 36 108 2
1 372 443 3 9 102 2
1 379 443 3 9 103 2
1 513 435 5 25 116 3
1 361 321 2 4 109 3
1 514 435 5 25 116 3
1 30 575 6 36 102 3
1 680 575 7 49 111 2
1 295 321 2 4 108 3
1 58 290 0 0 112 2
1 681 575 7 49 111 2
1 424 443 3 9 108 3
1 310 321 2 4 110 3
1 309 321 2 4 110 3
1 581 357 5 25 114 2
1 509 435 5 25 115 2
1 776 542 7 49 106 4
1 682 575 6 36 110 3
1 397 443 3 9 106 2
1 483 435 4 16 111 2
1 421 443 3 9 109 2
1 725 575 6 36 113 5
1 305 321 2 4 109 3
1 182 290 0 0 113 2
1 498 435 4 16 114 2
1 549 357 5 25 109 2
1 10 443 3 9 109 2
1 696 575 6 36 112 3
1 203 414 1 1 101 2
1 500 435 4 16 114 2
1 801 542 7 49 112 2
1 886 591 8 64 109 5
1 302 321 2 4 110 2
1 337 321 2 4 109 7
1 535 435 5 25 119 3
1 562 357 5 25 111 2
1 408 443 3 9 106 3
1 995 325 9 81 113 2
1 1136 494 13 169 97 4
1 457 443 3 9 117 2
1 17 435 4 16 119 2
1 362 321 2 4 118 2
1 702 575 6 36 113 3
1 1049 651 11 121 111 3
1 1117 335 12 144 118 3
1 837 542 7 49 116 3
1 841 542 7 49 116 5
1 927 325 9 81 99 2
1 468 435 4 16 101 2
1 256 321 2 4 100 2
1 629 575 6 36 102 2
1 854 591 8 64 96 4
1 607 357 5 25 117 3
1 433 443 3 9 111 2
1 661 575 6 36 109 2
1 660 575 6 36 109 2
1 270 321 2 4 106 2
1 492 435 4 16 114 2
1 387 443 3 9 105 2
1 476 435 4 16 109 2
1 363 443 2 4 93 2
1 254 321 1 1 95 4
1 529 435 4 16 119 2
1 516 435 4 16 117 2
1 757 542 7 49 105 2
1 603 357 5 25 118 2
1 37 435 4 16 117 2
1 756 542 7 49 105 2
1 604 357 5 25 118 2
1 410 443 3 9 108 2
1 255 321 1 1 100 2
1 367 443 2 4 99 2
1 349 321 2 4 116 2
1 427 443 3 9 110 2
1 536 435 4 16 120 2
1 730 575 6 36 120 2
1 622 357 5 25 120 9
1 729 575 6 36 120 2
1 770 542 7 49 107 2
1 486 435 4 16 112 2
1 921 325 8 64 93 2
1 259 321 1 1 104 2
1 905 591 8 64 108 10
1 659 575 6 36 109 2
1 390 443 2 4 104 3
1 28 321 2 4 106 2
1 407 443 3 9 107 2
1 382 443 3 9 104 2
1 571 357 5 25 113 2
1 641 575 6 36 107 2
1 320 321 2 4 110 4
1 785 542 7 49 109 2
1 268 321 1 1 105 2
1 798 542 7 49 110 3
1 474 435 3 9 108 2
1 964 325 8 64 102 8
1 381 443 2 4 103 2
1 856 591 7 49 101 4
1 311 321 1 1 110 3
1 438 443 2 4 112 2
1 343 321 1 1 114 3
1 425 443 2 4 109 3
1 848 542 7 49 119 5
1 463 443 2 4 108 2
1 618 357 5 25 118 7
1 25 321 2 4 108 3
1 576 357 5 25 113 2
1 501 435 4 16 115 2
1 392 443 3 9 105 2
1 504 435 4 16 115 2
1 495 435 3 9 114 2
1 863 591 7 49 109 2
1 377 443 2 4 103 2
1 671 575 5 25 110 3
1 357 321 1 1 121 3
1 633 575 5 25 104 2
1 656 575 5 25 107 3
1 787 542 6 36 110 2
1 623 357 4 16 130 2
1 667 575 5 25 110 2
1 582 357 4 16 114 2
1 491 435 3 9 113 2
1 708 575 5 25 114 2
1 707 575 5 25 114 2
1 542 357 4 16 108 2
1 541 357 4 16 108 2
1 657 575 5 25 109 2
1 754 542 5 25 103 2
1 471 435 2 4 105 2
1 991 325 7 49 104 10
1 366 443 1 1 99 2
1 285 321 1 1 107 3
1 515 435 3 9 117 2
1 954 325 8 64 107 2
1 666 575 5 25 110 2
1 668 575 5 25 110 2
1 458 443 2 4 121 2
1 804 542 6 36 112 2
1 499 435 3 9 114 2
1 534 435 3 9 120 2
1 395 443 1 1 106 2
1 672 575 5 25 111 2
1 673 575 5 25 111 2
1 589 357 4 16 116 2
1 590 357 4 16 116 2
1 636 575 4 16 106 2
1 19 325 7 49 108 2
1 1080 335 10 100 103 2
1 1018 651 9 81 104 3
1 1079 335 10 100 103 2
1 611 357 4 16 119 3
1 356 321 1 1 114 6
1 610 357 4 16 119 3
1 742 575 5 25 128 3
1 528 435 3 9 119 2
1 741 575 5 25 128 3
1 296 321 0 0 109 2
1 511 435 3 9 116 2
1 413 443 1 1 108 2
1 338 321 1 1 113 3
1 488 435 3 9 113 2
1 568 357 4 16 112 2
1 820 542 6 36 114 2
1 706 575 5 25 114 2
1 705 575 5 25 114 2
1 34 435 3 9 120 2
1 596 357 4 16 117 2
1 597 357 4 16 117 2
1 441 443 1 1 112 3
1 906 591 7 49 112 7
1 346 321 1 1 115 2
1 634 575 4 16 104 2
1 972 325 7 49 103 7
1 880 591 6 36 108 5
1 765 542 5 25 106 3
1 628 575 4 16 100 3
1 737 575 4 16 124 3
1 376 443 1 1 103 2
1 738 575 4 16 124 3
1 871 591 6 36 109 3
1 714 575 4 16 114 2
1 962 325 7 49 107 3
1 822 542 5 25 113 4
1 715 575 4 16 114 2
1 577 357 4 16 113 3
1 404 443 2 4 107 2
1 612 357 4 16 117 6
1 796 542 6 36 111 2
1 532 435 3 9 119 2
1 654 575 5 25 107 3
1 653 575 5 25 107 3
1 555 357 4 16 110 2
1 795 542 6 36 111 2
1 794 542 6 36 111 2
1 531 435 3 9 119 2
1 620 357 4 16 125 2
1 902 591 7 49 113 5
1 396 443 2 4 106 2
1 961 325 8 64 106 3
1 815 542 6 36 114 2
1 1121 335 11 121 113 8
1 527 435 3 9 119 2
1 1056 651 10 100 110 4
1 735 575 5 25 121 4
1 909 591 7 49 115 5
1 835 542 6 36 117 2
1 314 321 1 1 108 6
1 503 435 3 9 115 2
1 683 575 5 25 112 2
1 1026 651 10 100 107 2
1 1060 651 10 100 110 5
1 525 435 3 9 118 2
1 993 325 8 64 113 2
1 791 542 6 36 110 2
1 359 321 1 1 122 2
1 584 357 4 16 115 2
1 444 443 2 4 114 2
1 727 575 4 16 117 2
1 1086 335 9 81 105 2
1 1059 651 8 64 113 2
1 812 542 4 16 113 2
1 998 325 6 36 114 2
1 1085 335 9 81 105 2
1 896 591 6 36 114 4
1 717 575 4 16 115 2
1 599 357 3 9 117 2
1 1159 494 11 121 105 2
1 665 575 4 16 108 3
1 1023 651 9 81 104 5
1 751 542 5 25 103 2
1 1158 494 11 121 105 2
1 1124 335 10 100 115 10
1 926 325 6 36 91 8
1 876 591 6 36 107 5
1 553 357 3 9 109 3
1 951 325 6 36 103 5
1 443 443 1 1 105 10
1 762 542 5 25 106 2
1 663 575 4 16 109 2
1 1097 335 10 100 111 2
1 1160 494 11 121 106 3
1 479 435 2 4 110 2
1 878 591 6 36 108 5
1 1098 335 10 100 111 2
1 971 325 7 49 108 2
1 551 357 3 9 110 2
1 877 591 6 36 108 5
1 1013 651 9 81 105 2
1 648 575 4 16 108 2
1 965 325 7 49 108 2
1 1081 335 9 81 103 2
1 979 325 7 49 108 4
1 556 357 3 9 111 2
1 768 542 5 25 106 3
1 570 357 3 9 113 2
1 24 575 4 16 106 2
1 674 575 4 16 111 2
1 938 325 6 36 103 2
1 480 435 2 4 111 2
1 937 325 6 36 103 2
1 855 591 5 25 99 4
1 533 435 2 4 120 2
1 1045 651 9 81 110 3
1 689 575 4 16 111 3
1 889 591 6 36 111 3
1 944 325 6 36 104 3
1 587 357 3 9 115 2
1 786 542 5 25 108 4
1 778 542 5 25 108 2
1 1197 494 11 121 110 3
1 1198 494 11 121 110 3
1 891 591 6 36 110 4
1 777 542 5 25 108 2
1 583 357 3 9 114 2
1 658 575 4 16 109 2
1 890 591 6 36 110 4
1 691 575 4 16 112 2
1 20 591 6 36 111 3
1 579 357 3 9 114 2
1 685 575 4 16 111 3
1 580 357 3 9 114 2
1 699 575 4 16 114 2
1 605 357 3 9 118 2
1 27 591 6 36 106 3
1 941 325 6 36 102 5
1 635 575 4 16 106 2
1 684 575 4 16 112 2
1 779 542 5 25 109 2
1 975 325 7 49 109 2
1 540 357 2 4 106 2
1 718 575 4 16 114 3
1 933 325 6 36 101 4
1 748 542 5 25 110 2
1 554 357 3 9 110 2
1 789 542 5 25 110 2
1 875 591 6 36 108 4
1 934 325 6 36 101 4
1 669 575 4 16 110 2
1 904 591 6 36 114 4
1 594 357 3 9 114 4
1 710 575 4 16 114 2
1 988 325 7 49 112 2
1 808 542 5 25 113 2
1 825 542 5 25 115 2
1 907 591 6 36 115 4
1 698 575 4 16 111 4
1 809 542 5 25 113 2
1 844 542 5 25 119 3
1 728 575 4 16 119 3
1 747 575 4 16 117 4
1 559 357 2 4 111 2
1 716 575 4 16 114 2
1 817 542 5 25 114 2
1 487 435 1 1 112 2
1 1114 335 10 100 116 2
1 703 575 4 16 112 3
1 1113 335 10 100 116 2
1 704 575 4 16 112 3
1 967 325 6 36 108 2
1 897 591 6 36 114 2
1 898 591 6 36 114 2
1 966 325 6 36 108 2
1 1053 651 9 81 112 2
1 829 542 5 25 115 2
1 721 575 4 16 114 3
1 830 542 5 25 115 2
1 1120 335 10 100 121 2
1 1005 325 7 49 116 6
1 914 591 6 36 120 3
1 676 575 3 9 109 4
1 780 542 5 25 109 2
1 781 542 5 25 109 2
1 919 325 6 36 90 4
1 695 575 4 16 113 2
1 920 325 6 36 90 4
1 771 542 4 16 105 5
1 772 542 4 16 105 5
1 994 325 6 36 113 2
1 745 575 4 16 118 2
1 537 435 2 4 119 2
1 862 591 5 25 107 3
1 713 575 3 9 113 3
1 6 651 7 49 96 5
1 784 542 4 16 109 2
1 1360 405 12 144 115 6
1 925 325 5 25 97 2
1 1122 335 9 81 113 10
1 57 357 2 4 109 2
1 881 591 5 25 111 2
1 627 575 2 4 95 5
1 609 357 2 4 116 6
1 736 575 3 9 121 4
1 814 542 4 16 113 3
1 548 357 2 4 109 2
1 565 357 2 4 112 3
1 866 591 5 25 109 2
1 675 575 3 9 110 3
1 701 575 3 9 112 3
1 544 357 1 1 108 2
1 1017 651 7 49 105 2
1 894 591 5 25 113 3
1 1101 335 9 81 110 4
1 1102 335 9 81 110 4
1 945 325 5 25 106 2
1 838 542 4 16 116 3
1 984 325 5 25 111 2
1 746 575 3 9 117 4
1 563 357 1 1 112 2
1 910 591 4 16 118 2
1 642 575 2 4 107 3
1 870 591 4 16 110 2
1 598 357 1 1 114 5
1 632 575 2 4 104 3
1 887 591 5 25 109 5
1 818 542 4 16 114 2
1 36 325 4 16 115 4
1 913 591 3 9 120 3
1 1123 335 8 64 123 2
1 1039 651 6 36 110 2
1 846 542 2 4 118 4
1 651 575 2 4 107 3
1 810 542 3 9 113 2
1 1008 651 7 49 98 6
1 928 325 4 16 96 6
1 1144 494 9 81 101 2
1 1088 335 8 64 106 2
1 593 357 1 1 112 6
1 859 591 4 16 106 2
1 1089 335 8 64 106 2
1 864 591 4 16 108 3
1 639 575 2 4 103 5
1 942 325 5 25 105 2
1 1228 494 9 81 114 7
1 1083 335 8 64 105 2
1 1084 335 8 64 105 2
1 760 542 3 9 106 2
1 744 575 2 4 113 6
1 831 542 3 9 115 2
1 1027 651 7 49 106 3
1 888 591 4 16 112 2
1 616 357 1 1 115 9
1 1233 671 9 81 97 2
1 1366 467 11 121 100 2
1 631 575 1 1 103 2
1 1006 651 6 36 88 7
1 793 542 3 9 109 3
1 858 591 4 16 104 3
1 1179 494 9 81 106 5
1 543 357 1 1 108 2
1 662 575 2 4 107 4
1 1020 651 7 49 106 2
1 1253 671 10 100 109 2
1 711 575 2 4 113 3
1 872 591 3 9 108 4
1 959 325 4 16 107 2
1 960 325 4 16 107 2
1 644 575 1 1 107 2
1 860 591 3 9 107 2
1 803 542 3 9 110 4
1 895 591 4 16 113 3
1 836 542 3 9 117 2
1 950 325 4 16 106 2
1 900 591 4 16 115 3
1 608 357 1 1 119 3
1 845 542 3 9 120 2
1 882 591 4 16 111 2
1 1067 651 7 49 115 2
1 997 325 5 25 114 2
1 1111 335 7 49 110 7
1 21 575 1 1 106 3
1 774 542 2 4 108 2
1 1012 651 6 36 105 2
1 750 542 2 4 99 2
1 567 357 0 0 110 4
1 1075 335 7 49 100 2
1 630 575 1 1 102 3
1 899 591 4 16 115 3
1 990 325 4 16 111 3
1 578 357 0 0 111 5
1 670 575 1 1 109 3
1 617 357 1 1 123 2
1 885 591 3 9 112 2
1 816 542 3 9 114 2
1 923 325 4 16 94 2
1 1189 494 8 64 108 3
1 1184 494 8 64 108 3
1 588 357 0 0 108 10
1 1185 494 8 64 108 3
1 677 575 1 1 109 4
1 1 651 6 36 107 2
1 963 325 4 16 108 2
1 743 575 2 4 117 2
1 790 542 2 4 110 2
1 892 591 3 9 113 2
1 806 542 2 4 112 3
1 865 591 3 9 109 2
1 1359 405 11 121 118 3
1 1031 651 6 36 109 2
1 1216 494 9 81 113 4
1 1032 651 6 36 109 2
1 569 357 0 0 112 2
1 974 325 4 16 108 3
1 1267 671 10 100 111 2
1 687 575 1 1 110 4
1 1001 325 4 16 107 9
1 752 542 2 4 103 3
1 585 357 0 0 112 5
1 664 575 1 1 109 2
1 1109 335 7 49 112 5
1 826 542 3 9 115 2
1 1002 325 4 16 114 3
1 1264 671 9 81 111 2
1 1324 405 10 100 109 2
1 1323 405 10 100 109 2
1 1065 651 6 36 109 6
1 901 591 3 9 115 3
1 1066 651 6 36 109 6
1 1263 671 9 81 111 2
1 827 542 2 4 112 5
1 908 591 4 16 118 2
1 1069 651 7 49 116 3
1 613 357 0 0 114 9
1 973 325 4 16 109 2
1 678 575 1 1 111 2
1 811 542 2 4 113 2
1 32 651 6 36 112 2
1 1021 651 6 36 106 2
1 883 591 3 9 111 3
1 1183 494 8 64 108 3
1 16 575 1 1 110 3
1 922 325 4 16 93 2
1 788 542 2 4 110 2
1 1061 651 6 36 113 2
1 621 357 1 1 124 4
1 1135 494 8 64 98 3
1 1134 494 8 64 98 3
1 614 357 0 0 117 6
1 879 591 3 9 111 2
1 996 325 4 16 111 4
1 1271 671 9 81 107 7
1 1063 651 6 36 107 9
1 893 591 3 9 109 7
1 819 542 2 4 110 6
1 802 542 2 4 111 3
1 1015 651 5 25 102 5
1 940 325 3 9 103 3
1 833 542 2 4 112 6
1 14 325 3 9 108 2
1 857 591 2 4 105 3
1 753 542 1 1 104 3
1 924 325 3 9 96 3
1 1191 494 7 49 106 5
1 1192 494 7 49 106 5
1 903 591 3 9 114 4
1 1110 335 7 49 110 7
1 981 325 3 9 110 3
1 805 542 2 4 112 2
1 1046 651 5 25 104 9
1 952 325 3 9 106 2
1 1035 651 6 36 109 3
1 769 542 1 1 107 2
1 884 591 3 9 112 2
1 1164 494 7 49 107 2
1 874 591 2 4 109 3
1 949 325 3 9 106 2
1 23 591 2 4 110 2
1 7 325 3 9 109 2
1 977 325 3 9 109 2
1 915 591 3 9 118 6
1 987 325 3 9 112 2
1 936 325 3 9 102 4
1 766 542 1 1 105 4
1 1143 494 7 49 101 2
1 1000 325 3 9 114 2
1 813 542 1 1 114 2
1 1058 651 5 25 113 2
1 1322 405 9 81 108 3
1 732 575 0 0 115 10
1 1321 405 9 81 108 3
1 861 591 2 4 108 2
1 850 542 2 4 122 2
1 1011 651 5 25 102 3
1 939 325 3 9 103 3
1 1210 494 7 49 105 10
1 852 542 1 1 115 10
1 15 591 2 4 113 5
1 1068 651 5 25 114 3
1 851 542 1 1 121 4
1 755 542 1 1 105 2
1 1019 651 5 25 103 4
1 931 325 3 9 101 3
1 932 325 3 9 101 3
1 33 591 2 4 104 5
1 978 325 3 9 109 3
1 1200 494 7 49 108 5
1 1028 651 5 25 109 2
1 1292 405 8 64 97 2
1 1072 335 5 25 96 2
1 980 325 3 9 110 3
1 1043 651 5 25 109 3
1 39 494 6 36 96 2
1 976 325 3 9 109 2
1 1269 671 8 64 111 2
1 1038 651 5 25 109 3
1 935 325 2 4 100 5
1 1077 335 5 25 102 2
1 1009 651 4 16 98 6
1 1307 405 9 81 104 4
1 1078 335 5 25 102 2
1 1237 671 7 49 101 4
1 1459 447 10 100 98 2
1 1306 405 9 81 104 4
1 1471 447 11 121 104 2
1 982 325 3 9 110 3
1 873 591 2 4 108 4
1 1007 651 4 16 97 4
1 1297 405 8 64 99 5
1 1298 405 8 64 99 5
1 1234 671 7 49 98 6
1 1435 467 10 100 116 2
1 1040 651 5 25 109 3
1 1223 494 7 49 112 9
1 1265 671 8 64 111 2
1 1041 651 5 25 110 2
1 1207 494 7 49 111 2
1 986 325 3 9 112 2
1 1125 335 6 36 118 8
1 911 591 2 4 115 5
1 1138 494 6 36 100 2
1 1238 671 7 49 104 2
1 958 325 2 4 107 2
1 1024 651 4 16 100 8
1 1064 651 5 25 114 2
1 983 325 2 4 110 3
1 1175 494 6 36 107 2
1 1095 335 5 25 110 2
1 916 591 2 4 123 4
1 1203 494 6 36 110 3
1 1204 494 6 36 110 3
1 992 325 2 4 112 3
1 1055 651 4 16 111 3
1 847 542 1 1 117 7
1 849 542 1 1 116 8
1 953 325 2 4 104 4
1 912 591 1 1 112 9
1 1025 651 4 16 101 8
1 1168 494 6 36 107 2
1 1050 651 4 16 112 2
1 985 325 2 4 112 2
1 1243 671 7 49 107 2
1 999 325 2 4 114 2
1 1014 651 4 16 101 6
1 1309 405 8 64 107 2
1 1533 447 10 100 108 5
1 1154 494 6 36 104 2
1 1010 651 4 16 103 2
1 1082 335 5 25 105 2
1 1132 494 5 25 92 5
1 1131 494 5 25 92 5
1 970 325 2 4 108 2
1 1105 335 5 25 113 3
1 1022 651 3 9 103 5
1 1174 494 5 25 106 3
1 1247 671 6 36 108 2
1 956 325 1 1 107 2
1 943 325 1 1 105 2
1 1254 671 6 36 109 2
1 1438 467 9 81 115 3
1 1161 494 5 25 107 2
1 1654 567 10 100 104 4
1 1162 494 5 25 107 2
1 1034 651 3 9 109 3
1 1655 567 10 100 104 4
1 947 325 1 1 106 2
1 1030 651 3 9 109 2
1 1248 671 6 36 108 2
1 946 325 1 1 105 3
1 1339 405 7 49 110 5
1 955 325 1 1 107 2
1 1094 335 4 16 109 3
1 1190 494 5 25 109 2
1 1275 671 7 49 114 2
1 1044 651 3 9 110 3
1 1062 651 3 9 105 10
1 1316 405 7 49 108 2
1 1255 671 6 36 109 2
1 1181 494 5 25 109 2
1 1146 494 4 16 103 2
1 1074 335 3 9 99 2
1 989 325 1 1 109 5
1 1140 494 4 16 100 2
1 1057 651 3 9 110 5
1 1099 335 4 16 111 2
1 1004 325 1 1 108 10
1 1137 494 4 16 99 3
1 1073 335 3 9 98 2
1 1042 651 2 4 106 6
1 1149 494 4 16 104 2
1 1070 651 3 9 112 7
1 1236 671 5 25 103 2
1 1315 405 7 49 108 2
1 1361 405 7 49 113 8
1 1115 335 4 16 117 2
1 1036 651 2 4 106 6
1 1172 494 4 16 107 2
1 1173 494 4 16 107 2
1 1343 405 6 36 112 3
1 957 325 0 0 106 3
1 1273 671 5 25 110 4
1 1033 651 2 4 108 3
1 1051 651 2 4 109 5
1 1256 671 5 25 110 2
1 1335 405 6 36 112 2
1 1245 671 5 25 107 2
1 1195 494 4 16 111 2
1 1436 467 8 64 114 4
1 1658 567 9 81 105 3
1 1047 651 2 4 110 3
1 1170 494 4 16 107 2
1 1504 447 8 64 108 2
1 1393 467 7 49 110 3
1 1029 651 2 4 108 3
1 1171 494 4 16 106 3
1 1188 494 4 16 107 4
1 1052 651 2 4 110 4
1 1295 405 6 36 101 2
1 1220 494 4 16 110 9
1 1145 494 4 16 102 2
1 1239 671 5 25 105 3
1 1327 405 6 36 110 3
1 1093 335 3 9 109 2
1 1259 671 5 25 109 3
1 1561 447 8 64 118 3
1 1048 651 2 4 107 6
1 1320 405 6 36 108 3
1 1383 467 7 49 109 3
1 1147 494 4 16 103 3
1 1155 494 4 16 104 3
1 1289 671 5 25 122 2
1 1709 617 10 100 106 2
1 1201 494 4 16 110 3
1 1104 335 3 9 110 4
1 1843 672 11 121 111 2
1 1384 467 7 49 109 3
1 1634 567 9 81 104 2
1 1476 447 8 64 105 2
1 1257 671 5 25 108 4
1 1054 651 2 4 108 6
1 1258 671 5 25 108 4
1 1686 617 9 81 98 3
1 1362 405 6 36 125 2
1 1815 672 11 121 107 2
1 1382 467 7 49 105 5
1 1685 617 9 81 98 3
1 1568 567 8 64 96 2
1 1381 467 7 49 105 5
1 1165 494 4 16 106 3
1 1260 671 5 25 107 5
1 1211 494 4 16 107 8
1 1148 494 3 9 103 3
1 1071 651 2 4 114 5
1 1283 671 5 25 118 2
1 1493 447 8 64 107 2
1 1177 494 4 16 108 2
1 1494 447 8 64 107 2
1 1917 672 11 121 110 3
1 1330 405 6 36 111 2
1 1329 405 6 36 111 2
1 1592 567 8 64 102 2
1 1151 494 4 16 103 3
1 1152 494 4 16 103 3
1 1636 567 8 64 103 3
1 1378 467 7 49 107 3
1 1474 447 7 49 103 3
1 1475 447 7 49 103 3
1 1194 494 4 16 110 2
1 1460 447 7 49 100 2
1 1240 671 4 16 102 6
1 1294 405 5 25 100 3
1 1364 467 6 36 96 2
1 1566 567 8 64 94 3
1 1037 651 1 1 106 6
1 22 335 2 4 105 2
1 1519 447 8 64 109 2
1 1332 405 6 36 111 2
1 1100 335 3 9 111 2
1 1244 671 5 25 107 2
1 1399 467 7 49 108 4
1 1507 447 8 64 108 2
1 1251 671 5 25 109 2
1 1678 567 8 64 102 3
1 1167 494 3 9 106 3
1 1325 405 6 36 111 2
1 13 671 4 16 106 2
1 1404 467 7 49 112 2
1 1178 494 3 9 107 3
1 1389 467 6 36 110 3
1 1346 405 6 36 113 2
1 1284 671 5 25 115 4
1 1679 567 8 64 103 3
1 1319 405 6 36 109 2
1 1166 494 3 9 106 3
1 1466 447 7 49 103 2
1 1439 467 7 49 112 6
1 1467 447 7 49 103 2
1 1107 335 3 9 114 2
1 1341 405 6 36 112 3
1 1202 494 3 9 111 2
1 2120 362 13 169 115 2
1 1801 617 9 81 109 7
1 1363 405 6 36 125 2
1 1206 494 4 16 111 2
1 1092 335 2 4 109 2
1 1286 671 5 25 118 4
1 1547 447 8 64 114 2
1 1546 447 8 64 114 2
1 1208 494 4 16 112 3
1 1128 335 3 9 125 2
1 1397 467 7 49 112 2
1 1408 467 6 36 111 3
1 1279 671 4 16 110 6
1 1186 494 4 16 109 2
1 1356 405 6 36 118 3
1 1230 494 4 16 125 2
1 1119 335 3 9 117 5
1 1272 671 4 16 112 2
1 1418 467 7 49 113 3
1 1496 447 7 49 107 2
1 1733 617 8 64 106 5
1 1076 335 1 1 101 2
1 1219 494 3 9 116 2
1 1345 405 5 25 113 2
1 1431 467 6 36 113 4
1 1542 447 7 49 109 7
1 1232 494 2 4 125 2
1 1287 671 3 9 113 10
1 1454 467 5 25 114 8
1 1805 672 9 81 100 2
1 1112 335 2 4 116 2
1 1416 467 5 25 110 5
1 1169 494 2 4 104 5
1 1337 405 4 16 108 6
1 1661 567 7 49 103 5
1 1090 335 1 1 105 3
1 1242 671 3 9 105 3
1 1212 494 2 4 112 4
1 1377 467 5 25 107 3
1 1299 405 4 16 103 2
1 1458 447 6 36 97 3
1 1567 567 6 36 95 3
1 1157 494 2 4 105 2
1 1241 671 3 9 106 2
1 1091 335 1 1 107 2
1 1150 494 1 1 104 2
1 1312 405 4 16 108 2
1 1130 494 1 1 93 4
1 1403 467 5 25 111 3
1 1252 671 3 9 108 3
1 1793 617 8 64 114 2
1 1118 335 1 1 120 2
1 1859 672 9 81 112 2
1 1213 494 2 4 111 4
1 1894 672 9 81 111 7
1 1748 617 8 64 109 3
1 1246 671 2 4 107 2
1 1579 567 6 36 97 4
1 1317 405 4 16 108 2
1 1516 447 5 25 106 4
1 1437 467 5 25 110 8
1 1153 494 1 1 103 3
1 1791 617 8 64 108 8
1 1333 405 4 16 111 2
1 1412 467 5 25 113 2
1 18 467 5 25 113 2
1 1215 494 2 4 113 4
1 1280 671 3 9 114 2
1 1788 617 8 64 112 4
1 1551 447 6 36 116 3
1 1371 467 4 16 105 2
1 1301 405 3 9 103 2
1 1491 447 5 25 104 4
1 1141 494 1 1 97 6
1 1370 467 4 16 104 2
1 1305 405 3 9 106 2
1 1106 335 1 1 112 4
1 1683 617 7 49 99 2
1 1293 405 3 9 97 2
1 1133 494 1 1 98 2
1 1563 567 6 36 91 3
1 1127 335 1 1 122 5
1 1199 494 2 4 111 2
1 1205 494 2 4 111 2
1 1600 567 6 36 107 2
1 1406 467 5 25 112 2
1 1262 671 3 9 110 3
1 1196 494 2 4 111 2
1 1749 617 8 64 110 2
1 1878 672 9 81 112 4
1 1499 447 6 36 107 2
1 1583 567 6 36 100 2
1 1442 467 5 25 113 5
1 1087 335 0 0 106 2
1 1156 494 1 1 104 3
1 1176 494 1 1 104 5
1 1096 335 0 0 109 4
1 1451 467 5 25 112 9
1 1129 335 1 1 123 4
1 1644 567 6 36 105 2
1 1556 447 6 36 109 10
1 26 405 4 16 115 2
1 1495 447 6 36 106 3
1 1354 405 4 16 116 3
1 1558 447 6 36 114 6
1 1338 405 4 16 111 3
1 1380 467 5 25 108 2
1 1266 671 3 9 110 3
1 1562 567 6 36 89 5
1 1505 447 5 25 107 3
1 1398 467 5 25 112 2
1 1285 671 3 9 115 4
1 1698 617 7 49 103 2
1 1440 467 5 25 113 5
1 1163 494 1 1 107 2
1 1590 567 6 36 102 2
1 1441 467 5 25 113 5
1 1591 567 6 36 102 2
1 1920 672 9 81 115 3
1 1746 617 8 64 109 3
1 1103 335 1 1 111 3
1 1747 617 8 64 109 3
1 1182 494 1 1 109 2
1 1347 405 4 16 113 3
1 1653 567 6 36 105 3
1 1282 671 3 9 110 7
1 1921 672 9 81 115 3
1 1180 494 1 1 108 3
1 1278 671 3 9 113 3
1 1628 567 6 36 100 5
1 1754 617 8 64 111 3
1 1753 617 8 64 111 3
1 1116 335 1 1 117 2
1 1449 467 5 25 118 2
1 1358 405 4 16 119 2
1 1357 405 4 16 119 2
1 1277 671 3 9 114 2
1 1217 494 2 4 114 4
1 1708 617 8 64 106 2
1 1350 405 4 16 111 6
1 1470 447 5 25 103 2
1 1635 567 7 49 103 3
1 1525 447 5 25 103 9
1 1681 617 7 49 90 4
1 1142 494 1 1 101 2
1 1573 567 6 36 97 3
1 1530 447 6 36 111 2
1 1108 335 1 1 114 3
1 1328 405 4 16 111 2
1 1717 617 7 49 107 2
1 1605 567 6 36 106 3
1 1385 467 4 16 110 2
1 1139 494 1 1 98 4
1 1537 447 5 25 108 5
1 1340 405 3 9 110 5
1 1126 335 1 1 122 5
1 1288 671 4 16 121 2
1 1455 467 6 36 121 2
1 1554 447 7 49 116 3
1 1797 617 9 81 116 3
1 1814 672 8 64 107 2
1 1376 467 4 16 108 2
1 1308 405 3 9 107 2
1 1594 567 6 36 100 4
1 1400 467 4 16 109 5
1 1401 467 4 16 109 5
1 1487 447 5 25 105 3
1 1593 567 6 36 100 4
1 1486 447 5 25 105 3
1 1336 405 3 9 110 4
1 1296 405 2 4 102 2
1 1659 567 6 36 106 2
1 1783 617 7 49 114 2
1 1331 405 3 9 111 2
1 1760 617 7 49 111 3
1 1395 467 4 16 111 3
1 1478 447 5 25 102 5
1 1807 672 8 64 102 2
1 1715 617 7 49 104 4
1 1373 467 4 16 103 6
1 29 405 3 9 111 2
1 1582 567 5 25 98 4
1 1707 617 7 49 106 2
1 1313 405 3 9 108 2
1 1396 467 4 16 112 2
1 1261 671 2 4 111 2
1 1853 672 8 64 110 3
1 1727 617 7 49 108 2
1 1650 567 6 36 105 3
1 1852 672 8 64 110 3
1 1726 617 7 49 108 2
1 1450 467 4 16 118 3
1 1538 447 5 25 112 2
1 1886 672 8 64 115 2
1 1824 672 8 64 108 2
1 1696 617 6 36 103 2
1 1368 467 3 9 104 2
1 1571 567 5 25 95 5
1 1697 617 6 36 103 2
1 1187 494 1 1 107 4
1 1832 672 8 64 109 2
1 1578 567 5 25 99 2
1 1514 447 4 16 106 4
1 1482 447 4 16 106 2
1 1402 467 4 16 108 6
1 1481 447 4 16 106 2
1 1849 672 8 64 111 2
1 1314 405 3 9 107 3
1 1645 567 5 25 103 4
1 1800 617 7 49 112 7
1 1452 467 4 16 118 3
1 1557 447 5 25 118 2
1 1352 405 3 9 116 2
1 1621 567 5 25 107 4
1 1910 672 8 64 113 7
1 1447 467 4 16 118 2
1 1770 617 7 49 110 4
1 1446 467 4 16 117 3
1 1276 671 2 4 114 2
1 11 447 5 25 109 2
1 1457 447 4 16 94 2
1 1456 447 4 16 94 2
1 1311 405 2 4 107 2
1 1699 617 6 36 102 3
1 1374 467 3 9 105 4
1 1700 617 6 36 102 3
1 1375 467 3 9 105 4
1 1227 494 1 1 117 5
1 1226 494 1 1 114 8
1 1310 405 2 4 107 2
1 1222 494 1 1 117 4
1 1355 405 3 9 114 5
1 1784 617 6 36 108 8
1 1785 617 6 36 108 8
1 1427 467 4 16 114 2
1 1637 567 5 25 104 2
1 2238 545 11 121 116 2
1 1885 672 8 64 115 2
1 2108 362 10 100 112 3
1 1646 567 5 25 105 2
1 1490 447 4 16 106 2
1 1413 467 3 9 110 5
1 1349 405 3 9 115 2
1 1548 447 4 16 110 6
1 1209 494 0 0 111 4
1 1609 567 5 25 107 3
1 1549 447 5 25 117 2
1 1291 671 2 4 120 2
1 1348 405 3 9 112 4
1 1290 671 2 4 112 8
1 1762 617 6 36 111 3
1 1405 467 3 9 111 3
1 1528 447 4 16 109 3
1 1575 567 5 25 97 3
1 1527 447 4 16 109 3
1 1771 617 6 36 113 2
1 1281 671 1 1 111 6
1 1224 494 1 1 117 5
1 1855 672 7 49 112 2
1 1632 567 5 25 104 2
1 1417 467 3 9 111 3
1 1662 567 5 25 106 2
1 1506 447 4 16 107 3
1 1425 467 3 9 111 5
1 1214 494 0 0 112 5
1 1429 467 3 9 114 2
1 1994 649 9 81 117 3
1 1274 671 1 1 113 3
1 1428 467 3 9 114 2
1 2100 362 9 81 111 2
1 1995 649 9 81 117 3
1 2099 362 9 81 111 2
1 1351 405 2 4 115 2
1 1777 617 6 36 114 5
1 1907 672 8 64 117 3
1 1610 567 5 25 108 2
1 1448 467 3 9 116 4
1 1445 467 4 16 118 2
1 1670 567 5 25 111 2
1 1559 447 4 16 115 5
1 2009 649 9 81 122 2
1 1766 617 6 36 111 3
1 1612 567 5 25 107 3
1 1868 672 7 49 113 2
1 1738 617 6 36 109 2
1 1484 447 4 16 106 2
1 1518 447 4 16 109 2
1 1651 567 5 25 106 2
1 1601 567 5 25 107 2
1 1539 447 4 16 110 4
1 1751 617 6 36 111 3
1 1602 567 5 25 107 2
1 1221 494 0 0 115 5
1 1750 617 6 36 111 3
1 45 671 1 1 114 2
1 1914 672 7 49 113 8
1 1414 467 3 9 112 3
1 1581 567 5 25 100 2
1 1409 467 4 16 111 3
1 1303 405 2 4 105 2
1 1511 447 4 16 108 2
1 1729 617 6 36 108 3
1 1639 567 5 25 103 3
1 1391 467 3 9 111 2
1 1529 447 4 16 108 5
1 1541 447 4 16 108 6
1 1517 447 4 16 108 2
1 1365 467 3 9 100 2
1 1229 494 1 1 118 6
1 1218 494 1 1 112 6
1 1250 671 1 1 107 4
1 1334 405 2 4 110 3
1 1249 671 1 1 109 2
1 1531 447 4 16 109 4
1 1386 467 3 9 109 3
1 1633 567 5 25 103 3
1 1342 405 3 9 113 2
1 1483 447 4 16 104 4
1 1742 617 7 49 108 4
1 1407 467 4 16 112 2
1 1663 567 6 36 104 4
1 1479 447 5 25 105 2
1 1318 405 3 9 106 4
1 1426 467 4 16 109 7
1 1488 447 4 16 103 5
1 1672 567 6 36 110 3
1 1304 405 3 9 104 4
1 1443 467 4 16 114 4
1 1585 567 5 25 98 5
1 2107 362 10 100 112 3
1 1706 617 7 49 104 3
1 1967 649 9 81 112 4
1 1422 467 4 16 110 6
1 1890 672 8 64 108 9
1 1300 405 2 4 100 5
1 1473 447 4 16 103 3
1 1901 672 8 64 113 6
1 1433 467 4 16 112 5
1 1543 447 5 25 107 7
1 1902 672 8 64 113 6
1 1302 405 2 4 104 2
1 1564 567 5 25 94 3
1 1270 671 2 4 109 4
1 1369 467 3 9 104 2
1 1231 494 1 1 117 10
1 1463 447 4 16 101 3
1 1691 617 6 36 102 2
1 2044 362 10 100 107 3
1 1387 467 4 16 106 6
1 2256 545 11 121 111 9
1 1465 447 4 16 102 2
1 1388 467 4 16 106 6
1 1931 649 9 81 108 2
1 1565 567 5 25 93 4
1 1692 617 6 36 102 2
1 1235 671 1 1 101 4
1 1660 567 5 25 105 3
1 1415 467 4 16 113 2
1 1502 447 4 16 108 2
1 1353 405 3 9 116 2
1 1743 617 6 36 108 4
1 1723 617 6 36 108 2
1 1501 447 4 16 108 2
1 1193 494 0 0 108 4
1 1423 467 4 16 113 3
1 1535 447 4 16 110 3
1 1430 467 3 9 111 5
1 1326 405 2 4 111 2
1 1268 671 1 1 108 5
1 1521 447 4 16 108 4
1 1225 494 1 1 116 6
1 1759 617 6 36 111 3
1 1875 672 7 49 113 2
1 1520 447 4 16 107 5
1 1598 567 5 25 105 4
1 1599 567 5 25 105 4
1 1552 447 4 16 116 3
1 1410 467 3 9 113 2
1 1666 567 5 25 111 2
1 1480 447 4 16 106 2
1 1434 467 3 9 113 5
1 1713 617 6 36 106 2
1 1344 405 2 4 110 5
1 1895 672 7 49 113 5
1 2097 362 9 81 111 3
1 1718 617 6 36 106 3
1 1586 567 5 25 101 2
1 1424 467 3 9 112 4
1 1677 567 5 25 114 3
1 1761 617 6 36 111 3
1 1421 467 3 9 109 7
1 1485 447 4 16 106 2
1 1915 672 7 49 117 5
1 1752 617 6 36 112 2
1 1607 567 4 16 108 2
1 1540 447 4 16 112 2
1 1617 567 4 16 105 5
1 1898 672 6 36 115 4
1 1419 467 2 4 112 4
1 1555 447 3 9 113 6
1 1768 617 5 25 112 2
1 1462 447 3 9 102 2
1 1804 672 6 36 100 2
1 1367 467 2 4 99 5
1 1796 617 5 25 112 7
1 1618 567 4 16 109 2
1 1500 447 3 9 107 3
1 2028 362 8 64 107 2
1 2192 545 9 81 111 3
1 1808 672 6 36 107 2
1 1719 617 5 25 107 2
1 1569 567 3 9 98 2
1 1469 447 3 9 102 3
1 1935 649 7 49 108 3
1 1616 567 4 16 103 7
1 1372 467 2 4 106 2
1 1461 447 2 4 101 2
1 1668 567 4 16 111 2
1 1392 467 2 4 110 3
1 1510 447 2 4 106 4
1 2226 545 9 81 109 8
1 1629 567 3 9 99 6
1 1739 617 5 25 108 3
1 1899 672 6 36 109 10
1 2292 482 10 100 108 5
1 1756 617 5 25 110 4
1 1757 617 5 25 110 4
1 1432 467 2 4 110 7
1 5 567 3 9 104 3
1 1544 447 3 9 111 3
1 1730 617 5 25 109 2
1 1580 567 3 9 100 2
1 1954 649 7 49 110 4
1 1472 447 2 4 103 3
1 1854 672 6 36 108 5
1 2112 362 8 64 109 6
1 2111 362 8 64 109 6
1 1587 567 3 9 101 2
1 1515 447 2 4 107 4
1 1379 467 1 1 105 5
1 2246 545 9 81 112 6
1 1641 567 3 9 101 5
1 1498 447 2 4 107 2
1 1497 447 2 4 107 2
1 1489 447 2 4 103 5
1 1625 567 3 9 100 5
1 1444 467 2 4 109 9
1 1523 447 2 4 108 4
1 1524 447 2 4 108 4
1 1649 567 3 9 104 3
1 1842 672 5 25 109 3
1 1394 467 2 4 112 2
1 1973 649 7 49 114 4
1 1611 567 3 9 108 2
1 1765 617 5 25 111 3
1 1893 672 6 36 115 3
1 1526 447 2 4 108 4
1 1741 617 4 16 108 4
1 1624 567 3 9 98 7
1 1509 447 2 4 108 2
1 2424 513 11 121 111 7
1 2600 444 12 144 122 3
1 1826 672 5 25 106 4
1 1623 567 3 9 102 3
1 2147 545 8 64 104 3
1 1936 649 6 36 109 2
1 1887 672 5 25 108 9
1 1997 649 7 49 115 6
1 2094 362 7 49 110 4
1 1627 567 3 9 103 2
1 1835 672 5 25 110 2
1 1522 447 2 4 109 3
1 1999 649 7 49 115 6
1 1420 467 1 1 109 7
1 2063 362 7 49 108 3
1 1560 447 3 9 117 4
1 1786 617 5 25 113 3
1 1595 567 3 9 101 3
1 1820 672 5 25 104 6
1 1477 447 2 4 105 2
1 1464 447 2 4 102 2
1 1411 467 2 4 112 3
1 1883 672 5 25 114 2
1 1882 672 5 25 114 2
1 2106 362 7 49 113 2
1 2105 362 7 49 113 2
1 1614 567 3 9 107 3
1 1613 567 3 9 107 3
1 1728 617 4 16 109 2
1 1390 467 1 1 110 3
1 1453 467 1 1 116 6
1 1912 672 5 25 113 8
1 1532 447 2 4 105 8
1 1588 567 2 4 101 3
1 1534 447 2 4 108 5
1 1711 617 4 16 107 2
1 2030 362 7 49 106 2
1 1545 447 2 4 113 3
1 1813 672 5 25 105 2
1 1656 567 3 9 106 2
1 2485 513 10 100 127 2
1 2042 362 7 49 106 4
1  513 10 100 112 2
1 2171 545 8 64 109 3
1 1648 567 3 9 104 3
1 2289 482 9 81 110 2
1 1949 649 6 36 109 4
1 1638 567 2 4 102 4
1 1971 649 6 36 114 3
1 1680 567 3 9 106 4
1 1702 617 3 9 105 3
1 2251 545 8 64 116 3
1 1981 649 6 36 113 5
1 1701 617 3 9 105 3
1 1837 672 4 16 104 4
1 1838 672 4 16 104 4
1 1508 447 1 1 106 4
1 1647 567 2 4 105 2
1 2084 362 7 49 110 3
1 1942 649 6 36 110 2
1 2274 482 8 64 103 3
1 1737 617 3 9 107 4
1 1869 672 5 25 110 5
1 1468 447 1 1 103 2
1 1839 672 4 16 109 3
1 1576 567 2 4 97 4
1 1550 447 2 4 117 2
1 1721 617 3 9 108 2
1 1916 672 5 25 120 4
1 1972 649 6 36 113 4
1 2133 362 7 49 114 6
1 2132 362 7 49 114 6
1 1604 567 2 4 106 3
1 2261 545 8 64 117 5
1 1758 617 4 16 112 2
1 1536 447 1 1 107 6
1 1913 672 5 25 117 4
1 1968 649 6 36 113 2
1 1615 567 2 4 105 5
1 2373 482 9 81 119 2
1 1880 672 4 16 112 4
1 1652 567 2 4 106 2
1 1773 617 3 9 111 4
1 1755 617 3 9 109 5
1 1861 672 4 16 111 3
1 1574 567 2 4 98 2
1 1503 447 1 1 107 3
1 2155 545 7 49 106 4
1 1512 447 1 1 104 6
1 2298 482 9 81 111 3
1 1745 617 3 9 110 2
1 2156 545 7 49 106 4
1 1671 567 2 4 106 7
1 1596 567 2 4 104 5
1 1553 447 2 4 116 3
1 1789 617 3 9 112 4
1 1492 447 1 1 106 2
1 1597 567 2 4 101 8
1 1810 672 4 16 103 2
1 1513 447 1 1 107 3
1 1744 617 3 9 109 3
1 1626 567 2 4 102 3
1 1903 672 5 25 114 6
1 1767 617 4 16 111 3
1 1608 567 3 9 104 6
1 2165 545 7 49 109 2
1 2282 482 8 64 107 2
1 1724 617 3 9 106 4
1 2637 528 11 121 111 2
1 1584 567 1 1 98 4
1 1892 672 4 16 111 7
1 1688 617 2 4 100 2
1 1867 672 4 16 108 6
1 1846 672 4 16 111 2
1 1845 672 4 16 111 2
1 1722 617 3 9 107 3
1 1572 567 1 1 98 2
1 1841 672 4 16 109 3
1 1944 649 5 25 110 3
1 2378 482 8 64 118 4
1 1606 567 1 1 103 6
1 2234 545 7 49 111 6
1 2258 545 7 49 112 8
1 1622 567 1 1 101 10
1 1684 617 2 4 99 2
1 2190 545 7 49 109 5
1 1809 672 3 9 102 3
1 1577 567 1 1 97 4
1 1934 649 5 25 108 3
1 2189 545 7 49 109 5
1 1990 649 5 25 116 3
1 1710 617 2 4 107 2
1 2061 362 6 36 109 2
1 2211 545 7 49 112 4
1 1640 567 1 1 101 5
1 1862 672 4 16 110 4
1 1922 672 4 16 112 6
1 1664 567 2 4 111 2
1 1774 617 3 9 113 2
1 2121 362 6 36 114 3
1 1803 617 3 9 118 2
1 2122 362 6 36 114 3
1 1984 649 5 25 117 2
1 2198 545 7 49 113 2
1 2285 482 8 64 110 2
1 1725 617 3 9 108 2
1 2032 362 5 25 106 3
1 1819 672 4 16 108 2
1 1925 649 4 16 104 3
1 1631 567 1 1 102 3
1 2033 362 5 25 106 3
1 2020 362 5 25 103 2
1 2427 513 9 81 114 4
1 1941 649 4 16 110 2
1 2296 482 8 64 112 2
1 2721 378 11 121 108 4
1 2185 545 7 49 111 3
1 1642 567 1 1 104 3
1 2021 362 5 25 103 2
1 2498 444 9 81 107 2
1 1676 567 2 4 115 2
1 48 672 3 9 107 2
1 1682 617 2 4 98 2
1 1619 567 1 1 107 4
1 2815 378 12 144 120 4
1 2385 482 8 64 121 3
1 2011 649 5 25 114 10
1 1763 617 2 4 109 5
1 2095 362 6 36 112 2
1 2563 444 10 100 114 3
1 1909 672 4 16 114 6
1 2225 545 7 49 112 5
1 2814 378 12 144 120 4
1 1603 567 1 1 106 3
1 1951 649 5 25 109 4
1 1630 567 1 1 101 4
1 1694 617 2 4 102 2
1 2283 482 8 64 108 2
1 1874 672 4 16 111 4
1 1989 649 5 25 113 6
1 2201 545 7 49 112 3
1 2055 362 5 25 108 2
1 2054 362 5 25 108 2
1 1798 617 3 9 115 4
1 2200 545 7 49 112 3
1 2309 482 8 64 113 3
1 1620 567 1 1 108 3
1 1884 672 3 9 110 6
1 2119 362 6 36 115 2
1 2578 444 10 100 117 2
1 2364 482 8 64 119 2
1 2484 513 9 81 127 2
1 2008 649 5 25 121 3
1 1857 672 3 9 112 2
1 1674 567 1 1 112 2
1 1998 649 5 25 113 8
1 1714 617 2 4 106 2
1 2012 362 5 25 98 2
1 1570 567 1 1 97 3
1 1695 617 2 4 102 2
1 1863 672 4 16 111 3
1 2130 362 6 36 117 2
1 1992 649 5 25 118 2
1 1675 567 2 4 114 3
1 1889 672 4 16 115 2
1 2267 545 7 49 123 2
1 2129 362 6 36 117 2
1 2397 482 8 64 124 3
1 2109 362 6 36 112 3
1 2349 482 8 64 117 3
1 1908 672 4 16 114 6
1 2005 649 5 25 119 3
1 2195 545 7 49 112 2
1 2332 482 8 64 116 2
1 2547 444 10 100 112 4
1 2407 513 9 81 112 3
1 2756 378 12 144 112 4
1 2043 362 5 25 106 4
1 2096 362 6 36 112 2
1 2178 545 7 49 111 2
1 1985 649 5 25 116 3
1 1740 617 2 4 108 4
1 1589 567 1 1 98 6
1 2579 444 10 100 117 2
1 1806 672 3 9 100 4
1 1687 617 2 4 99 3
1 1923 649 4 16 102 3
1 2273 482 7 49 101 2
1 2016 362 5 25 100 3
1 2399 513 8 64 108 3
1 1705 617 2 4 104 3
1 2300 482 8 64 111 3
1 1930 649 4 16 107 2
1 2015 362 5 25 101 2
1 2148 545 6 36 106 2
1 1775 617 3 9 112 3
1 1673 567 2 4 111 2
1 1836 672 4 16 110 2
1 1657 567 1 1 106 2
1 1780 617 3 9 112 7
1 1667 567 1 1 110 3
1 1848 672 3 9 110 3
1 1772 617 2 4 112 3
1 1987 649 4 16 116 3
1 2354 482 8 64 118 2
1 1881 672 3 9 114 2
1 2243 545 6 36 114 4
1 2242 545 6 36 114 4
1 2519 444 9 81 110 3
1 1787 617 2 4 114 2
1 2520 444 9 81 110 3
1 1782 617 2 4 113 2
1 1864 672 3 9 111 3
1 1669 567 1 1 104 9
1 1953 649 4 16 111 3
1 2335 482 8 64 116 3
1 2022 362 5 25 106 2
1 1693 617 2 4 102 2
1 1643 567 1 1 103 4
1 2197 545 6 36 113 2
1 1896 672 3 9 114 4
1 2383 482 8 64 121 3
1 2232 545 6 36 113 4
1 1731 617 2 4 109 2
1 1844 672 3 9 111 2
1 1928 649 4 16 105 3
1 1689 617 2 4 100 3
1 2047 362 5 25 107 3
1 2167 545 6 36 108 4
1 2166 545 6 36 108 4
1 1812 672 3 9 104 3
1 2504 444 9 81 107 4
1 2344 482 7 49 116 3
1 2430 513 8 64 114 4
1 2046 362 5 25 107 3
1 2345 482 7 49 116 3
1 2429 513 8 64 114 4
1 1817 672 3 9 106 3
1 1690 617 1 1 96 7
1 2432 513 8 64 116 3
1 1792 617 2 4 108 8
1 1947 649 4 16 110 3
1 2209 545 6 36 111 4
1 1828 672 3 9 108 2
1 1703 617 2 4 102 4
1 1938 649 4 16 109 3
1 2301 482 7 49 112 2
1 1811 672 3 9 104 2
1 2149 545 6 36 104 4
1 2017 362 5 25 102 3
1 2083 362 5 25 109 4
1 1802 617 2 4 117 3
1 2607 528 10 100 107 2
1 2281 482 7 49 108 2
1 2413 513 8 64 115 2
1 2158 545 6 36 107 3
1 2720 378 11 121 110 2
1 1946 649 4 16 107 6
1 2521 444 9 81 111 2
1 2035 362 5 25 107 2
1 1966 649 4 16 112 3
1 2355 482 7 49 118 2
1 1900 672 3 9 116 3
1 2244 545 6 36 116 2
1 1963 649 4 16 112 3
1 2194 545 6 36 112 2
1 1877 672 3 9 114 2
1 2393 482 7 49 116 8
1 1823 672 3 9 107 3
1 1712 617 2 4 104 4
1 2151 545 6 36 105 3
1 1769 617 2 4 108 6
1 2227 545 6 36 113 4
1 2551 444 9 81 114 2
1 2311 482 7 49 114 2
1 2433 513 8 64 117 2
1 2126 362 5 25 109 8
1 1704 617 2 4 103 3
1 2127 362 5 25 109 8
1 2205 545 6 36 113 2
1 2098 362 5 25 112 2
1 2423 513 8 64 115 3
1 2438 513 8 64 117 2
1 2208 545 6 36 112 3
1 1825 672 3 9 107 3
1 2512 444 9 81 109 3
1 2316 482 7 49 114 2
1 1929 649 4 16 107 2
1 1732 617 1 1 104 7
1 2102 362 5 25 110 4
1 1779 617 2 4 110 9
1 2247 545 6 36 115 4
1 2090 362 5 25 112 2
1 1897 672 3 9 115 3
1 1720 617 1 1 106 4
1 1781 617 2 4 113 3
1 2082 362 5 25 111 2
1 1818 672 2 4 107 2
1 1716 617 1 1 105 4
1 1988 649 4 16 115 4
1 2164 545 6 36 109 2
1 1816 672 3 9 107 2
1 2029 362 5 25 107 2
1 2264 545 6 36 121 2
1 2001 649 4 16 115 6
1 2115 362 5 25 115 2
1 2116 362 5 25 115 2
1 2263 545 6 36 121 2
1 2386 482 7 49 121 3
1 1871 672 3 9 111 4
1 2538 444 9 81 112 3
1 1961 649 4 16 113 2
1 2295 482 7 49 111 2
1 2037 362 5 25 107 2
1 1856 672 3 9 111 3
1 2079 362 5 25 110 2
1 1958 649 4 16 112 3
1 1735 617 1 1 107 4
1 2236 545 6 36 116 2
1 1858 672 3 9 112 2
1 2074 362 5 25 110 2
1 2565 444 9 81 113 4
1 1778 617 2 4 113 6
1 2073 362 5 25 110 2
1 2180 545 6 36 111 2
1 2045 362 5 25 108 2
1 2312 482 7 49 114 2
1 1776 617 2 4 110 5
1 1943 649 4 16 110 3
1 1906 672 3 9 113 7
1 2517 444 9 81 111 2
1 2181 545 6 36 111 2
1 1888 672 3 9 114 3
1 2529 444 9 81 113 2
1 1665 567 0 0 106 7
1 1969 649 4 16 113 4
1 1734 617 1 1 109 2
1 2456 513 8 64 120 2
1 2748 378 11 121 114 2
1 2545 444 9 81 114 2
1 1957 649 4 16 113 2
1 2254 545 6 36 118 2
1 1851 672 3 9 111 2
1 2369 482 7 49 119 2
1 2564 444 9 81 115 2
1 2669 528 10 100 114 2
1 2467 513 8 64 121 2
1 1960 649 4 16 113 2
1 2368 482 7 49 119 2
1 2085 362 5 25 111 2
1 2388 482 7 49 122 2
1 2268 545 6 36 118 7
1 2560 444 9 81 115 2
1 2337 482 7 49 117 2
1 2473 513 8 64 122 2
1 2559 444 9 81 115 2
1 2072 362 5 25 109 3
1 2204 545 6 36 113 2
1 2203 545 6 36 113 2
1 1794 617 2 4 114 5
1 1865 672 3 9 111 3
1 2489 513 8 64 128 2
1 2396 482 7 49 123 2
1 2265 545 6 36 120 3
1 2128 362 5 25 117 2
1 2488 513 8 64 128 2
1 2002 649 4 16 118 4
1 2003 649 4 16 118 4
1 2266 545 6 36 120 3
1 2694 528 10 100 122 5
1 1905 672 3 9 115 5
1 2136 362 5 25 119 2
1 2269 545 6 36 125 3
1 2816 378 11 121 123 3
1 2010 649 4 16 122 2
1 2270 545 6 36 125 3
1 2487 513 8 64 128 2
1 2599 444 9 81 121 4
1 2137 362 5 25 119 2
1 2817 378 11 121 123 3
1 1983 649 4 16 117 2
1 2483 513 8 64 124 2
1 2793 378 11 121 118 3
1 2237 545 6 36 116 2
1 1764 617 1 1 110 4
1 2379 482 7 49 120 2
1 2380 482 7 49 120 2
1 2794 378 11 121 118 3
1 1829 672 2 4 107 4
1 1872 672 3 9 111 4
1 1795 617 1 1 111 8
1 1919 672 3 9 116 8
1 2395 482 7 49 121 3
1 2006 649 4 16 117 5
1 1918 672 3 9 119 3
1 2110 362 5 25 113 2
1 1790 617 2 4 113 3
1 2255 545 6 36 117 3
1 2333 482 7 49 116 2
1 2450 513 8 64 119 2
1 1932 649 3 9 107 3
1 2174 545 6 36 110 2
1 2135 362 5 25 111 9
1 1799 617 1 1 115 4
1 2813 378 11 121 121 2
1 1937 649 3 9 108 4
1 2672 528 9 81 111 5
1 1736 617 1 1 105 6
1 2183 545 5 25 111 2
1 1927 649 4 16 106 2
1 1870 672 3 9 113 2
1 2056 362 5 25 107 4
1 1926 649 3 9 105 3
1 2275 482 6 36 105 2
1 2154 545 5 25 107 3
1 1965 649 3 9 113 2
1 2276 482 6 36 117 2
1 1891 672 2 4 108 10
1 2196 545 5 25 112 2
1 2480 513 7 49 121 5
1 2764 378 10 100 115 2
1 2229 545 5 25 114 3
1 2765 378 10 100 115 2
1 1978 649 3 9 113 5
1 2695 528 9 81 123 4
1 2125 362 4 16 115 2
1 2372 482 6 36 119 2
1 1830 672 2 4 109 2
1 2177 545 5 25 111 2
1 1991 649 3 9 115 4
1 2024 362 4 16 106 2
1 1827 672 2 4 107 3
1 1962 649 3 9 113 2
1 2542 444 8 64 113 3
1 1831 672 2 4 107 4
1 2455 513 7 49 119 2
1 2175 545 5 25 110 2
1 2329 482 6 36 116 2
1 2026 362 4 16 107 2
1 2328 482 6 36 116 2
1 1939 649 3 9 110 2
1 2162 545 5 25 109 2
1 2076 362 4 16 110 2
1 1860 672 2 4 109 5
1 2346 482 6 36 114 5
1 2445 513 7 49 118 2
1 2075 362 4 16 110 2
1 1955 649 3 9 109 5
1 2723 378 10 100 110 3
1 2207 545 5 25 113 2
1 2657 528 9 81 114 2
1 2357 482 6 36 118 2
1 2570 444 8 64 116 2
1 2442 513 7 49 118 2
1 2092 362 4 16 112 2
1 1976 649 3 9 113 5
1 2163 545 5 25 109 2
1 2307 482 6 36 118 2
1 2618 528 9 81 109 2
1 2179 545 5 25 111 2
1 2036 362 4 16 107 2
1 2575 444 8 64 115 3
1 2440 513 7 49 117 2
1 1948 649 3 9 109 4
1 2325 482 6 36 115 3
1 1873 672 2 4 107 8
1 1904 672 2 4 117 2
1 1834 672 2 4 109 3
1 2210 545 5 25 114 2
1 2965 502 12 144 119 2
1 2027 362 4 16 107 2
1 2835 508 11 121 117 9
1 2449 513 7 49 119 2
1 2365 482 6 36 118 3
1 1970 649 3 9 114 3
1 1911 672 2 4 119 2
1 1879 672 2 4 113 3
1 2486 513 7 49 128 2
1 2690 528 9 81 120 2
1 2069 362 4 16 110 2
1 2773 378 10 100 117 2
1 2390 482 6 36 122 2
1 2214 545 5 25 113 3
1 2199 545 5 25 113 2
1 1982 649 3 9 116 3
1 2048 362 4 16 108 2
1 1876 672 2 4 114 2
1 2629 528 9 81 109 3
1 2025 362 3 9 106 2
1 2202 545 5 25 113 2
1 1940 649 2 4 109 3
1 2804 378 10 100 120 2
1 2453 513 7 49 118 3
1 1822 672 1 1 108 2
1 2805 378 10 100 120 2
1 2454 513 7 49 118 3
1 1866 672 2 4 110 4
1 2539 444 8 64 112 4
1 2160 545 5 25 108 2
1 2277 482 6 36 109 2
1 1924 649 2 4 101 4
1 2142 362 4 16 122 3
1 2086 362 4 16 111 2
1 2131 362 4 16 115 5
1 1964 649 3 9 112 3
1 2359 482 6 36 118 2
1 2260 545 5 25 116 5
1 2624 528 9 81 109 2
1 2187 545 5 25 112 2
1 1952 649 3 9 110 3
1 2272 482 5 25 92 6
1 2031 362 4 16 107 2
1 1840 672 2 4 106 6
1 2186 545 5 25 112 2
1 2398 513 6 36 98 2
1 2387 482 6 36 118 6
1 2240 545 5 25 116 2
1 1945 649 3 9 110 3
1 2241 545 5 25 116 2
1 2370 482 6 36 119 2
1 2249 545 5 25 117 2
1 2071 362 4 16 110 2
1 1979 649 3 9 113 5
1 2317 482 6 36 114 2
1 2170 545 5 25 110 2
1 2077 362 4 16 109 3
1 1977 649 3 9 116 2
1 2114 362 4 16 112 4
1 2213 545 5 25 114 2
1 1850 672 2 4 111 2
1 2040 362 4 16 107 2
1 2525 444 8 64 111 2
1 1956 649 3 9 110 4
1 2314 482 6 36 113 3
1 2524 444 8 64 111 2
1 1833 672 2 4 109 3
1 2313 482 6 36 113 3
1 2039 362 4 16 107 2
1 1975 649 3 9 114 4
1 2224 545 5 25 113 3
1 2223 545 5 25 113 3
1 2065 362 4 16 109 2
1 2248 545 5 25 116 3
1 2497 444 8 64 107 2
1 2321 482 6 36 115 2
1 2018 362 4 16 106 2
1 1993 649 3 9 112 8
1 2889 502 12 144 111 3
1 2664 528 9 81 114 2
1 1950 649 3 9 108 5
1 2327 482 6 36 116 2
1 1986 649 3 9 115 4
1 2477 513 7 49 122 4
1 2358 482 6 36 117 3
1 2581 444 8 64 116 3
1 1847 672 1 1 107 6
1 2535 444 8 64 113 2
1 2215 545 5 25 113 3
1 2007 649 3 9 113 9
1 2101 362 4 16 112 2
1 2367 482 6 36 119 2
1 2081 362 3 9 109 4
1 2080 362 3 9 109 4
1 2222 545 4 16 112 4
1 2221 545 4 16 112 4
1 2491 444 7 49 98 5
1 2161 545 4 16 107 4
1 2052 362 3 9 108 3
1 2302 482 5 25 113 2
1 2604 528 8 64 106 2
1 2053 362 3 9 108 3
1 1933 649 2 4 108 3
1 2050 362 3 9 108 2
1 2324 482 5 25 116 2
1 2049 362 3 9 108 2
1 1974 649 2 4 114 4
1 2250 545 4 16 117 2
1 1821 672 1 1 108 2
1 2287 482 6 36 108 4
1 2688 528 9 81 115 5
1 2000 649 2 4 118 3
1 2182 545 4 16 111 2
1 1959 649 2 4 111 4
1 2078 362 3 9 108 4
1 2352 482 5 25 115 5
1 2786 378 9 81 118 2
1 2051 362 3 9 109 2
1 2597 444 7 49 121 3
1 2474 513 6 36 122 2
1 2231 545 4 16 115 2
1 2188 545 4 16 112 2
1 2280 482 5 25 107 2
1 2431 513 6 36 117 2
1 2019 362 3 9 104 3
1 2447 513 6 36 118 2
1 2104 362 3 9 113 2
1 2305 482 5 25 114 2
1 1996 649 2 4 116 4
1 2553 444 7 49 113 3
1 2552 444 7 49 113 3
1 2318 482 5 25 115 2
1 2206 545 4 16 113 2
1 2422 513 6 36 115 2
1 2320 482 5 25 114 3
1 2677 528 8 64 116 2
1 2946 502 11 121 111 7
1 2468 513 6 36 119 4
1 2566 444 7 49 115 2
1 2737 378 9 81 111 3
1 2062 362 3 9 109 2
1 1980 649 2 4 113 5
1 2592 444 7 49 119 2
1 2807 378 9 81 121 2
1 2087 362 2 4 111 2
1 2923 502 11 121 115 2
1 2284 482 4 16 109 2
1 2747 378 9 81 112 3
1 2746 378 9 81 112 3
1 2059 362 2 4 107 4
1 2058 362 2 4 107 4
1 2220 545 4 16 113 3
1 2646 528 8 64 111 3
1 2219 545 4 16 113 3
1 2176 545 3 9 111 2
1 2004 649 2 4 114 8
1 2140 362 3 9 123 2
1 2360 482 5 25 118 2
1 2259 545 4 16 119 2
1 2113 362 3 9 114 2
1 2555 444 7 49 112 4
1 2655 528 7 49 111 4
1 2023 362 2 4 105 3
1 2218 545 4 16 114 2
1 2421 513 6 36 115 2
1 2217 545 4 16 114 2
1 2556 444 7 49 112 4
1 2420 513 6 36 115 2
1 2290 482 4 16 111 2
1 2656 528 7 49 111 4
1 2233 545 4 16 115 2
1 2920 502 11 121 113 3
1 2663 528 8 64 113 3
1 2472 513 6 36 120 4
1 2392 482 5 25 118 6
1 2919 502 11 121 113 3
1 2124 362 3 9 111 6
1 2070 362 3 9 108 4
1 2212 545 4 16 114 2
1 2343 482 5 25 111 8
1 2460 513 6 36 120 2
1 2589 444 7 49 118 3
1 2143 362 3 9 118 2
1 2531 444 6 36 112 3
1 2412 513 5 25 114 2
1 2064 362 2 4 107 4
1 2530 444 6 36 112 3
1 2294 482 4 16 111 2
1 2469 513 5 25 122 2
1 2930 502 10 100 115 2
1 2580 444 6 36 117 2
1 2034 362 1 1 104 5
1 2667 528 7 49 112 2
1 2426 513 5 25 114 3
1 2322 482 4 16 112 5
1 2066 362 2 4 108 3
1 2145 545 2 4 103 2
1 2323 482 4 16 112 5
1 2297 482 4 16 112 2
1 2833 508 9 81 110 9
1 2641 528 7 49 111 2
1 2906 502 10 100 112 3
1 2537 444 6 36 112 3
1 2739 378 8 64 113 2
1 2418 513 5 25 115 2
1 2169 545 2 4 109 3
1 2837 508 9 81 117 9
1 2088 362 1 1 109 5
1 2932 502 10 100 115 2
1 2381 482 4 16 122 2
1 2271 482 3 9 95 3
1 2152 545 2 4 108 2
1 2089 362 1 1 111 3
1 2041 362 1 1 107 3
1 2719 378 8 64 109 3
1 2471 513 5 25 122 2
1 2134 362 2 4 115 5
1 2384 482 4 16 122 2
1 2791 378 8 64 118 3
1 2792 378 8 64 118 3
1 2252 545 3 9 117 3
1 2253 545 3 9 117 3
1 2671 528 7 49 114 3
1 2951 502 10 100 117 2
1 2184 545 2 4 111 2
1 2567 444 6 36 115 3
1 2068 362 1 1 110 2
1 2952 502 10 100 117 2
1 2654 528 6 36 113 2
1 2441 513 5 25 116 4
1 2568 444 6 36 115 3
1 2342 482 4 16 115 4
1 2341 482 4 16 115 4
1 2463 513 4 16 112 10
1 2348 482 3 9 114 5
1 2014 362 0 0 98 5
1 2286 482 3 9 110 2
1 2501 444 5 25 107 2
1 2602 528 6 36 103 3
1 2408 513 4 16 112 2
1 2157 545 2 4 106 4
1 2613 528 6 36 107 3
1 2299 482 3 9 112 2
1 2414 513 4 16 114 3
1 2541 444 5 25 113 3
1 2711 378 7 49 108 4
1 2712 378 7 49 108 4
1 2150 545 2 4 105 3
1 2303 482 3 9 113 2
1 2437 513 4 16 116 3
1 2304 482 3 9 113 2
1 2582 444 5 25 113 6
1 2193 545 2 4 111 3
1 2146 545 1 1 104 3
1 2310 482 3 9 115 2
1 2411 513 4 16 114 2
1 2507 444 5 25 108 3
1 2506 444 5 25 108 3
1 2067 362 1 1 107 5
1 2228 545 2 4 110 7
1 2573 444 5 25 115 3
1 2339 482 3 9 116 3
1 2910 502 9 81 114 2
1 2615 528 6 36 108 2
1 2118 362 1 1 110 7
1 2614 528 6 36 108 2
1 2278 482 2 4 104 3
1 2405 513 4 16 112 2
1 2619 528 6 36 108 3
1 2465 513 4 16 121 2
1 2191 545 2 4 110 4
1 2038 362 0 0 105 4
1 2702 378 6 36 106 2
1 2601 528 5 25 102 2
1 2828 508 8 64 108 10
1 2279 482 2 4 106 2
1 2871 502 9 81 107 5
1 2404 513 4 16 110 4
1 2306 482 3 9 114 2
1 2060 362 0 0 108 3
1 2172 545 2 4 110 2
1 2631 528 6 36 108 4
1 2728 378 7 49 109 4
1 2288 482 3 9 109 3
1 2513 444 5 25 110 2
1 2729 378 7 49 109 4
1 2500 444 4 16 107 2
1 2400 513 4 16 110 3
1 2338 482 3 9 114 5
1 2743 378 7 49 113 2
1 2536 444 5 25 112 3
1 2377 482 3 9 117 5
1 2117 362 1 1 111 6
1 2245 545 2 4 112 6
1 2410 513 4 16 114 2
1 2620 528 6 36 109 2
1 2239 545 2 4 113 5
1 2470 513 4 16 122 2
1 2797 378 7 49 120 2
1 2138 362 1 1 113 8
1 2353 482 3 9 117 3
1 2960 502 9 81 118 2
1 2057 362 0 0 107 4
1 2632 528 5 25 110 2
1 2451 513 4 16 119 2
1 2533 444 5 25 112 3
1 2725 378 7 49 111 2
1 2230 545 2 4 114 3
1 2013 362 0 0 95 6
1 2635 528 6 36 110 2
1 2864 502 9 81 109 2
1 2308 482 3 9 114 2
1 2550 444 5 25 112 4
1 2639 528 6 36 110 2
1 2824 508 7 49 106 10
1 2435 513 4 16 114 5
1 2428 513 4 16 117 2
1 2670 528 6 36 113 4
1 2554 444 5 25 111 6
1 2938 502 9 81 115 3
1 2753 378 7 49 113 3
1 2315 482 3 9 113 3
1 2611 528 5 25 108 2
1 2409 513 4 16 112 2
1 2351 482 3 9 115 5
1 2168 545 1 1 110 2
1 2505 444 4 16 109 2
1 2859 502 8 64 107 4
1 2858 502 8 64 107 4
1 2610 528 6 36 118 2
1 2330 482 3 9 116 2
1 2216 545 1 1 110 6
1 2528 444 5 25 110 3
1 2093 362 0 0 108 6
1 2091 362 0 0 109 5
1 2779 378 7 49 117 2
1 2394 482 3 9 122 2
1 2103 362 0 0 106 8
1 2235 545 1 1 114 3
1 2141 362 1 1 119 6
1 2401 513 3 9 116 2
1 2650 528 5 25 112 2
1 2940 502 9 81 115 3
1 2262 545 2 4 119 3
1 2452 513 4 16 119 2
1 2331 482 3 9 115 3
1 2446 513 4 16 118 2
1 2549 444 4 16 112 4
1 2159 545 1 1 107 3
1 2144 362 0 0 111 9
1 2336 482 3 9 116 3
1 2153 545 1 1 106 4
1 2502 444 4 16 106 4
1 2704 378 6 36 108 2
1 2915 502 9 81 114 2
1 2785 378 7 49 118 2
1 2350 482 3 9 116 4
1 2914 502 9 81 114 2
1 2658 528 6 36 114 2
1 2826 508 8 64 111 6
1 2139 362 1 1 117 4
1 2123 362 0 0 114 3
1 2651 528 5 25 113 2
1 2775 378 7 49 116 3
1 2356 482 2 4 116 4
1 2173 545 1 1 109 3
1 2823 508 7 49 106 10
1 2419 513 4 16 115 2
1 2495 444 4 16 106 2
1 2609 528 5 25 108 2
1 2291 482 2 4 111 2
1 2417 513 4 16 114 3
1 2499 444 4 16 107 2
1 2681 528 5 25 115 3
1 2585 444 5 25 117 3
1 2475 513 4 16 123 3
1 2374 482 3 9 118 3
1 2675 528 5 25 114 3
1 2366 482 3 9 119 2
1 2598 444 5 25 122 2
1 2515 444 4 16 109 3
1 2674 528 5 25 112 4
1 2796 378 6 36 119 2
1 2673 528 5 25 112 4
1 2516 444 4 16 109 3
1 2922 502 8 64 114 2
1 2795 378 6 36 119 2
1 2361 482 2 4 118 2
1 2257 545 1 1 116 5
1 2375 482 2 4 118 4
1 2371 482 2 4 114 7
1 2678 528 5 25 113 5
1 2577 444 4 16 116 2
1 2707 378 6 36 108 2
1 2850 502 8 64 111 2
1 2363 482 2 4 114 7
1 2744 378 6 36 114 2
1 2459 513 3 9 120 2
1 2572 444 4 16 116 2
1 2782 378 6 36 117 2
1 2391 482 2 4 122 2
1 2680 528 5 25 115 3
1 2458 513 3 9 117 5
1 2904 502 8 64 113 2
1 2766 378 6 36 115 2
1 2569 444 4 16 116 2
1 2652 528 5 25 113 2
1 2362 482 2 4 116 5
1 2561 444 4 16 115 2
1 2571 444 4 16 114 4
1 2686 528 5 25 114 5
1 2479 513 3 9 121 5
1 2587 444 4 16 118 3
1 2732 378 6 36 112 2
1 2643 528 5 25 112 2
1 2687 528 5 25 118 2
1 2811 378 6 36 121 2
1 2476 513 3 9 123 3
1 2389 482 2 4 122 2
1 2942 502 8 64 115 3
1 2376 482 2 4 118 4
1 2493 444 3 9 98 5
1 2913 502 8 64 113 3
1 2757 378 6 36 114 3
1 2689 528 5 25 116 6
1 2464 513 3 9 120 2
1 2736 378 6 36 112 2
1 2576 444 4 16 116 2
1 2961 502 8 64 118 2
1 2628 528 4 16 109 3
1 2540 444 4 16 114 2
1 2416 513 3 9 115 2
1 2608 528 4 16 106 3
1 2319 482 2 4 114 3
1 2851 502 7 49 108 2
1 2403 513 3 9 111 2
1 2496 444 3 9 106 3
1 2717 378 5 25 109 3
1 2436 513 3 9 116 3
1 2543 444 4 16 112 4
1 2718 378 5 25 109 3
1 2636 528 4 16 111 2
1 2544 444 4 16 112 4
1 2334 482 2 4 113 5
1 2439 513 3 9 116 3
1 2616 528 4 16 109 2
1 2873 502 7 49 110 2
1 2854 502 7 49 107 3
1 2822 508 6 36 103 10
1 2606 528 4 16 106 3
1 2425 513 2 4 115 3
1 2514 444 4 16 109 3
1 2697 378 5 25 101 2
1 2340 482 2 4 116 3
1 2457 513 3 9 120 2
1 2789 378 6 36 118 2
1 2852 502 8 64 108 2
1 2532 444 4 16 111 4
1 2406 513 3 9 112 2
1 2706 378 5 25 107 3
1 2705 378 5 25 107 3
1 2623 528 5 25 109 2
1 2293 482 1 1 108 5
1 2661 528 5 25 114 2
1 2780 378 6 36 117 2
1 2534 444 4 16 112 3
1 2466 513 3 9 121 2
1 2898 502 8 64 113 2
1 2865 502 7 49 110 2
1 2546 444 4 16 112 4
1 2625 528 4 16 109 2
1 2382 482 2 4 121 3
1 2769 378 6 36 114 3
1 2788 378 6 36 119 2
1 2444 513 3 9 117 3
1 2659 528 5 25 113 3
1 2591 444 4 16 116 5
1 2347 482 2 4 116 3
1 2799 378 6 36 118 4
1 2626 528 5 25 123 4
1 2703 378 5 25 107 2
1 2666 528 5 25 115 2
1 2895 502 8 64 113 2
1 2523 444 3 9 111 2
1 2627 528 4 16 110 2
1 2777 378 6 36 116 2
1 2905 502 7 49 110 5
1 2326 482 1 1 114 4
1 2415 513 2 4 114 3
1 2590 444 4 16 119 2
1 2964 502 8 64 117 3
1 2755 378 5 25 114 2
1 2492 444 2 4 97 6
1 2402 513 2 4 109 3
1 2698 378 4 16 99 2
1 2562 444 3 9 113 4
1 2724 378 5 25 110 3
1 2887 502 7 49 108 5
1 2886 502 7 49 108 5
1 2617 528 4 16 109 2
1 2595 444 3 9 119 3
1 2481 513 2 4 124 2
1 2943 502 7 49 114 4
1 2605 528 3 9 106 3
1 2709 378 5 25 110 2
1 2518 444 3 9 111 2
1 2462 513 2 4 118 4
1 2692 528 4 16 120 2
1 2836 508 6 36 117 9
1 2776 378 5 25 116 2
1 2902 502 7 49 113 2
1 2593 444 3 9 117 5
1 2443 513 2 4 117 3
1 2510 444 3 9 110 2
1 2931 502 7 49 115 2
1 2790 378 5 25 118 3
1 2693 528 4 16 121 6
1 2586 444 3 9 116 4
1 2508 444 2 4 109 3
1 2763 378 5 25 113 4
1 2683 528 4 16 114 5
1 2762 378 5 25 113 4
1 2682 528 4 16 114 5
1 2924 502 7 49 114 3
1 2925 502 7 49 114 3
1 2448 513 2 4 117 3
1 2806 378 5 25 118 4
1 2653 528 4 16 112 3
1 2953 502 7 49 116 3
1 2862 502 6 36 108 3
1 2548 444 3 9 114 2
1 2434 513 2 4 115 3
1 2745 378 4 16 110 5
1 2958 502 7 49 122 2
1 2699 378 4 16 105 2
1 2825 508 5 25 107 9
1 2621 528 3 9 108 3
1 2916 502 7 49 113 3
1 2526 444 2 4 111 2
1 2665 528 4 16 115 2
1 2784 378 5 25 117 2
1 2509 444 2 4 109 3
1 2660 528 4 16 114 2
1 2490 513 2 4 121 2
1 2594 444 3 9 119 3
1 2574 444 3 9 116 2
1 2802 378 5 25 120 2
1 2911 502 7 49 114 2
1 2685 528 4 16 115 4
1 2482 513 2 4 122 4
1 2921 502 7 49 114 2
1 2461 513 2 4 118 4
1 2761 378 5 25 114 3
1 2760 378 5 25 114 3
1 2494 444 2 4 104 3
1 2742 378 4 16 106 9
1 2603 528 3 9 105 3
1 2754 378 5 25 114 2
1 2612 528 3 9 108 2
1 2522 444 2 4 110 3
1 2588 444 3 9 116 5
1 2478 513 2 4 122 4
1 2812 378 5 25 121 2
1 2941 502 6 36 116 2
1 2630 528 3 9 110 2
1 2503 444 2 4 106 5
1 2954 502 6 36 117 2
1 2778 378 4 16 117 2
1 2584 444 2 4 111 9
1 2557 444 2 4 113 4
1 2832 508 5 25 110 9
1 2839 502 5 25 98 4
1 2642 528 3 9 111 2
1 2838 502 5 25 98 4
1 2781 378 4 16 117 2
1 2691 528 3 9 118 4
1 2962 502 6 36 118 2
1 2800 378 4 16 119 3
1 2648 528 3 9 112 2
1 2926 502 6 36 115 2
1 2622 528 2 4 108 3
1 2896 502 6 36 113 2
1 2738 378 4 16 113 2
1 2741 378 4 16 113 2
1 2634 528 2 4 110 2
1 2731 378 4 16 112 2
1 2558 444 2 4 113 4
1 2834 508 5 25 114 7
1 2955 502 6 36 112 7
1 2647 528 2 4 112 3
1 2783 378 4 16 113 6
1 2929 502 5 25 111 6
1 2735 378 3 9 112 2
1 2679 528 2 4 109 9
1 2633 528 2 4 108 4
1 2831 508 4 16 109 10
1 2583 444 1 1 113 7
1 2876 502 5 25 109 3
1 2830 508 4 16 110 9
1 2752 378 3 9 113 3
1 2944 502 6 36 116 2
1 2511 444 1 1 107 5
1 2730 378 3 9 111 2
1 2676 528 2 4 110 7
1 2948 502 5 25 111 7
1 2894 502 5 25 112 2
1 2684 528 2 4 114 5
1 2767 378 3 9 115 2
1 2751 378 3 9 114 2
1 2644 528 2 4 111 3
1 2928 502 5 25 114 3
1 2808 378 4 16 121 2
1 2947 502 6 36 116 2
1 2809 378 4 16 120 3
1 2715 378 3 9 109 3
1 2649 528 2 4 112 2
1 2527 444 1 1 110 3
1 2875 502 5 25 110 2
1 2829 508 4 16 108 10
1 2638 528 2 4 109 4
1 2787 378 4 16 118 2
1 2640 528 2 4 110 3
1 2770 378 3 9 113 4
1 2856 502 5 25 107 3
1 2645 528 2 4 110 4
1 2716 378 3 9 110 2
1 2596 444 1 1 117 5
1 2722 378 3 9 111 2
1 2903 502 5 25 112 3
1 2758 378 3 9 114 3
1 2881 502 5 25 110 3
1 2827 508 3 9 107 10
1 2840 502 4 16 99 3
1 2733 378 3 9 112 2
1 2899 502 5 25 112 3
1 2907 502 5 25 112 3
1 2749 378 3 9 114 2
1 2750 378 2 4 113 3
1 2866 502 4 16 110 2
1 2727 378 2 4 109 3
1 2867 502 4 16 110 2
1 2734 378 2 4 112 2
1 2662 528 1 1 112 4
1 2849 502 4 16 106 2
1 2821 508 3 9 102 9
1 2701 378 2 4 106 3
1 2772 378 2 4 115 3
1 2771 378 2 4 115 3
1 2917 502 4 16 114 2
1 2810 378 3 9 121 2
1 2844 502 4 16 104 3
1 2708 378 2 4 108 2
1 2801 378 3 9 119 3
1 2888 502 4 16 111 3
1 2957 502 4 16 117 2
1 2774 378 2 4 116 2
1 2956 502 4 16 117 2
1 2740 378 2 4 110 5
1 2949 502 4 16 117 2
1 2846 502 4 16 105 2
1 2668 528 1 1 111 6
1 2710 378 2 4 109 3
1 2855 502 4 16 107 3
1 2843 502 3 9 103 2
1 2696 378 1 1 102 4
1 2700 378 1 1 104 4
1 2868 502 3 9 108 3
1 2713 378 1 1 109 3
1 2897 502 4 16 112 3
1 2891 502 3 9 109 5
1 2714 378 1 1 107 5
1 2842 502 3 9 105 2
1 2798 378 2 4 119 3
1 2879 502 3 9 111 2
1 2845 502 3 9 105 2
1 2726 378 1 1 110 3
1 2853 502 3 9 104 6
1 2857 502 3 9 109 2
1 2901 502 3 9 112 3
1 2872 502 2 4 109 3
1 2893 502 3 9 108 6
1 2841 502 2 4 100 4
1 2768 378 1 1 110 7
1 2818 378 1 1 119 7
1 2863 502 3 9 107 4
1 2971 502 3 9 124 3
1 2908 502 3 9 112 3
1 2918 502 3 9 112 4
1 2848 502 2 4 105 3
1 2803 378 1 1 113 8
1 2885 502 2 4 106 7
1 2860 502 2 4 105 6
1 2892 502 3 9 112 2
1 2882 502 2 4 110 3
1 2939 502 3 9 116 2
1 2820 508 2 4 120 2
1 2937 502 3 9 114 4
1 2950 502 3 9 116 3
1 2890 502 2 4 110 3
1 2934 502 3 9 115 2
1 2759 378 1 1 114 3
1 2945 502 3 9 114 4
1 2861 502 2 4 109 2
1 2884 502 2 4 110 3
1 2880 502 2 4 108 5
1 2968 502 3 9 120 4
1 2883 502 2 4 111 2
1 2819 378 0 0 118 9
1 2933 502 2 4 114 3
1 2869 502 3 9 108 4
1 2900 502 2 4 111 4
1 2927 502 2 4 111 6
1 2847 502 1 1 101 6
1 2874 502 1 1 107 4
1 2972 502 2 4 119 9
1 2870 502 1 1 105 7
1 2909 502 2 4 112 4
1 2912 502 2 4 112 4
1  502 2 4 115 5
1 2959 502 2 4 115 5
1 2967 502 2 4 116 5
1 2973 502 2 4 119 9
1 2935 502 1 1 113 5
1 2969 502 2 4 118 6
1 2963 502 1 1 113 7
1 2936 502 1 1 116 2
1 2877 502 1 1 112 8
1 2878 502 1 1 109 4
1 2966 502 1 1 115 6
1 2970 502 1 1 120 5
