1 1047 4
1 1048 6
1 1049 8
1 1050 3
1 1051 6
1 1052 8
1 1053 3
1 1054 3
1 95 11
1 118 16
1 119 9
1 91 9
1 120 9
1 121 8
1 122 9
1 123 11
1 124 9
1 84 11
1 125 6
1 80 11
1 126 9
1 127 6
1 128 14
1 129 15
1 1055 6
1 1056 5
1 130 5
1 1057 4
1 131 11
1 132 15
1 133 11
1 134 8
1 135 11
1 70 13
1 65 7
1 136 13
1 137 11
1 60 11
1 138 11
1 139 8
1 140 11
1 141 10
1 142 10
1 143 9
1 144 4
1 145 3
1 146 3
1 147 3
1 148 3
1 149 3
1 150 3
1 151 3
1 152 3
1 153 3
1 154 3
1 155 3
1 156 3
1 157 3
1 158 3
1 159 3
1 160 3
1 161 3
1 162 3
1 163 3
1 72 12
1 164 9
1 165 9
1 92 16
1 166 12
1 167 3
1 168 3
1 169 11
1 170 5
1 171 11
1 172 3
1 173 8
1 174 8
1 175 8
1 176 12
1 177 5
1 178 12
1 52 11
1 47 12
1 46 8
1 179 5
1 180 8
1 181 8
1 182 8
1 183 8
1 53 11
1 184 8
1 185 2
1 97 12
1 186 4
1 187 4
1 188 14
1 87 11
1 189 14
1 190 10
1 191 11
1 192 11
1 193 4
1 83 11
1 194 11
1 195 9
1 196 6
1 79 6
1 197 6
1 198 3
1 199 3
1 61 6
1 200 3
1 201 3
1 202 3
1 203 3
1 204 6
1 205 3
1 206 3
1 207 3
1 208 6
1 209 6
1 210 3
1 211 10
1 212 3
1 74 10
1 213 8
1 214 10
1 215 9
1 62 10
1 57 4
1 216 6
1 71 10
1 217 10
1 218 9
1 219 3
1 220 9
1 76 10
1 48 10
1 221 3
1 222 10
1 223 9
1 224 12
1 225 9
1 226 9
1 227 5
1 228 4
1 229 9
1 88 11
1 230 4
1 231 5
1 232 5
1 233 9
1 69 9
1 234 5
1 235 5
1 236 5
1 237 9
1 238 5
1 239 7
1 240 4
1 241 9
1 242 5
1 77 12
1 243 4
1 244 9
1 245 15
1 246 5
1 247 4
1 248 4
1 249 9
1 250 9
1 251 5
1 56 7
1 252 5
1 253 9
1 254 9
1 255 12
1 256 9
1 51 9
1 45 8
1 257 12
1 258 7
1 259 8
1 260 11
1 261 9
1 262 5
1 263 7
1 264 12
1 265 9
1 266 12
1 267 11
1 268 4
1 269 8
1 270 4
1 271 8
1 272 8
1 273 5
1 274 4
1 275 8
1 85 8
1 67 11
1 276 4
1 277 7
1 278 13
1 279 8
1 63 9
1 280 6
1 281 8
1 282 3
1 283 6
1 284 7
1 285 8
1 286 8
1 287 8
1 288 11
1 289 3
1 290 8
1 291 4
1 58 8
1 292 8
1 293 4
1 294 11
1 295 6
1 296 3
1 297 3
1 298 7
1 299 10
1 300 7
1 301 7
1 302 7
1 303 7
1 304 7
1 305 7
1 306 7
1 41 13
1 307 10
1 308 7
1 309 3
1 54 7
1 310 13
1 311 6
1 312 7
1 313 10
1 314 3
1 315 5
1 316 2
1 317 3
1 318 7
1 319 10
1 320 6
1 321 10
1 35 6
1 322 7
1 323 10
1 324 3
1 325 3
1 326 3
1 327 7
1 328 7
1 329 10
1 330 5
1 81 10
1 331 5
1 332 7
1 333 7
1 334 7
1 335 12
1 336 5
1 31 10
1 337 13
1 338 13
1 82 10
1 339 5
1 340 6
1 341 12
1 78 9
1 342 12
1 343 5
1 344 6
1 345 12
1 346 6
1 29 9
1 347 12
1 348 9
1 349 5
1 350 6
1 351 6
1 352 6
1 353 6
1 354 12
1 355 9
1 356 9
1 357 6
1 358 6
1 359 4
1 360 6
1 361 9
1 362 6
1 73 6
1 363 6
1 24 12
1 68 6
1 364 9
1 365 9
1 366 6
1 367 9
1 368 6
1 369 6
1 370 6
1 371 6
1 64 6
1 372 5
1 373 5
1 98 11
1 374 5
1 375 5
1 10 11
1 376 8
1 377 5
1 378 3
1 5 8
1 379 7
1 380 8
1 381 5
1 382 9
1 383 4
1 2 10
1 384 10
1 385 10
1 386 13
1 387 6
1 388 7
1 59 10
1 389 7
1 390 4
1 391 4
1 392 4
1 393 7
1 394 10
1 395 10
1 396 4
1 397 4
1 398 12
1 399 4
1 400 13
1 55 15
1 401 7
1 402 4
1 403 4
1 404 4
1 405 12
1 40 12
1 406 4
1 407 4
1 408 4
1 409 12
1 410 4
1 411 4
1 412 10
1 413 7
1 414 10
1 34 10
1 415 4
1 416 10
1 417 10
1 418 7
1 419 4
1 420 7
1 421 7
1 422 7
1 93 10
1 423 4
1 424 4
1 425 7
1 426 6
1 50 7
1 427 12
1 428 4
1 429 10
1 430 4
1 431 4
1 89 7
1 432 4
1 433 4
1 434 4
1 435 4
1 436 4
1 437 7
1 438 4
1 439 6
1 440 3
1 86 13
1 441 3
1 442 9
1 443 15
1 444 3
1 445 6
1 446 9
1 447 6
1 448 6
1 449 6
1 450 6
1 451 3
1 452 6
1 453 9
1 454 11
1 455 3
1 456 3
1 457 9
1 458 3
1 459 3
1 460 3
1 461 11
1 462 3
1 44 6
1 463 9
1 464 13
1 465 11
1 94 3
1 466 12
1 467 3
1 468 3
1 469 3
1 470 9
1 471 9
1 90 6
1 472 3
1 473 3
1 474 3
1 475 11
1 476 3
1 477 9
1 478 3
1 479 3
1 480 10
1 481 10
1 28 9
1 482 10
1 483 11
1 484 5
1 485 10
1 15 9
1 486 8
1 487 10
1 488 8
1 9 8
1 489 10
1 490 10
1 4 12
1 491 7
1 492 7
1 493 9
1 494 4
1 495 4
1 496 12
1 497 9
1 498 4
1 43 9
1 499 7
1 500 10
1 501 4
1 502 10
1 503 6
1 39 9
1 504 4
1 99 16
1 505 3
1 506 3
1 507 8
1 508 6
1 509 6
1 510 3
1 511 3
1 33 8
1 512 3
1 30 8
1 513 3
1 514 6
1 515 6
1 516 3
1 517 6
1 518 3
1 519 3
1 520 3
1 521 3
1 522 6
1 523 3
1 524 3
1 525 3
1 526 16
1 527 3
1 528 3
1 529 3
1 530 8
1 531 3
1 532 8
1 533 3
1 534 3
1 535 3
1 536 3
1 537 3
1 538 3
1 539 3
1 540 6
1 100 10
1 541 2
1 542 3
1 543 8
1 544 3
1 545 3
1 546 3
1 547 3
1 548 3
1 549 8
1 550 11
1 551 3
1 101 10
1 552 3
1 553 10
1 554 6
1 555 3
1 14 6
1 556 8
1 557 3
1 558 3
1 559 3
1 560 3
1 561 7
1 562 10
1 8 8
1 563 3
1 564 3
1 565 3
1 1 6
1 566 7
1 567 9
1 568 3
1 569 7
1 570 6
1 571 4
1 572 12
1 27 12
1 573 9
1 574 5
1 575 5
1 576 5
1 577 11
1 578 5
1 579 10
1 23 10
1 18 10
1 13 11
1 580 11
1 581 7
1 582 9
1 583 12
1 584 7
1 585 7
1 586 14
1 587 5
1 588 9
1 589 8
1 590 9
1 38 10
1 96 7
1 591 7
1 592 3
1 593 5
1 26 10
1 22 11
1 594 4
1 595 16
1 596 7
1 597 3
1 598 3
1 599 8
1 600 3
1 601 3
1 602 9
1 603 3
1 604 9
1 605 3
1 606 3
1 607 6
1 608 3
1 609 3
1 610 3
1 611 3
1 612 10
1 613 5
1 614 3
1 615 10
1 616 3
1 617 3
1 618 3
1 619 10
1 620 9
1 42 9
1 37 5
1 621 9
1 622 3
1 623 10
1 624 3
1 625 10
1 626 3
1 627 8
1 628 5
1 629 3
1 630 3
1 631 3
1 632 3
1 633 10
1 634 7
1 635 3
1 636 10
1 637 3
1 638 10
1 639 3
1 32 9
1 640 10
1 641 3
1 642 3
1 643 3
1 644 9
1 645 5
1 646 3
1 647 9
1 648 10
1 649 9
1 650 3
1 651 3
1 652 8
1 653 3
1 654 9
1 655 3
1 656 3
1 657 3
1 658 9
1 659 9
1 660 6
1 661 10
1 662 4
1 663 3
1 664 9
1 665 8
1 666 9
1 667 9
1 668 4
1 669 8
1 670 9
1 671 8
1 672 8
1 25 11
1 673 9
1 674 9
1 675 9
1 676 9
1 677 8
1 678 9
1 679 9
1 680 9
1 21 7
1 681 9
1 682 8
1 17 9
1 683 4
1 684 7
1 685 9
1 686 15
1 687 8
1 688 12
1 689 16
1 690 9
1 691 9
1 102 9
1 692 9
1 693 7
1 75 13
1 694 9
1 695 11
1 103 9
1 696 9
1 697 9
1 698 8
1 699 6
1 12 12
1 700 4
1 701 8
1 702 9
1 703 8
1 104 9
1 704 8
1 705 9
1 706 11
1 707 9
1 708 12
1 709 9
1 710 6
1 711 8
1 712 8
1 713 9
1 714 7
1 715 8
1 716 12
1 717 8
1 718 10
1 105 12
1 719 7
1 720 9
1 721 7
1 722 3
1 723 9
1 724 8
1 725 4
1 726 3
1 106 9
1 727 5
1 107 12
1 728 10
1 729 10
1 730 8
1 731 8
1 108 14
1 732 7
1 733 7
1 734 7
1 735 9
1 736 10
1 737 6
1 738 9
1 739 7
1 20 7
1 16 7
1 740 7
1 741 11
1 742 7
1 743 7
1 744 6
1 745 9
1 746 11
1 747 7
1 748 7
1 749 8
1 750 8
1 751 7
1 752 5
1 753 12
1 66 7
1 754 8
1 755 9
1 756 7
1 757 7
1 7 7
1 758 9
1 759 3
1 760 5
1 761 3
1 762 3
1 763 5
1 764 3
1 765 4
1 3 7
1 766 8
1 767 6
1 768 4
1 769 9
1 770 6
1 771 8
1 36 6
1 772 4
1 773 3
1 774 12
1 775 11
1 776 4
1 777 8
1 778 8
1 779 10
1 780 5
1 781 8
1 782 6
1 783 10
1 784 6
1 785 6
1 786 6
1 787 6
1 788 6
1 789 9
1 790 6
1 791 6
1 792 7
1 793 5
1 794 5
1 795 5
1 796 5
1 797 7
1 798 5
1 799 5
1 800 7
1 801 11
1 802 5
1 803 5
1 804 8
1 805 8
1 806 8
1 807 8
1 808 5
1 809 6
1 810 9
1 811 5
1 812 5
1 813 9
1 814 5
1 815 4
1 816 11
1 817 5
1 818 4
1 819 9
1 820 8
1 19 5
1 821 9
1 822 11
1 823 7
1 824 5
1 825 9
1 826 9
1 827 5
1 828 9
1 829 5
1 830 11
1 831 9
1 832 5
1 833 5
1 834 5
1 835 3
1 836 5
1 837 4
1 838 5
1 839 5
1 840 4
1 841 11
1 842 5
1 843 5
1 844 8
1 845 7
1 846 5
1 847 5
1 848 6
1 849 9
1 850 9
1 851 11
1 852 10
1 853 5
1 854 5
1 855 7
1 856 3
1 857 5
1 858 3
1 859 10
1 860 5
1 861 9
1 862 8
1 863 6
1 864 4
1 865 3
1 866 4
1 867 4
1 868 10
1 869 6
1 870 4
1 871 9
1 872 4
1 873 6
1 874 6
1 875 4
1 876 3
1 877 10
1 878 3
1 879 4
1 880 4
1 881 6
1 882 4
1 883 4
1 884 6
1 885 8
1 886 4
1 887 4
1 11 10
1 888 4
1 889 8
1 890 10
1 891 4
1 892 4
1 893 10
1 894 10
1 895 4
1 896 8
1 897 4
1 898 10
1 899 10
1 900 4
1 901 4
1 902 3
1 903 8
1 904 4
1 905 10
1 906 4
1 907 6
1 908 10
1 909 8
1 910 8
1 911 6
1 912 9
1 913 10
1 914 10
1 915 10
1 916 8
1 917 5
1 918 5
1 919 8
1 920 8
1 921 5
1 922 3
1 923 7
1 924 9
1 925 3
1 926 9
1 927 3
1 928 3
1 929 9
1 930 10
1 931 5
1 932 3
1 933 3
1 934 3
1 935 9
1 936 3
1 937 3
1 938 3
1 939 3
1 940 3
1 941 7
1 942 3
1 943 9
1 944 3
1 945 5
1 946 5
1 947 7
1 948 7
1 949 3
1 950 7
1 951 6
1 6 8
1 952 6
1 953 3
1 954 7
1 955 9
1 956 3
1 957 7
1 958 9
1 959 5
1 960 10
1 961 7
1 962 5
1 963 3
1 964 3
1 965 4
1 49 9
1 966 5
1 967 6
1 109 16
1 968 8
1 969 8
1 970 4
1 110 8
1 111 8
1 112 11
1 971 8
1 972 4
1 973 5
1 974 3
1 975 12
1 976 6
1 977 9
1 978 7
1 979 3
1 980 7
1 981 3
1 982 6
1 983 6
1 984 7
1 985 4
1 986 8
1 987 5
1 988 5
1 989 6
1 990 7
1 991 7
1 992 7
1 993 3
1 994 5
1 995 7
1 996 7
1 997 6
1 998 4
1 999 6
1 1000 6
1 1001 6
1 1002 6
1 1003 3
1 1004 3
1 1005 6
1 1006 6
1 1007 6
1 1008 6
1 1009 9
1 1010 6
1 1011 6
1 1012 3
1 1013 4
1 1014 4
1 1015 9
1 1016 3
1 1017 5
1 1018 7
1 1019 3
1 113 7
1 1020 6
1 1021 6
1 1022 6
1 114 7
1 1023 7
1 1024 9
1 115 10
1 116 7
1 1025 5
1 117 12
1 1026 8
1 1027 3
1 1028 8
1 1029 6
1 1030 6
1 1031 3
1 1032 3
1 1033 6
1 1034 4
1 1035 4
1 1036 4
1 1037 4
1 1038 4
1 1039 4
1 1040 7
1 1041 4
1 1042 4
1 1043 4
1 1044 4
1 1045 4
1 1046 7
