1 23 11
1 24 11
1 25 11
1 26 11
1 27 11
1 9 9
1 28 12
1 10 9
1 11 10
1 12 10
1 13 10
1 14 10
1 15 10
1 16 11
1 17 11
1 18 11
1 19 11
1 20 11
1 8 9
1 21 11
1 22 11
1 1781 10
1 1782 10
1 1783 9
1 1784 9
1 1785 12
1 1786 10
1 1787 12
1 1788 11
1 1789 11
1 1790 9
1 1791 11
1 1792 10
1 1793 9
1 1794 11
1 1795 10
1 1796 11
1 1797 11
1 1798 11
1 1799 10
1 1800 10
1 1801 10
1 1802 9
1 1803 11
1 1804 10
1 1805 10
1 1806 11
1 1807 11
1 1808 11
1 1809 10
1 1810 10
1 1811 9
1 1812 11
1 1813 10
1 1814 10
1 1815 11
1 1816 11
1 1817 9
1 1818 11
1 1819 10
1 1820 10
1 1821 10
1 1822 10
1 1823 10
1 1824 9
1 1825 8
1 1826 11
1 1827 10
1 1828 11
1 1829 10
1 1830 12
1 1831 10
1 1832 11
1 1833 11
1 1834 11
1 1835 9
1 1836 9
1 1837 11
1 1838 10
1 1839 11
1 1840 9
1 1841 10
1 1842 11
1 1843 10
1 1844 11
1 1845 11
1 1846 10
1 1847 11
1 1848 10
1 1849 9
1 1850 11
1 1851 9
1 1852 9
1 1853 9
1 1854 10
1 1855 11
1 1856 10
1 1857 8
1 1858 10
1 1859 9
1 1860 7
1 1861 8
1 1862 10
1 1863 12
1 1864 11
1 1865 10
1 1866 10
1 1867 10
1 1868 12
1 1869 8
1 1870 10
1 1871 10
1 1872 9
1 1873 7
1 1874 11
1 1875 11
1 1876 11
1 1877 11
1 1878 10
1 1879 11
1 1880 11
1 1881 10
1 1882 11
1 1883 12
1  10
1 1884 11
1 1885 11
1 1886 11
1 1887 12
1 1888 10
1 1889 10
1 1890 11
1 1891 11
1 1892 12
1 1893 12
1 1894 11
1 1895 11
1 1896 11
1 1897 11
1 1898 11
1 1899 11
1 1900 12
1 1901 12
1 1902 11
1 1903 11
1 1904 10
1 1905 11
1 1906 11
1 1907 11
1 1908 11
1 1909 11
1 1910 8
1 1911 11
1 1912 10
1 1913 8
1 1914 12
1 1915 11
1 1916 10
1 1917 11
1 1918 11
1 1919 10
1 1920 10
1 1921 10
1 1922 10
1 1923 10
1 1924 10
1 1925 10
1 1926 10
1 1927 10
1 1928 8
1 1929 9
1 1930 10
1 1931 8
1 1932 7
1 1933 10
1 1934 10
1 1935 11
1 1936 10
1 1937 10
1 1938 11
1 1939 10
1 1940 10
1 1941 11
1 1942 10
1 1943 10
1 1944 11
1 1945 11
1 1946 11
1 1947 10
1 1948 11
1 1949 9
1 1950 11
1 1951 11
1 1952 9
1 1953 10
1 1954 10
1 1955 8
1 1956 11
1 1957 9
1 1958 11
1 1959 11
1 1960 9
1 1961 11
1 1962 11
1 1963 11
1 1964 10
1 1965 10
1 1966 8
1 1967 11
1 1968 11
1 1969 11
1 1970 11
1 1971 12
1 1972 10
1 1973 9
1 1974 11
1 1975 9
1 1976 8
1 1977 10
1 1978 11
1 1979 10
1 1980 11
1 1981 11
1 1982 10
1 1983 10
1 1984 10
1 1985 12
1 1986 11
1 1987 12
1 1988 10
1 1989 12
1 1990 9
1 1991 10
1 1992 10
1 1993 11
1 1994 11
1 1995 11
1 1996 10
1 1997 9
1 1998 9
1 1999 10
1 2000 12
1 2001 11
1 2002 11
1 2003 9
1 2004 11
1 2005 11
1 2006 9
1 2007 11
1 2008 9
1 2009 9
1 2010 12
1 2011 10
1 2012 11
1 2013 11
1 2014 9
1 2015 10
1 2016 11
1 2017 11
1 2018 9
1 2019 11
1 2020 11
1 2021 11
1 2022 12
1 2023 8
1 2024 12
1 2025 9
1 2026 11
1 2027 10
1 2028 10
1 2029 11
1 2030 10
1 2031 10
1 2032 11
1 2033 10
1 2034 10
1 2035 11
1 2036 9
1 2037 11
1 2038 10
1 2039 9
1 2040 8
1 2041 11
1 2042 8
1 2043 11
1 2044 11
1 2045 11
1 2046 9
1 2047 9
1 2048 10
1 2049 10
1 2050 10
1 2051 11
1 2052 11
1 2053 11
1 2054 11
1 2055 9
1 2056 11
1 2057 10
1 2058 11
1 2059 8
1 2060 6
1 2061 11
1 2062 10
1 2063 10
1 2064 11
1 2065 10
1 2066 6
1 2067 8
1 2068 10
1 2069 11
1 2070 12
1 2071 10
1 2072 11
1 2073 12
1 2074 11
1 2075 12
1 2076 12
1 2077 12
1 2078 10
1 2079 10
1 2080 10
1 2081 11
1 2082 11
1 2083 9
1 2084 10
1 2085 10
1 2086 12
1 2087 11
1 2088 9
1 2089 9
1 2090 7
1 2091 12
1 2092 11
1 2093 11
1 2094 12
1 2095 11
1 2096 11
1 2097 7
1 2098 10
1 2099 10
1 2100 10
1 2101 11
1 2102 11
1 2103 9
1 2104 12
1 2105 12
1 2106 7
1 2107 10
1 2108 11
1 2109 11
1 2110 12
1 2111 12
1 2112 11
1 2113 11
1 2114 11
1 2115 12
1 2116 11
1 2117 12
1 2118 11
1 2119 10
1 2120 12
1 2121 11
1 2122 11
1 2123 12
1 2124 12
1 2125 11
1 2126 11
1 2127 11
1 2128 12
1 2129 12
1 2130 11
1 2131 12
1 2132 12
1 2133 12
1 2134 9
1 2135 8
1 2136 12
1 2137 11
1 2138 12
1 2139 11
1 2140 10
1 2141 11
1 2142 11
1 2143 10
1 2144 10
1 2145 10
1 2146 10
1 2147 11
1 2148 12
1 2149 10
1 2150 11
1 2151 10
1 2152 9
1 2153 9
1 2154 11
1 2155 11
1 2156 8
1 2157 10
1 2158 12
1 2159 10
1 2160 10
1 2161 11
1 2162 12
1 2163 12
1 2164 11
1 2165 12
1 2166 12
1 2167 10
1 2168 12
1 2169 10
1 2170 12
1 2171 12
1 29 12
1 30 11
1 31 11
1 32 11
1 33 11
1 34 11
1 35 12
1 36 12
1 37 11
1 38 11
1 39 11
1 40 11
1 41 11
1 42 9
1 43 9
1 44 11
1 45 7
1 46 13
1 47 11
1 48 8
1 49 8
1 50 12
1 51 12
1 52 11
1 53 10
1 54 10
1 55 12
1 56 11
1 57 12
1 58 10
1 59 11
1 60 11
1 61 12
1 62 12
1 63 11
1 64 12
1 65 10
1 66 11
1 67 11
1 68 11
1 69 10
1 70 11
1 71 10
1 72 12
1 73 12
1 74 11
1 75 10
1 76 11
1 77 11
1 78 11
1 79 12
1 80 7
1 81 11
1 82 11
1 83 10
1 84 12
1 85 11
1 86 12
1 87 10
1 88 12
1 89 12
1 90 11
1 91 12
1 92 12
1 93 11
1 94 11
1 95 12
1 96 13
1 97 12
1 98 12
1 99 11
1 100 12
1 101 11
1 102 11
1 103 11
1 104 11
1 105 11
1 106 11
1 107 12
1 108 12
1 109 11
1 110 11
1 111 8
1 112 11
1 113 11
1 114 12
1 115 11
1 116 11
1 117 11
1 7 10
1 118 12
1 119 12
1 120 11
1 121 12
1 122 11
1 123 12
1 124 12
1 125 11
1 126 6
1 127 12
1 128 11
1 129 11
1 130 13
1 131 8
1 132 9
1 133 12
1 134 11
1 135 10
1 136 11
1 137 7
1 138 11
1 139 12
1 140 12
1 141 12
1 142 12
1 143 11
1 144 11
1 145 11
1 146 12
1 147 11
1 148 11
1 149 12
1 150 11
1 151 12
1 152 12
1 153 12
1 154 11
1 155 11
1 156 12
1 157 12
1 158 11
1 159 13
1 160 11
1 161 11
1 162 12
1 163 11
1 164 11
1 165 11
1 166 11
1 167 12
1 168 12
1 169 12
1 170 12
1 171 11
1 172 12
1 173 11
1 174 12
1 175 9
1 176 11
1 177 12
1 178 12
1 179 12
1 180 11
1 181 11
1 182 12
1 183 11
1 184 11
1 185 12
1 186 12
1 187 12
1 188 11
1 189 11
1 190 10
1 191 12
1 192 12
1 193 11
1 194 11
1 195 10
1 196 9
1 197 12
1 198 12
1 199 12
1 200 11
1 201 12
1 202 9
1 203 12
1 204 11
1 205 10
1 206 5
1 207 11
1 208 13
1 209 12
1 210 12
1 211 12
1 212 11
1 213 11
1 214 12
1 215 12
1 216 11
1 217 12
1 218 11
1 219 12
1 220 12
1 221 11
1 222 11
1 223 11
1 224 12
1 225 13
1 226 10
1 227 12
1 228 12
1 229 11
1 230 4
1 231 12
1 232 11
1 233 11
1 234 11
1 235 4
1 236 12
1 237 11
1 238 11
1 239 11
1 240 11
1 241 11
1 242 11
1 243 10
1 244 12
1 245 11
1 246 10
1 247 12
1 248 11
1 249 11
1 250 11
1 251 9
1 252 11
1 253 12
1 254 10
1 255 8
1 256 11
1 257 11
1 258 11
1 259 11
1 260 11
1 261 11
1 262 12
1 263 11
1 264 11
1 265 10
1 266 11
1 267 11
1 268 12
1 269 9
1 270 8
1 271 11
1 272 10
1 273 4
1 274 8
1 275 12
1 276 10
1 277 11
1 278 11
1 279 11
1 280 10
1 281 10
1 282 11
1 283 6
1 284 10
1 285 9
1 286 8
1 287 12
1 288 8
1 289 13
1 290 11
1 291 12
1 292 9
1 293 12
1 294 9
1 295 3
1 296 11
1 297 10
1 298 11
1 299 11
1 300 13
1 301 11
1 302 13
1 303 11
1 304 12
1 305 11
1 306 11
1 307 11
1 308 13
1 309 11
1 310 11
1 311 12
1 312 12
1 313 11
1 314 12
1 315 11
1 316 10
1 317 12
1 318 12
1 319 12
1 320 12
1 321 12
1 322 12
1 323 12
1 324 11
1 325 11
1 326 11
1 327 4
1 328 11
1 329 10
1 330 10
1 331 12
1 332 12
1 333 12
1 334 12
1 335 11
1 336 12
1 337 12
1 338 12
1 339 12
1 340 13
1 341 10
1 342 6
1 343 4
1 344 12
1 345 12
1 346 12
1 347 12
1 348 10
1 349 10
1 350 12
1 351 12
1 352 10
1 353 11
1 354 12
1 355 10
1 356 12
1 357 12
1 358 12
1 359 10
1 360 13
1 361 12
1 362 12
1 363 11
1 364 11
1 365 11
1 366 11
1 367 8
1 368 10
1 369 9
1 370 10
1 371 10
1 372 9
1 373 11
1 374 11
1 375 12
1 376 13
1 377 11
1 378 11
1 379 12
1 380 11
1 381 12
1 382 12
1 383 11
1 384 8
1 385 12
1 386 11
1 387 12
1 388 12
1 389 13
1 390 11
1 391 5
1 392 10
1 393 9
1 394 9
1 395 11
1 396 11
1 397 6
1 398 11
1 399 8
1 400 11
1 401 12
1 402 5
1 403 9
1 404 8
1 405 12
1 406 12
1 407 12
1 408 10
1 409 11
1 410 11
1 411 10
1 412 11
1 413 12
1 414 11
1 415 11
1 416 7
1 417 12
1 418 11
1 419 10
1 420 11
1 421 12
1 422 12
1 423 12
1 424 11
1 425 12
1 426 7
1 427 11
1 428 9
1 429 12
1 430 11
1 431 10
1 432 10
1 433 11
1 434 11
1 435 11
1 436 10
1 437 10
1 438 12
1 439 11
1 440 11
1 441 12
1 442 11
1 443 11
1 444 12
1 445 11
1 446 11
1 447 11
1 448 7
1 449 11
1 450 11
1 451 10
1 452 10
1 453 10
1 454 9
1 455 11
1 456 11
1 457 12
1 458 6
1 459 12
1 5 12
1 460 9
1 461 11
1 462 5
1 463 11
1 464 7
1 465 8
1 466 10
1 467 12
1 468 10
1 469 12
1 470 11
1 471 11
1 472 11
1 473 12
1 474 12
1 475 12
1 476 11
1 477 10
1 478 11
1 479 11
1 480 12
1 481 10
1 482 11
1 483 10
1 484 10
1 485 12
1 486 10
1 487 10
1 488 10
1 489 10
1 490 10
1 491 11
1 492 11
1 493 10
1 494 10
1 495 10
1 496 11
1 497 11
1 498 12
1 499 10
1 500 11
1 501 11
1 502 11
1 503 10
1 504 10
1 505 11
1 506 10
1 507 10
1 508 11
1 509 11
1 510 12
1 511 11
1 512 11
1 513 11
1 514 10
1 515 11
1 516 10
1 517 12
1 518 11
1 519 10
1 520 9
1 521 10
1 522 10
1 523 11
1 524 11
1 525 11
1 526 10
1 527 11
1 528 11
1 529 12
1 530 11
1 531 11
1 532 8
1 533 11
1 534 10
1 535 11
1 536 10
1 537 9
1 538 11
1 539 9
1 540 10
1 541 11
1 542 12
1 543 10
1 544 11
1 545 11
1 546 10
1 547 11
1 548 11
1 549 8
1 550 10
1 551 11
1 552 11
1 553 11
1 554 11
1 555 10
1 556 10
1 557 11
1 558 10
1 559 11
1 560 9
1 561 11
1 562 11
1 563 9
1 564 10
1 565 10
1 566 12
1 567 11
1 568 11
1 569 11
1 570 10
1 571 11
1 572 10
1 573 12
1 574 11
1 575 11
1 576 9
1 577 10
1 578 12
1 579 10
1 580 9
1 581 10
1 582 12
1 583 11
1 584 12
1 585 11
1 586 10
1 587 11
1 588 9
1 589 11
1 590 12
1 591 10
1 592 11
1 593 10
1 594 10
1 595 10
1 596 10
1 597 11
1 598 10
1 599 11
1 600 10
1 601 10
1 602 10
1 603 11
1 604 11
1 605 9
1 606 10
1 607 12
1 608 11
1 609 10
1 610 9
1 611 10
1 612 9
1 613 9
1 614 10
1 615 11
1 616 10
1 617 10
1 618 10
1 619 10
1 620 11
1 621 10
1 622 10
1 623 11
1 624 11
1 625 10
1 626 11
1 627 10
1 628 11
1 629 10
1 630 10
1 631 11
1 632 8
1 633 8
1 634 12
1 635 11
1 636 11
1 637 11
1 638 11
1 639 8
1 640 11
1 641 13
1 642 11
1 643 11
1 644 11
1 645 9
1 646 13
1 647 11
1 648 13
1 649 11
1 650 11
1 651 11
1 652 11
1 653 9
1 654 9
1 655 12
1 656 8
1 657 11
1 658 10
1 659 10
1 660 9
1 661 11
1 662 9
1 663 10
1 664 11
1 665 8
1 666 11
1 667 9
1 668 11
1 669 12
1 670 10
1 671 11
1 672 11
1 673 11
1 674 11
1 675 10
1 676 8
1 677 12
1 678 10
1 679 10
1 680 11
1 681 10
1 682 9
1 683 10
1 684 10
1 685 11
1 686 10
1 687 12
1 688 10
1 689 11
1 690 10
1 691 9
1 692 10
1 693 8
1 694 10
1 695 9
1 696 10
1 697 8
1 698 11
1 699 10
1 700 10
1 701 11
1 702 12
1 703 12
1 704 10
1 705 10
1 706 9
1 707 10
1 708 8
1 709 10
1 710 8
1 711 8
1 712 10
1 713 9
1 714 11
1 715 11
1 716 8
1 717 11
1 718 8
1 719 10
1 720 8
1 721 11
1 722 10
1 723 10
1 724 11
1 725 10
1 726 11
1 727 12
1 728 11
1 729 11
1 730 10
1 731 9
1 732 10
1 733 12
1 734 10
1 735 9
1 736 11
1 737 9
1 738 9
1 739 11
1 740 11
1 741 9
1 742 10
1 743 10
1 744 8
1 745 10
1 746 11
1 747 11
1 748 11
1 749 10
1 750 10
1 751 11
1 752 11
1 753 11
1 754 11
1 755 8
1 756 11
1 757 10
1 758 10
1 759 11
1 760 11
1 761 9
1 762 9
1 763 11
1 764 8
1 765 11
1 766 11
1 767 11
1 768 10
1 769 10
1 770 10
1 771 11
1 772 11
1 773 12
1 774 10
1 775 12
1 776 10
1 777 10
1 778 11
1 779 10
1 780 10
1 781 11
1 782 11
1 783 11
1 784 10
1 785 11
1 786 10
1 787 9
1 788 11
1 789 11
1 790 12
1 791 12
1 792 11
1 793 10
1 794 10
1 795 11
1 796 11
1 797 11
1 798 11
1 799 11
1 800 10
1 801 11
1 802 9
1 803 11
1 804 9
1 805 9
1 806 11
1 807 11
1 808 10
1 809 12
1 810 10
1 811 12
1 812 11
1 813 12
1 814 9
1 815 12
1 816 11
1 817 12
1 818 11
1 819 11
1 820 11
1 821 11
1 822 10
1 823 12
1 824 10
1 825 10
1 826 9
1 827 8
1 828 9
1 829 10
1 830 9
1 831 10
1 4 11
1 832 8
1 833 9
1 834 10
1 835 8
1 836 13
1 837 10
1 838 12
1 839 9
1 840 12
1 841 12
1 842 11
1 843 9
1 844 11
1 845 11
1 846 10
1 847 10
1 848 10
1 849 9
1 850 10
1 851 10
1 852 9
1 853 11
1 854 9
1 855 9
1 856 11
1 857 11
1 858 10
1 859 11
1 860 10
1 861 9
1 862 8
1 863 11
1 864 10
1 865 9
1 866 8
1 867 9
1 868 8
1 869 10
1 870 8
1 871 11
1 872 10
1 873 11
1 874 11
1 875 10
1 876 11
1 877 11
1 878 11
1 879 11
1 880 11
1 881 11
1 882 10
1 883 10
1 884 9
1 885 11
1 886 12
1 887 10
1 888 10
1 889 9
1 890 10
1 891 11
1 892 11
1 893 11
1 894 8
1 895 9
1 896 10
1 897 9
1 898 10
1 899 10
1 900 9
1 901 9
1 902 11
1 903 10
1 904 9
1 905 10
1 906 11
1 907 10
1 908 9
1 909 12
1 910 11
1 911 10
1 912 11
1 913 8
1 914 9
1 915 9
1 916 11
1 917 11
1 918 8
1 919 10
1 920 10
1 921 11
1 922 11
1 923 9
1 924 11
1 925 11
1 926 11
1 927 11
1 928 10
1 929 10
1 930 10
1 931 8
1 932 11
1 933 11
1 934 10
1 935 12
1 936 9
1 937 9
1 938 10
1 939 12
1 940 9
1 941 11
1 942 10
1 943 10
1 3 10
1 944 10
1 945 9
1 946 9
1 947 9
1 948 12
1 949 9
1 950 8
1 951 10
1 952 8
1 953 9
1 954 9
1 955 10
1 956 9
1 1 12
1 957 12
1 958 11
1 959 11
1 960 11
1 961 11
1 962 9
1 963 11
1 964 10
1 965 11
1 966 10
1 967 9
1 968 11
1 969 11
1 970 11
1 971 10
1 972 8
1 973 10
1 974 10
1 975 9
1 976 9
1 977 10
1 978 9
1 979 12
1 980 11
1 981 11
1 982 12
1 983 12
1 984 12
1 985 11
1 986 11
1 987 11
1 988 10
1 989 9
1 990 8
1 991 11
1 992 12
1 993 11
1 994 11
1 995 11
1 996 12
1 997 11
1 998 11
1 999 11
1 1000 12
1 1001 11
1 1002 11
1 1003 12
1 1004 11
1 1005 9
1 1006 11
1 1007 10
1 1008 11
1 1009 11
1 1010 11
1 1011 11
1 1012 12
1 1013 11
1 1014 11
1 1015 8
1 1016 11
1 1017 11
1 1018 5
1 1019 12
1 1020 11
1 1021 12
1 1022 11
1 1023 6
1 1024 11
1 1025 12
1 1026 10
1 1027 11
1 1028 10
1 1029 6
1 1030 10
1 1031 11
1 1032 12
1 1033 12
1 1034 11
1 1035 11
1 1036 11
1 1037 11
1 1038 11
1 1039 11
1 1040 11
1 1041 12
1 1042 10
1 1043 10
1 2 11
1 1044 10
1 1045 12
1 1046 11
1 1047 12
1 1048 12
1 1049 11
1 1050 11
1 1051 11
1 1052 11
1 1053 11
1 1054 11
1 1055 12
1 1056 11
1 1057 11
1 1058 9
1 1059 11
1 1060 9
1 1061 9
1 1062 11
1 1063 12
1 1064 9
1 1065 11
1 1066 4
1 1067 9
1 1068 11
1 1069 9
1 1070 11
1 1071 11
1 1072 9
1 1073 11
1 1074 11
1 1075 9
1 1076 10
1 1077 11
1 1078 11
1 1079 10
1 1080 10
1 1081 11
1 1082 11
1 1083 11
1 1084 12
1 1085 11
1 1086 10
1 1087 11
1 1088 9
1 1089 10
1 1090 10
1 1091 11
1 1092 10
1 1093 10
1 1094 10
1 1095 11
1 1096 11
1 1097 11
1 1098 10
1 1099 12
1 1100 10
1 1101 11
1 1102 11
1 1103 11
1 1104 11
1 1105 10
1 1106 11
1 1107 10
1 1108 8
1 1109 11
1 1110 11
1 1111 10
1 1112 9
1 1113 11
1 1114 10
1 1115 11
1 1116 12
1 1117 11
1 1118 11
1 1119 10
1 1120 12
1 1121 11
1 1122 12
1 1123 11
1 1124 9
1 1125 11
1 1126 11
1 1127 7
1 1128 11
1 1129 12
1 1130 8
1 1131 12
1 1132 10
1 1133 11
1 1134 12
1 1135 12
1 1136 9
1 1137 11
1 1138 6
1 1139 12
1 1140 12
1 1141 11
1 1142 11
1 1143 11
1 1144 10
1 1145 12
1 1146 11
1 1147 12
1 1148 12
1 1149 12
1 1150 8
1 1151 10
1 1152 12
1 1153 12
1 1154 12
1 1155 12
1 1156 11
1 1157 12
1 1158 11
1 1159 12
1 1160 11
1 1161 11
1 1162 12
1 1163 12
1 1164 12
1 1165 10
1 1166 11
1 1167 11
1 1168 6
1 1169 12
1 1170 7
1 1171 10
1 1172 11
1 1173 12
1 1174 11
1 1175 10
1 1176 11
1 1177 12
1 1178 12
1 1179 11
1 1180 11
1 1181 11
1 1182 12
1 1183 9
1 1184 10
1 1185 12
1 1186 11
1 1187 10
1 1188 12
1 1189 12
1 1190 11
1 1191 11
1 1192 12
1 1193 11
1 1194 12
1 1195 11
1 1196 12
1 1197 12
1 1198 11
1 1199 11
1 1200 11
1 1201 12
1 1202 12
1 1203 11
1 1204 11
1 1205 11
1 1206 10
1 1207 12
1 1208 10
1 1209 9
1 1210 12
1 1211 10
1 1212 11
1 1213 11
1 1214 11
1 1215 11
1 1216 11
1 1217 11
1 1218 12
1 1219 12
1 1220 12
1 1221 12
1 1222 12
1 1223 11
1 1224 12
1 1225 12
1 1226 11
1 1227 11
1 1228 11
1 1229 12
1 1230 12
1 1231 9
1 1232 11
1 1233 12
1 1234 11
1 1235 7
1 1236 11
1 1237 11
1 1238 12
1 1239 12
1 1240 12
1 1241 11
1 1242 12
1 1243 11
1 1244 11
1 1245 9
1 1246 10
1 1247 12
1 1248 10
1 1249 12
1 1250 11
1 1251 12
1 1252 9
1 1253 11
1 1254 11
1 1255 12
1 1256 12
1 1257 11
1 1258 8
1 1259 12
1 1260 10
1 1261 11
1 1262 11
1 1263 10
1 1264 10
1 1265 11
1 1266 9
1 1267 9
1 1268 10
1 1269 10
1 1270 9
1 1271 8
1 1272 11
1 1273 11
1 1274 8
1 1275 12
1 1276 11
1 1277 10
1 1278 11
1 1279 9
1 1280 12
1 1281 12
1 1282 9
1 1283 10
1 1284 11
1 1285 11
1 1286 10
1 1287 10
1 1288 10
1 1289 9
1 1290 11
1 1291 11
1 1292 9
1 1293 11
1 1294 11
1 1295 11
1 1296 11
1 1297 11
1 1298 11
1 1299 11
1 1300 10
1 1301 9
1 1302 11
1 1303 11
1 1304 12
1 1305 10
1 1306 11
1 1307 12
1 1308 9
1 1309 11
1 1310 12
1 1311 9
1 1312 9
1 1313 10
1 1314 11
1 1315 9
1 1316 11
1 1317 11
1 1318 10
1 1319 10
1 1320 9
1 1321 9
1 1322 11
1 1323 12
1 1324 11
1 1325 11
1 1326 12
1 1327 11
1 1328 12
1 1329 11
1 1330 9
1 1331 10
1 1332 9
1 1333 9
1 1334 10
1 1335 11
1 1336 11
1 1337 11
1 1338 11
1 1339 12
1 1340 10
1 1341 11
1 1342 11
1 1343 11
1 1344 11
1 1345 11
1 1346 11
1 1347 7
1 1348 11
1 1349 11
1 1350 12
1 1351 10
1 1352 11
1 1353 12
1 1354 11
1 1355 12
1 1356 11
1 1357 12
1 1358 11
1 1359 11
1 1360 9
1 1361 11
1 1362 11
1 1363 12
1 1364 10
1 1365 11
1 1366 8
1 1367 11
1 1368 11
1 1369 11
1 1370 11
1 1371 11
1 1372 11
1 1373 9
1 1374 11
1 1375 12
1 1376 12
1 1377 12
1 1378 11
1 1379 10
1 1380 11
1 1381 11
1 1382 9
1 1383 12
1 1384 11
1 1385 10
1 1386 11
1 1387 10
1 1388 11
1 1389 11
1 1390 11
1 1391 9
1 1392 11
1 1393 11
1 1394 12
1 1395 11
1 1396 11
1 1397 11
1 1398 11
1 1399 10
1 1400 10
1 1401 8
1 1402 11
1 1403 12
1 1404 12
1 1405 10
1 1406 11
1 1407 11
1 1408 11
1 1409 10
1 1410 11
1 1411 12
1 1412 11
1 1413 11
1 1414 12
1 1415 12
1 1416 11
1 1417 11
1 1418 11
1 1419 11
1 1420 11
1 1421 11
1 1422 11
1 1423 8
1 1424 7
1 1425 11
1 1426 10
1 1427 9
1 1428 11
1 1429 11
1 1430 9
1 1431 10
1 1432 11
1 1433 11
1 1434 10
1 1435 10
1 1436 9
1 1437 10
1 1438 9
1 1439 10
1 6 9
1 1440 11
1 1441 9
1 1442 9
1 1443 11
1 1444 9
1 1445 9
1 1446 10
1 1447 10
1 1448 12
1 1449 10
1 1450 9
1 1451 11
1 1452 9
1 1453 11
1 1454 11
1 1455 9
1 1456 7
1 1457 8
1 1458 8
1 1459 9
1 1460 11
1 1461 9
1 1462 10
1 1463 9
1 1464 9
1 1465 9
1 1466 8
1 1467 8
1 1468 8
1 1469 9
1 1470 11
1 1471 10
1 1472 10
1 1473 10
1 1474 9
1 1475 10
1 1476 10
1 1477 11
1 1478 11
1 1479 11
1 1480 10
1 1481 8
1 1482 9
1 1483 9
1 1484 9
1 1485 9
1 1486 8
1 1487 8
1 1488 10
1 1489 8
1 1490 9
1 1491 10
1 1492 9
1 1493 9
1 1494 8
1 1495 10
1 1496 10
1 1497 11
1 1498 10
1 1499 8
1 1500 8
1 1501 11
1 1502 9
1 1503 10
1 1504 10
1 1505 12
1 1506 10
1 1507 9
1 1508 11
1 1509 11
1 1510 11
1 1511 4
1 1512 9
1 1513 10
1 1514 8
1 1515 10
1 1516 10
1 1517 10
1 1518 12
1 1519 9
1 1520 10
1 1521 10
1 1522 8
1 1523 8
1 1524 8
1 1525 9
1 1526 9
1 1527 11
1 1528 10
1 1529 11
1 1530 10
1 1531 11
1 1532 9
1 1533 10
1 1534 11
1 1535 9
1 1536 9
1 1537 9
1 1538 10
1 1539 10
1 1540 9
1 1541 10
1 1542 11
1 1543 11
1 1544 10
1 1545 11
1 1546 11
1 1547 11
1 1548 9
1 1549 11
1 1550 10
1 1551 10
1 1552 11
1 1553 11
1 1554 9
1 1555 10
1 1556 10
1 1557 9
1 1558 9
1 1559 10
1 1560 9
1 1561 9
1 1562 10
1 1563 10
1 1564 10
1 1565 11
1 1566 10
1 1567 10
1 1568 10
1 1569 10
1 1570 11
1 1571 9
1 1572 9
1 1573 9
1 1574 9
1 1575 11
1 1576 4
1 1577 11
1 1578 11
1 1579 10
1 1580 11
1 1581 11
1 1582 11
1 1583 10
1 1584 11
1 1585 10
1 1586 11
1 1587 11
1 1588 11
1 1589 12
1 1590 12
1 1591 12
1 1592 12
1 1593 12
1 1594 11
1 1595 10
1 1596 11
1 1597 12
1 1598 11
1 1599 8
1 1600 11
1 1601 11
1 1602 12
1 1603 11
1 1604 11
1 1605 10
1 1606 10
1 1607 9
1 1608 11
1 1609 11
1 1610 11
1 1611 13
1 1612 10
1 1613 10
1 1614 11
1 1615 11
1 1616 10
1 1617 11
1 1618 11
1 1619 11
1 1620 11
1 1621 11
1 1622 12
1 1623 12
1 1624 10
1 1625 12
1 1626 11
1 1627 10
1 1628 11
1 1629 11
1 1630 11
1 1631 12
1 1632 11
1 1633 11
1 1634 12
1 1635 10
1 1636 11
1 1637 12
1 1638 11
1 1639 11
1 1640 11
1 1641 11
1 1642 12
1 1643 12
1 1644 9
1 1645 11
1 1646 11
1 1647 9
1 1648 12
1 1649 11
1 1650 12
1 1651 12
1 1652 12
1 1653 10
1 1654 11
1 1655 9
1 1656 10
1 1657 11
1 1658 11
1 1659 12
1 1660 13
1 1661 11
1 1662 8
1 1663 9
1 1664 11
1 1665 11
1 1666 10
1 1667 9
1 1668 8
1 1669 12
1 1670 11
1 1671 11
1 1672 12
1 1673 10
1 1674 9
1 1675 10
1 1676 9
1 1677 11
1 1678 11
1 1679 12
1 1680 10
1 1681 11
1 1682 12
1 1683 9
1 1684 11
1 1685 12
1 1686 10
1 1687 10
1 1688 10
1 1689 10
1 1690 11
1 1691 12
1 1692 11
1 1693 8
1 1694 11
1 1695 12
1 1696 11
1 1697 12
1 1698 11
1 1699 3
1 1700 11
1 1701 10
1 1702 11
1 1703 12
1 1704 12
1 1705 12
1 1706 11
1 1707 7
1 1708 11
1 1709 11
1 1710 10
1 1711 11
1 1712 12
1 1713 11
1 1714 11
1 1715 11
1 1716 11
1 1717 12
1 1718 10
1 1719 12
1 1720 12
1 1721 12
1 1722 12
1 1723 11
1 1724 11
1 1725 12
1 1726 10
1 1727 11
1 1728 12
1 1729 10
1 1730 10
1 1731 9
1 1732 11
1 1733 11
1 1734 11
1 1735 11
1 1736 11
1 1737 11
1 1738 11
1 1739 11
1 1740 9
1 1741 12
1 1742 11
1 1743 11
1 1744 11
1 1745 11
1 1746 11
1 1747 9
1 1748 11
1 1749 11
1 1750 12
1 1751 11
1 1752 11
1 1753 11
1 1754 11
1 1755 7
1 1756 11
1 1757 10
1 1758 11
1 1759 11
1 1760 11
1 1761 10
1 1762 10
1 1763 9
1 1764 11
1 1765 11
1 1766 9
1 1767 11
1 1768 11
1 1769 12
1 1770 12
1 1771 12
1 1772 11
1 1773 10
1 1774 11
1 1775 7
1 1776 10
1 1777 9
1 1778 9
1 1779 12
1 1780 9
