FID  BirthYear
1 1047 2014
1 1048 2012
1 1049 2013
1 1050 2013
1 1051 2011
1 1052 2007
1 1053 2015
1 1054 2015
1 95 1983
1 118 1983
1 119 1983
1 91 1983
1 120 1983
1 121 1983
1 122 1983
1 123 1983
1 124 1983
1 84 1983
1 125 1983
1 80 1983
1 126 1983
1 127 1983
1 128 1983
1 129 1983
1 1055 2012
1 1056 2014
1 130 1984
1 1057 2017
1 131 1984
1 132 1984
1 133 1984
1 134 1984
1 135 1984
1 70 1984
1 65 1984
1 136 1984
1 137 1984
1 60 1984
1 138 1984
1 139 1984
1 140 1984
1 141 1984
1 142 1985
1 143 1985
1 144 1985
1 145 1986
1 146 1986
1 147 1986
1 148 1986
1 149 1986
1 150 1986
1 151 1986
1 152 1986
1 153 1986
1 154 1986
1 155 1986
1 156 1986
1 157 1986
1 158 1986
1 159 1986
1 160 1986
1 161 1986
1 162 1986
1 163 1986
1 72 1986
1 164 1986
1 165 1986
1 92 1986
1 166 1986
1 167 1986
1 168 1986
1 169 1987
1 170 1987
1 171 1987
1 172 1987
1 173 1987
1 174 1987
1 175 1987
1 176 1987
1 177 1987
1 178 1987
1 52 1987
1 47 1987
1 46 1987
1 179 1987
1 180 1987
1 181 1987
1 182 1987
1 183 1987
1 53 1987
1 184 1987
1 185 1988
1 97 1977
1 186 1988
1 187 1988
1 188 1988
1 87 1988
1 189 1988
1 190 1988
1 191 1988
1 192 1988
1 193 1988
1 83 1988
1 194 1988
1 195 1989
1 196 1989
1 79 1989
1 197 1989
1 198 1989
1 199 1989
1 61 1989
1 200 1989
1 201 1989
1 202 1989
1 203 1989
1 204 1989
1 205 1989
1 206 1989
1 207 1989
1 208 1989
1 209 1989
1 210 1989
1 211 1989
1 212 1989
1 74 1989
1 213 1989
1 214 1989
1 215 1989
1 62 1989
1 57 1989
1 216 1989
1 71 1989
1 217 1989
1 218 1989
1 219 1989
1 220 1989
1 76 1989
1 48 1989
1 221 1989
1 222 1989
1 223 1990
1 224 1990
1 225 1990
1 226 1990
1 227 1990
1 228 1990
1 229 1990
1 88 1990
1 230 1990
1 231 1990
1 232 1990
1 233 1990
1 69 1990
1 234 1990
1 235 1990
1 236 1990
1 237 1990
1 238 1990
1 239 1990
1 240 1990
1 241 1990
1 242 1990
1 77 1990
1 243 1990
1 244 1990
1 245 1990
1 246 1990
1 247 1990
1 248 1990
1 249 1990
1 250 1990
1 251 1990
1 56 1990
1 252 1990
1 253 1990
1 254 1990
1 255 1990
1 256 1990
1 51 1990
1 45 1990
1 257 1990
1 258 1990
1 259 1990
1 260 1990
1 261 1990
1 262 1990
1 263 1990
1 264 1990
1 265 1990
1 266 1990
1 267 1991
1 268 1991
1 269 1991
1 270 1991
1 271 1991
1 272 1991
1 273 1991
1 274 1991
1 275 1991
1 85 1991
1 67 1991
1 276 1991
1 277 1991
1 278 1991
1 279 1991
1 63 1991
1 280 1991
1 281 1991
1 282 1991
1 283 1991
1 284 1991
1 285 1991
1 286 1991
1 287 1991
1 288 1991
1 289 1991
1 290 1991
1 291 1991
1 58 1991
1 292 1991
1 293 1991
1 294 1992
1 295 1992
1 296 1992
1 297 1992
1 298 1992
1 299 1992
1 300 1992
1 301 1992
1 302 1992
1 303 1992
1 304 1992
1 305 1992
1 306 1992
1 41 1992
1 307 1992
1 308 1992
1 309 1992
1 54 1992
1 310 1992
1 311 1992
1 312 1992
1 313 1992
1 314 1992
1 315 1992
1 316 1992
1 317 1992
1 318 1992
1 319 1992
1 320 1992
1 321 1992
1 35 1992
1 322 1992
1 323 1992
1 324 1992
1 325 1992
1 326 1992
1 327 1992
1 328 1992
1 329 1992
1 330 1992
1 81 1992
1 331 1992
1 332 1992
1 333 1992
1 334 1992
1 335 1992
1 336 1992
1 31 1992
1 337 1992
1 338 1992
1 82 1992
1 339 1992
1 340 1993
1 341 1993
1 78 1993
1 342 1993
1 343 1993
1 344 1993
1 345 1993
1 346 1993
1 29 1993
1 347 1993
1 348 1993
1 349 1993
1 350 1993
1 351 1993
1 352 1993
1 353 1993
1 354 1993
1 355 1993
1 356 1993
1 357 1993
1 358 1993
1 359 1993
1 360 1993
1 361 1993
1 362 1993
1 73 1993
1 363 1993
1 24 1993
1 68 1993
1 364 1993
1 365 1993
1 366 1993
1 367 1993
1 368 1993
1 369 1993
1 370 1993
1 371 1993
1 64 1993
1 372 1994
1 373 1994
1 98 1978
1 374 1994
1 375 1994
1 10 1994
1 376 1994
1 377 1994
1 378 1994
1 5 1994
1 379 1994
1 380 1994
1 381 1994
1 382 1995
1 383 1995
1 2 1995
1 384 1995
1 385 1995
1 386 1995
1 387 1995
1 388 1995
1 59 1995
1 389 1995
1 390 1995
1 391 1995
1 392 1995
1 393 1995
1 394 1995
1 395 1995
1 396 1995
1 397 1995
1 398 1995
1 399 1995
1 400 1995
1 55 1995
1 401 1995
1 402 1995
1 403 1995
1 404 1995
1 405 1995
1 40 1995
1 406 1995
1 407 1995
1 408 1995
1 409 1995
1 410 1995
1 411 1995
1 412 1995
1 413 1995
1 414 1995
1 34 1995
1 415 1995
1 416 1995
1 417 1995
1 418 1995
1 419 1995
1 420 1995
1 421 1995
1 422 1995
1 93 1995
1 423 1995
1 424 1995
1 425 1995
1 426 1995
1 50 1995
1 427 1995
1 428 1995
1 429 1995
1 430 1995
1 431 1995
1 89 1995
1 432 1995
1 433 1995
1 434 1995
1 435 1995
1 436 1995
1 437 1995
1 438 1995
1 439 1996
1 440 1996
1 86 1996
1 441 1996
1 442 1996
1 443 1996
1 444 1996
1 445 1996
1 446 1996
1 447 1996
1 448 1996
1 449 1996
1 450 1996
1 451 1996
1 452 1996
1 453 1996
1 454 1996
1 455 1996
1 456 1996
1 457 1996
1 458 1996
1 459 1996
1 460 1996
1 461 1996
1 462 1996
1 44 1996
1 463 1996
1 464 1996
1 465 1996
1 94 1996
1 466 1996
1 467 1996
1 468 1996
1 469 1996
1 470 1996
1 471 1996
1 90 1996
1 472 1996
1 473 1996
1 474 1996
1 475 1996
1 476 1996
1 477 1996
1 478 1996
1 479 1996
1 480 1997
1 481 1997
1 28 1997
1 482 1997
1 483 1997
1 484 1997
1 485 1997
1 15 1997
1 486 1997
1 487 1997
1 488 1997
1 9 1997
1 489 1997
1 490 1997
1 4 1997
1 491 1998
1 492 1998
1 493 1998
1 494 1998
1 495 1998
1 496 1998
1 497 1998
1 498 1998
1 43 1998
1 499 1998
1 500 1997
1 501 1998
1 502 1998
1 503 1993
1 39 1996
1 504 1998
1 99 1979
1 505 1999
1 506 1999
1 507 1999
1 508 1999
1 509 1999
1 510 1999
1 511 1999
1 33 1999
1 512 1999
1 30 1999
1 513 1999
1 514 1999
1 515 1999
1 516 1999
1 517 1999
1 518 1999
1 519 1999
1 520 1999
1 521 1999
1 522 1999
1 523 1999
1 524 1999
1 525 1999
1 526 1999
1 527 1999
1 528 1999
1 529 1999
1 530 1999
1 531 1999
1 532 1999
1 533 1999
1 534 1999
1 535 1999
1 536 1999
1 537 1999
1 538 1999
1 539 1999
1 540 1999
1 100 1979
1 541 1999
1 542 1999
1 543 1999
1 544 1999
1 545 1999
1 546 1999
1 547 1999
1 548 1999
1 549 1999
1 550 1999
1 551 1999
1 101 1979
1 552 1999
1 553 1999
1 554 1999
1 555 1999
1 14 1999
1 556 1999
1 557 1999
1 558 1999
1 559 1999
1 560 1999
1 561 1999
1 562 1999
1 8 1999
1 563 1999
1 564 1999
1 565 1999
1 1 1999
1 566 1998
1 567 1996
1 568 1999
1 569 2000
1 570 2000
1 571 2000
1 572 2000
1 27 2000
1 573 2000
1 574 2000
1 575 2000
1 576 2000
1 577 2000
1 578 2000
1 579 2000
1 23 2000
1 18 2000
1 13 2000
1 580 2000
1 581 2000
1 582 2000
1 583 2000
1 584 2000
1 585 2000
1 586 2000
1 587 2000
1 588 2000
1 589 2000
1 590 2000
1 38 2000
1 96 1992
1 591 2000
1 592 1999
1 593 1997
1 26 2001
1 22 2001
1 594 2001
1 595 2001
1 596 2000
1 597 1999
1 598 1999
1 599 2002
1 600 2002
1 601 2002
1 602 2002
1 603 2002
1 604 2002
1 605 2002
1 606 2002
1 607 2002
1 608 2002
1 609 2002
1 610 2002
1 611 2002
1 612 2002
1 613 2002
1 614 2002
1 615 2002
1 616 2002
1 617 2002
1 618 2002
1 619 2002
1 620 2002
1 42 2002
1 37 2002
1 621 2002
1 622 2002
1 623 2002
1 624 2002
1 625 2002
1 626 2002
1 627 2002
1 628 2002
1 629 2002
1 630 2002
1 631 2002
1 632 2002
1 633 2002
1 634 2002
1 635 2002
1 636 2002
1 637 2002
1 638 2002
1 639 2002
1 32 2002
1 640 2002
1 641 2002
1 642 2002
1 643 2002
1 644 2002
1 645 2002
1 646 2002
1 647 2002
1 648 2002
1 649 2002
1 650 2002
1 651 2002
1 652 2002
1 653 2002
1 654 2002
1 655 2002
1 656 2002
1 657 2002
1 658 2002
1 659 2000
1 660 2001
1 661 2001
1 662 2001
1 663 2002
1 664 2003
1 665 2003
1 666 2003
1 667 2003
1 668 2003
1 669 2003
1 670 2003
1 671 2003
1 672 2003
1 25 2003
1 673 2003
1 674 2003
1 675 2003
1 676 2003
1 677 2003
1 678 2003
1 679 2003
1 680 2003
1 21 2003
1 681 2003
1 682 2003
1 17 2003
1 683 2003
1 684 2003
1 685 2003
1 686 2003
1 687 2003
1 688 2003
1 689 2003
1 690 2003
1 691 2003
1 102 1980
1 692 2003
1 693 2003
1 75 2003
1 694 2003
1 695 2003
1 103 1980
1 696 2003
1 697 2003
1 698 2003
1 699 2003
1 12 2003
1 700 2003
1 701 2003
1 702 2003
1 703 2003
1 104 1980
1 704 2003
1 705 2003
1 706 2003
1 707 2003
1 708 2003
1 709 2003
1 710 2003
1 711 2003
1 712 2003
1 713 2003
1 714 2003
1 715 2003
1 716 2003
1 717 2003
1 718 2003
1 105 1980
1 719 2003
1 720 2003
1 721 2003
1 722 2002
1 723 2003
1 724 2002
1 725 2003
1 726 2002
1 106 1980
1 727 2000
1 107 1980
1 728 2004
1 729 2004
1 730 2004
1 731 2004
1 108 1980
1 732 2004
1 733 2004
1 734 2005
1 735 2005
1 736 2005
1 737 2005
1 738 2005
1 739 2005
1 20 2005
1 16 2005
1 740 2005
1 741 2005
1 742 2005
1 743 2005
1 744 2005
1 745 2005
1 746 2005
1 747 2005
1 748 2005
1 749 2005
1 750 2005
1 751 2005
1 752 2005
1 753 2005
1 66 2005
1 754 2005
1 755 2005
1 756 2005
1 757 2005
1 7 2005
1 758 2005
1 759 2002
1 760 2000
1 761 2002
1 762 2002
1 763 2000
1 764 2002
1 765 2001
1 3 2004
1 766 1999
1 767 2001
1 768 2005
1 769 2000
1 770 2006
1 771 2006
1 36 2006
1 772 2006
1 773 2006
1 774 2006
1 775 2006
1 776 2006
1 777 2006
1 778 2006
1 779 2006
1 780 2006
1 781 2006
1 782 2006
1 783 2006
1 784 2006
1 785 2006
1 786 2006
1 787 2006
1 788 2006
1 789 2006
1 790 2006
1 791 2006
1 792 2005
1 793 2006
1 794 2006
1 795 2003
1 796 2007
1 797 2007
1 798 2007
1 799 2007
1 800 2007
1 801 2007
1 802 2007
1 803 2007
1 804 2007
1 805 2007
1 806 2007
1 807 2007
1 808 2007
1 809 2007
1 810 2007
1 811 2007
1 812 2007
1 813 2007
1 814 2007
1 815 2007
1 816 2007
1 817 2007
1 818 2007
1 819 2007
1 820 2007
1 19 2007
1 821 2007
1 822 2007
1 823 2007
1 824 2007
1 825 2007
1 826 2007
1 827 2007
1 828 2007
1 829 2007
1 830 2007
1 831 2007
1 832 2007
1 833 2007
1 834 2007
1 835 2007
1 836 2007
1 837 2007
1 838 2007
1 839 2007
1 840 2007
1 841 2007
1 842 2007
1 843 2007
1 844 2007
1 845 2007
1 846 2007
1 847 2007
1 848 2006
1 849 2007
1 850 2007
1 851 2007
1 852 2006
1 853 2007
1 854 2007
1 855 2005
1 856 2007
1 857 2006
1 858 2005
1 859 2008
1 860 2008
1 861 2008
1 862 2008
1 863 2008
1 864 2008
1 865 2008
1 866 2008
1 867 2008
1 868 2008
1 869 2008
1 870 2008
1 871 2008
1 872 2008
1 873 2008
1 874 2008
1 875 2008
1 876 2008
1 877 2008
1 878 2008
1 879 2008
1 880 2008
1 881 2008
1 882 2008
1 883 2008
1 884 2008
1 885 2008
1 886 2008
1 887 2008
1 11 2008
1 888 2008
1 889 2008
1 890 2008
1 891 2008
1 892 2008
1 893 2008
1 894 2008
1 895 2008
1 896 2008
1 897 2008
1 898 2008
1 899 2008
1 900 2008
1 901 2008
1 902 2008
1 903 2008
1 904 2008
1 905 2008
1 906 2008
1 907 2008
1 908 2008
1 909 2008
1 910 2008
1 911 2008
1 912 2008
1 913 2008
1 914 2008
1 915 2008
1 916 2007
1 917 2007
1 918 2007
1 919 2007
1 920 2008
1 921 2007
1 922 2009
1 923 2009
1 924 2009
1 925 2009
1 926 2009
1 927 2009
1 928 2009
1 929 2009
1 930 2009
1 931 2009
1 932 2009
1 933 2009
1 934 2009
1 935 2009
1 936 2009
1 937 2009
1 938 2009
1 939 2009
1 940 2009
1 941 2009
1 942 2009
1 943 2009
1 944 2009
1 945 2009
1 946 2009
1 947 2009
1 948 2009
1 949 2009
1 950 2009
1 951 2009
1 6 2009
1 952 2009
1 953 2009
1 954 2009
1 955 2009
1 956 2009
1 957 2009
1 958 2009
1 959 2009
1 960 2009
1 961 2009
1 962 2009
1 963 2009
1 964 2009
1 965 2008
1 49 2005
1 966 2007
1 967 2010
1 109 1981
1 968 2010
1 969 2010
1 970 2010
1 110 1981
1 111 1981
1 112 1981
1 971 2010
1 972 2010
1 973 2009
1 974 2009
1 975 2009
1 976 2009
1 977 2009
1 978 2009
1 979 2009
1 980 2009
1 981 2009
1 982 2008
1 983 2010
1 984 2007
1 985 2008
1 986 2008
1 987 2007
1 988 2007
1 989 2006
1 990 2011
1 991 2011
1 992 2011
1 993 2011
1 994 2011
1 995 2011
1 996 2011
1 997 2012
1 998 2012
1 999 2012
1 1000 2012
1 1001 2012
1 1002 2012
1 1003 2012
1 1004 2012
1 1005 2012
1 1006 2012
1 1007 2012
1 1008 2012
1 1009 2012
1 1010 2012
1 1011 2012
1 1012 2009
1 1013 2008
1 1014 2008
1 1015 2003
1 1016 2009
1 1017 2007
1 1018 2005
1 1019 2009
1 113 1982
1 1020 2012
1 1021 2012
1 1022 2012
1 114 1982
1 1023 2011
1 1024 2008
1 115 1982
1 116 1982
1 1025 2013
1 117 1982
1 1026 2013
1 1027 2013
1 1028 2013
1 1029 2012
1 1030 2012
1 1031 2011
1 1032 2011
1 1033 2010
1 1034 2014
1 1035 2014
1 1036 2014
1 1037 2014
1 1038 2014
1 1039 2014
1 1040 2014
1 1041 2014
1 1042 2014
1 1043 2014
1 1044 2014
1 1045 2014
1 1046 2014
