1 1047 123.360000610352
1 1048 126.5
1 1049 128.809997558594
1 1050 121.389999389648
1 1051 124.680000305176
1 1052 127.680000305176
1 1053 110.089996337891
1 1054 122
1 95 128.710006713867
1 118 126.959999084473
1 119 124.050003051758
1 91 126.75
1 120 127.269996643066
1 121 118.529998779297
1 122 123.209999084473
1 123 125.040000915527
1 124 117.379997253418
1 84 128.949996948242
1 125 116.190002441406
1 80 123.930000305176
1 126 122.830001831055
1 127 121.949996948242
1 128 111.870002746582
1 129 125.26000213623
1 1055 130.389999389648
1 1056 121.080001831055
1 130 128.309997558594
1 1057 125.349998474121
1 131 120.470001220703
1 132 125.699996948242
1 133 127.349998474121
1 134 118.569999694824
1 135 121.480003356934
1 70 123.430000305176
1 65 119.529998779297
1 136 121.879997253418
1 137 125.76000213623
1 60 115.410003662109
1 138 118.23999786377
1 139 123.529998779297
1 140 118.440002441406
1 141 121.629997253418
1 142 123.730003356934
1 143 124.669998168945
1 144 127.139999389648
1 145 121.73999786377
1 146 118.620002746582
1 147 111.069999694824
1 148 127.23999786377
1 149 115.129997253418
1 150 114.910003662109
1 151 124.699996948242
1 152 116.639999389648
1 153 123.199996948242
1 154 120.809997558594
1 155 116.150001525879
1 156 119.099998474121
1 157 119.040000915527
1 158 124.550003051758
1 159 117.910003662109
1 160 125.589996337891
1 161 120.930000305176
1 162 121.620002746582
1 163 122.25
1 72 126.470001220703
1 164 124.300003051758
1 165 124.610000610352
1 92 125.5
1 166 120.680000305176
1 167 117.769996643066
1 168 119.349998474121
1 169 126.5
1 170 129.410003662109
1 171 113.839996337891
1 172 122.5
1 173 126.610000610352
1 174 125.069999694824
1 175 121.050003051758
1 176 125.5
1 177 120.779998779297
1 178 124
1 52 127.940002441406
1 47 117.889999389648
1 46 128.889999389648
1 179 121.830001831055
1 180 127.321998596191
1 181 118.779998779297
1 182 127.089996337891
1 183 125.099998474121
1 53 124.25
1 184 131.949996948242
1 185 125
1 97 117.050003051758
1 186 121.900001525879
1 187 118.73999786377
1 188 128.940002441406
1 87 127.300003051758
1 189 124
1 190 129.330001831055
1 191 130.059997558594
1 192 121.639999389648
1 193 124.5
1 83 123.160003662109
1 194 124.150001525879
1 195 135.320007324219
1 196 125.660003662109
1 79 123.900001525879
1 197 130.580001831055
1 198 113.800003051758
1 199 123.599998474121
1 61 131.830001831055
1 200 127.940002441406
1 201 125.879997253418
1 202 125.419998168945
1 203 124.98999786377
1 204 127.110000610352
1 205 117.099998474121
1 206 121.300003051758
1 207 116.339996337891
1 208 123.330001831055
1 209 129.600006103516
1 210 133.529998779297
1 211 110.319999694824
1 212 129.720001220703
1 74 126.339996337891
1 213 135.059997558594
1 214 118.860000610352
1 215 125.660003662109
1 62 126.330001831055
1 57 117.279998779297
1 216 119.209999084473
1 71 121.410003662109
1 217 121.419998168945
1 218 123.889999389648
1 219 121.019996643066
1 220 129.869995117188
1 76 122.529998779297
1 48 129.259994506836
1 221 113.099998474121
1 222 124.059997558594
1 223 125.790000915527
1 224 123.349998474121
1 225 124.209999084473
1 226 129.059997558594
1 227 122.349998474121
1 228 118.949996948242
1 229 121.889999389648
1 88 116.379997253418
1 230 123.970001220703
1 231 124.680000305176
1 232 124.099998474121
1 233 128.830001831055
1 69 120.459999084473
1 234 119.910003662109
1 235 122.410003662109
1 236 125.319999694824
1 237 121.930000305176
1 238 116.23999786377
1 239 133.529998779297
1 240 128.720001220703
1 241 117.580001831055
1 242 127.599998474121
1 77 123.150001525879
1 243 121.160003662109
1 244 121.870002746582
1 245 130.190002441406
1 246 128.110000610352
1 247 123.589996337891
1 248 115.550003051758
1 249 125.459999084473
1 250 122.01000213623
1 251 124.480003356934
1 56 120.279998779297
1 252 126.5
1 253 125.300003051758
1 254 122.519996643066
1 255 124.349998474121
1 256 122.029998779297
1 51 119.599998474121
1 45 126.040000915527
1 257 127.150001525879
1 258 125.019996643066
1 259 123.949996948242
1 260 118.75
1 261 120.209999084473
1 262 120.73999786377
1 263 120.169998168945
1 264 127.5
1 265 121.809997558594
1 266 121.099998474121
1 267 126.900001525879
1 268 124.660003662109
1 269 124.470001220703
1 270 125.589996337891
1 271 125.180000305176
1 272 125.870002746582
1 273 118.279998779297
1 274 125.309997558594
1 275 122.779998779297
1 85 131.089996337891
1 67 122.300003051758
1 276 104.680000305176
1 277 121.400001525879
1 278 122.019996643066
1 279 122.569999694824
1 63 121.589996337891
1 280 125.099998474121
1 281 128.889999389648
1 282 124.690002441406
1 283 120.830001831055
1 284 116.339996337891
1 285 120.440002441406
1 286 122.970001220703
1 287 126.220001220703
1 288 124.349998474121
1 289 122.5
1 290 126.480003356934
1 291 123.059997558594
1 58 121.949996948242
1 292 124.290000915527
1 293 116.330001831055
1 294 116.23999786377
1 295 122.059997558594
1 296 114.029998779297
1 297 119.419998168945
1 298 122.069999694824
1 299 119.949996948242
1 300 116.199996948242
1 301 122.180000305176
1 302 119.410003662109
1 303 126.400001525879
1 304 121.5
1 305 115.089996337891
1 306 121.540000915527
1 41 134.160003662109
1 307 120.550003051758
1 308 123.709999084473
1 309 116.959999084473
1 54 129.259994506836
1 310 125.720001220703
1 311 119.069999694824
1 312 117.48999786377
1 313 127.150001525879
1 314 119.440002441406
1 315 123.330001831055
1 316 117.540000915527
1 317 122.580001831055
1 318 118.300003051758
1 319 123.300003051758
1 320 117.849998474121
1 321 120.900001525879
1 35 123.5
1 322 132.809997558594
1 323 124.800003051758
1 324 114.809997558594
1 325 117.550003051758
1 326 122.129997253418
1 327 128.789993286133
1 328 118.879997253418
1 329 129.5
1 330 118.040000915527
1 81 124.650001525879
1 331 122.319999694824
1 332 119.76000213623
1 333 115.050003051758
1 334 117.449996948242
1 335 125.059997558594
1 336 117.629997253418
1 31 121.650001525879
1 337 122.25
1 338 127.790000915527
1 82 130.350006103516
1 339 121.180000305176
1 340 126.459999084473
1 341 124.440002441406
1 78 125.099998474121
1 342 126.690002441406
1 343 123.610000610352
1 344 124.050003051758
1 345 123.169998168945
1 346 125.430000305176
1 29 124.900001525879
1 347 121.639999389648
1 348 116.5
1 349 126.440002441406
1 350 133.440002441406
1 351 111.319999694824
1 352 119.449996948242
1 353 130.490005493164
1 354 126.819999694824
1 355 122.099998474121
1 356 113.75
1 357 121.139999389648
1 358 114.970001220703
1 359 123.339996337891
1 360 122.389999389648
1 361 121.349998474121
1 362 126.360000610352
1 73 121.419998168945
1 363 117.730003356934
1 24 124.669998168945
1 68 124.379997253418
1 364 123
1 365 122.25
1 366 127.23999786377
1 367 124.099998474121
1 368 131.820007324219
1 369 121.309997558594
1 370 121.75
1 371 131.119995117188
1 64 126.190002441406
1 372 121.040000915527
1 373 121.099998474121
1 98 117.540000915527
1 374 118.220001220703
1 375 123.900001525879
1 10 119.620002746582
1 376 119.949996948242
1 377 118.379997253418
1 378 121.639999389648
1 5 127.199996948242
1 379 123.699996948242
1 380 120.050003051758
1 381 120.379997253418
1 382 109.730003356934
1 383 116.180000305176
1 2 126.650001525879
1 384 121.48999786377
1 385 124.620002746582
1 386 129.350006103516
1 387 127.349998474121
1 388 125.400001525879
1 59 124.370002746582
1 389 118.199996948242
1 390 117.550003051758
1 391 119.029998779297
1 392 126.26000213623
1 393 110.099998474121
1 394 118.180000305176
1 395 121.790000915527
1 396 118.300003051758
1 397 124.559997558594
1 398 122.019996643066
1 399 117.279998779297
1 400 124.01000213623
1 55 125.5
1 401 122
1 402 125.129997253418
1 403 117.5
1 404 130.699996948242
1 405 121.819999694824
1 40 126.269996643066
1 406 122.589996337891
1 407 133.279998779297
1 408 116.400001525879
1 409 126.849998474121
1 410 125.099998474121
1 411 120.279998779297
1 412 123.139999389648
1 413 123.5
1 414 126.959999084473
1 34 125.470001220703
1 415 120.709999084473
1 416 121.360000610352
1 417 126.5
1 418 120.550003051758
1 419 122.970001220703
1 420 124.849998474121
1 421 117.949996948242
1 422 120.300003051758
1 93 124.019996643066
1 423 122.830001831055
1 424 125.800003051758
1 425 123.800003051758
1 426 120
1 50 130.399993896484
1 427 123.98999786377
1 428 126.389999389648
1 429 117.029998779297
1 430 118.620002746582
1 431 122.430000305176
1 89 123.550003051758
1 432 114.080001831055
1 433 121.650001525879
1 434 120.349998474121
1 435 119.209999084473
1 436 123.959999084473
1 437 116.599998474121
1 438 120.389999389648
1 439 116.199996948242
1 440 120.599998474121
1 86 124.160003662109
1 441 124.5
1 442 122.870002746582
1 443 124.309997558594
1 444 117.180000305176
1 445 125.849998474121
1 446 117.629997253418
1 447 117.150001525879
1 448 120.800003051758
1 449 122
1 450 121.5
1 451 114.830001831055
1 452 120.150001525879
1 453 116.779998779297
1 454 126.330001831055
1 455 124.629997253418
1 456 106.01000213623
1 457 127.410003662109
1 458 118.110000610352
1 459 117.23999786377
1 460 116.779998779297
1 461 121.839996337891
1 462 117.809997558594
1 44 126.550003051758
1 463 123.540000915527
1 464 121.269996643066
1 465 121.540000915527
1 94 112.800003051758
1 466 125.889999389648
1 467 117.550003051758
1 468 115.889999389648
1 469 120.23999786377
1 470 127.930000305176
1 471 122.580001831055
1 90 129.699996948242
1 472 122.559997558594
1 473 118.300003051758
1 474 109.339996337891
1 475 119.25
1 476 117.889999389648
1 477 121.720001220703
1 478 120.889999389648
1 479 117.690002441406
1 480 126.449996948242
1 481 122.459999084473
1 28 127.190002441406
1 482 128.360000610352
1 483 117.819999694824
1 484 121.099998474121
1 485 122.73999786377
1 15 122.23999786377
1 486 130.279998779297
1 487 122.160003662109
1 488 118.629997253418
1 9 121.339996337891
1 489 118.069999694824
1 490 117.48999786377
1 4 124.51000213623
1 491 122.76000213623
1 492 121.800003051758
1 493 114.620002746582
1 494 120.349998474121
1 495 118.800003051758
1 496 124.400001525879
1 497 125.529998779297
1 498 118.199996948242
1 43 115.319999694824
1 499 118.199996948242
1 500 129.050003051758
1 501 119.349998474121
1 502 122.699996948242
1 503 127.629997253418
1 39 125.220001220703
1 504 119.849998474121
1 99 121.48999786377
1 505 122.25
1 506 121.449996948242
1 507 123.559997558594
1 508 126.190002441406
1 509 117.220001220703
1 510 129.149993896484
1 511 125.25
1 33 120.730003356934
1 512 125
1 30 119.900001525879
1 513 116.900001525879
1 514 122.160003662109
1 515 121.269996643066
1 516 113.599998474121
1 517 126.73999786377
1 518 119.699996948242
1 519 121.199996948242
1 520 120.25
1 521 113.400001525879
1 522 119.199996948242
1 523 121.400001525879
1 524 115.550003051758
1 525 112.849998474121
1 526 125.480003356934
1 527 122.300003051758
1 528 115.550003051758
1 529 110.550003051758
1 530 132.729995727539
1 531 119.099998474121
1 532 123.220001220703
1 533 123.050003051758
1 534 121.050003051758
1 535 115.699996948242
1 536 120.400001525879
1 537 120.449996948242
1 538 121.699996948242
1 539 126.150001525879
1 540 123.089996337891
1 100 119.709999084473
1 541 115.800003051758
1 542 119.699996948242
1 543 116.370002746582
1 544 112.949996948242
1 545 120.199996948242
1 546 107.699996948242
1 547 107.900001525879
1 548 119.550003051758
1 549 125.379997253418
1 550 125.669998168945
1 551 119.25
1 101 121.720001220703
1 552 118.400001525879
1 553 122.199996948242
1 554 120.180000305176
1 555 114.650001525879
1 14 119.300003051758
1 556 122.040000915527
1 557 110.5
1 558 118.5
1 559 111.76000213623
1 560 122
1 561 121.23999786377
1 562 123.540000915527
1 8 118.449996948242
1 563 112.25
1 564 125.449996948242
1 565 118.199996948242
1 1 123.849998474121
1 566 117.629997253418
1 567 119.410003662109
1 568 122.050003051758
1 569 127.5
1 570 120.910003662109
1 571 125
1 572 123.430000305176
1 27 121.069999694824
1 573 126
1 574 124.48999786377
1 575 128.809997558594
1 576 126.48999786377
1 577 120.059997558594
1 578 123.470001220703
1 579 131.899993896484
1 23 123.839996337891
1 18 123.360000610352
1 13 121.169998168945
1 580 112.139999389648
1 581 128.520004272461
1 582 124.199996948242
1 583 127.220001220703
1 584 121.889999389648
1 585 124.150001525879
1 586 128.160003662109
1 587 126.290000915527
1 588 112.529998779297
1 589 121.080001831055
1 590 121.300003051758
1 38 117.629997253418
1 96 126.569999694824
1 591 120.809997558594
1 592 121.099998474121
1 593 127.349998474121
1 26 121.930000305176
1 22 122.220001220703
1 594 122.419998168945
1 595 124.199996948242
1 596 122.050003051758
1 597 115.5
1 598 116.5
1 599 123.690002441406
1 600 121.550003051758
1 601 118.480003356934
1 602 125.360000610352
1 603 123.019996643066
1 604 125.129997253418
1 605 119.889999389648
1 606 120.230003356934
1 607 124.660003662109
1 608 118.099998474121
1 609 118.379997253418
1 610 117.650001525879
1 611 117.080001831055
1 612 127.720001220703
1 613 125.059997558594
1 614 122.669998168945
1 615 132.460006713867
1 616 116.930000305176
1 617 116.569999694824
1 618 115.360000610352
1 619 122.720001220703
1 620 119.330001831055
1 42 131.509994506836
1 37 128.119995117188
1 621 123.080001831055
1 622 115.650001525879
1 623 120.73999786377
1 624 123.150001525879
1 625 121.860000610352
1 626 123.099998474121
1 627 116.709999084473
1 628 118.099998474121
1 629 120.75
1 630 118.129997253418
1 631 112.819999694824
1 632 113.419998168945
1 633 122.180000305176
1 634 117.400001525879
1 635 116.480003356934
1 636 116.910003662109
1 637 112.129997253418
1 638 129.369995117188
1 639 107.309997558594
1 32 127.900001525879
1 640 123.620002746582
1 641 110.809997558594
1 642 118.529998779297
1 643 116.860000610352
1 644 121.099998474121
1 645 122.5
1 646 124.400001525879
1 647 119.139999389648
1 648 117.779998779297
1 649 130.369995117188
1 650 121.790000915527
1 651 122.620002746582
1 652 120.139999389648
1 653 117.839996337891
1 654 122.830001831055
1 655 111.930000305176
1 656 116.099998474121
1 657 112.029998779297
1 658 118.120002746582
1 659 120.800003051758
1 660 125.75
1 661 123.519996643066
1 662 126.139999389648
1 663 119.910003662109
1 664 131.419998168945
1 665 116.209999084473
1 666 124.790000915527
1 667 119.389999389648
1 668 118.860000610352
1 669 121.379997253418
1 670 125.110000610352
1 671 126.569999694824
1 672 121.379997253418
1 25 133.559997558594
1 673 124.209999084473
1 674 123.379997253418
1 675 126.290000915527
1 676 121.910003662109
1 677 115.150001525879
1 678 126.930000305176
1 679 124.639999389648
1 680 116.300003051758
1 21 130.679992675781
1 681 116.349998474121
1 682 118.790000915527
1 17 124.830001831055
1 683 117.319999694824
1 684 120.569999694824
1 685 116.550003051758
1 686 122.349998474121
1 687 116.349998474121
1 688 117.110000610352
1 689 124.73999786377
1 690 126.900001525879
1 691 120.01000213623
1 102 116.129997253418
1 692 124.120002746582
1 693 131.789993286133
1 75 124.169998168945
1 694 126.879997253418
1 695 125.75
1 103 111.809997558594
1 696 116.319999694824
1 697 119.529998779297
1 698 121.959999084473
1 699 123.279998779297
1 12 128.490005493164
1 700 126.75
1 701 123.26000213623
1 702 122.319999694824
1 703 119.720001220703
1 104 125.98999786377
1 704 127.860000610352
1 705 125.099998474121
1 706 126.769996643066
1 707 125.410003662109
1 708 117.860000610352
1 709 119.699996948242
1 710 120.339996337891
1 711 123.459999084473
1 712 118.050003051758
1 713 122.519996643066
1 714 121.699996948242
1 715 126.839996337891
1 716 131.75
1 717 121.5
1 718 122.300003051758
1 105 117.190002441406
1 719 126.779998779297
1 720 132.380004882812
1 721 128.619995117188
1 722 121.169998168945
1 723 125.029998779297
1 724 128.309997558594
1 725 123.069999694824
1 726 118.440002441406
1 106 116.410003662109
1 727 120.809997558594
1 107 115.849998474121
1 728 120.830001831055
1 729 128.949996948242
1 730 122.01000213623
1 731 127.459999084473
1 108 126.73999786377
1 732 116.069999694824
1 733 123.48999786377
1 734 130.020004272461
1 735 119.599998474121
1 736 119.26000213623
1 737 122.720001220703
1 738 124.519996643066
1 739 124.830001831055
1 20 128.800003051758
1 16 130.199996948242
1 740 123.51000213623
1 741 120.309997558594
1 742 121.620002746582
1 743 120.900001525879
1 744 102.709999084473
1 745 119.25
1 746 123.650001525879
1 747 123.330001831055
1 748 122.230003356934
1 749 123.01000213623
1 750 118.48999786377
1 751 117.589996337891
1 752 124.860000610352
1 753 115.300003051758
1 66 123.129997253418
1 754 116.860000610352
1 755 116.389999389648
1 756 115.01000213623
1 757 120.650001525879
1 7 122.150001525879
1 758 122.650001525879
1 759 120.180000305176
1 760 127.290000915527
1 761 118.589996337891
1 762 121.269996643066
1 763 124.319999694824
1 764 122.190002441406
1 765 121.930000305176
1 3 121.809997558594
1 766 119.699996948242
1 767 118.870002746582
1 768 117.389999389648
1 769 129.940002441406
1 770 122.959999084473
1 771 125.73999786377
1 36 120.680000305176
1 772 116.129997253418
1 773 126.680000305176
1 774 115.629997253418
1 775 121.069999694824
1 776 116.330001831055
1 777 125.150001525879
1 778 123.360000610352
1 779 121.730003356934
1 780 120.01000213623
1 781 123.669998168945
1 782 125.889999389648
1 783 123.120002746582
1 784 113.459999084473
1 785 124.819999694824
1 786 123.459999084473
1 787 128.949996948242
1 788 128.559997558594
1 789 131.169998168945
1 790 127.410003662109
1 791 118.160003662109
1 792 116.699996948242
1 793 127.830001831055
1 794 115.690002441406
1 795 127.120002746582
1 796 128.300003051758
1 797 125
1 798 125.069999694824
1 799 126.98999786377
1 800 125.080001831055
1 801 123.589996337891
1 802 124.400001525879
1 803 126.080001831055
1 804 115.790000915527
1 805 117.040000915527
1 806 114.870002746582
1 807 124.129997253418
1 808 114.449996948242
1 809 119
1 810 129.539993286133
1 811 123.73999786377
1 812 122.73999786377
1 813 111.290000915527
1 814 115.349998474121
1 815 117.839996337891
1 816 117.300003051758
1 817 124.800003051758
1 818 129.910003662109
1 819 123.269996643066
1 820 122.970001220703
1 19 124.110000610352
1 821 118.25
1 822 122.650001525879
1 823 123.639999389648
1 824 121.639999389648
1 825 120.959999084473
1 826 117.019996643066
1 827 117.75
1 828 110.360000610352
1 829 121.400001525879
1 830 118.790000915527
1 831 123.830001831055
1 832 118.680000305176
1 833 119.550003051758
1 834 119.339996337891
1 835 114.220001220703
1 836 122.089996337891
1 837 112.620002746582
1 838 121.720001220703
1 839 118.319999694824
1 840 112.76000213623
1 841 120.75
1 842 125.269996643066
1 843 124.889999389648
1 844 126.73999786377
1 845 116.889999389648
1 846 124.5
1 847 121.699996948242
1 848 123.099998474121
1 849 117.440002441406
1 850 120.330001831055
1 851 125.720001220703
1 852 124.160003662109
1 853 125.300003051758
1 854 125.599998474121
1 855 124.400001525879
1 856 114.98999786377
1 857 131.149993896484
1 858 114.51000213623
1 859 124.129997253418
1 860 121.169998168945
1 861 122.779998779297
1 862 123.930000305176
1 863 125.180000305176
1 864 114.730003356934
1 865 117.190002441406
1 866 122.360000610352
1 867 123.199996948242
1 868 124.830001831055
1 869 116.559997558594
1 870 125.669998168945
1 871 128.300003051758
1 872 121.980003356934
1 873 121.879997253418
1 874 123.940002441406
1 875 126.440002441406
1 876 119.819999694824
1 877 118.190002441406
1 878 115.819999694824
1 879 120
1 880 119.709999084473
1 881 122.379997253418
1 882 112.230003356934
1 883 123.430000305176
1 884 129.610000610352
1 885 123
1 886 120.169998168945
1 887 124.900001525879
1 11 117.069999694824
1 888 114.379997253418
1 889 122.25
1 890 112.019996643066
1 891 117.610000610352
1 892 119.839996337891
1 893 117.599998474121
1 894 117.620002746582
1 895 120.540000915527
1 896 116.970001220703
1 897 115.959999084473
1 898 123.559997558594
1 899 124.330001831055
1 900 114.980003356934
1 901 120.199996948242
1 902 114.800003051758
1 903 127.879997253418
1 904 130.449996948242
1 905 122.160003662109
1 906 115.76000213623
1 907 121.370002746582
1 908 120.569999694824
1 909 120.160003662109
1 910 121.940002441406
1 911 123.269996643066
1 912 119.019996643066
1 913 123.029998779297
1 914 117.599998474121
1 915 125.110000610352
1 916 123.230003356934
1 917 118.98999786377
1 918 124.379997253418
1 919 120.120002746582
1 920 138.970001220703
1 921 130.690002441406
1 922 120.470001220703
1 923 117.779998779297
1 924 123.220001220703
1 925 117.370002746582
1 926 125.419998168945
1 927 117.379997253418
1 928 119.410003662109
1 929 124.480003356934
1 930 128
1 931 128.050003051758
1 932 116.459999084473
1 933 116.910003662109
1 934 114.269996643066
1 935 120.370002746582
1 936 111.089996337891
1 937 113.650001525879
1 938 126.01000213623
1 939 120.139999389648
1 940 110.959999084473
1 941 129.949996948242
1 942 112.919998168945
1 943 119.25
1 944 118.449996948242
1 945 126.599998474121
1 946 114.110000610352
1 947 101.279998779297
1 948 123.080001831055
1 949 123.290000915527
1 950 125.680000305176
1 951 118.779998779297
1 6 114.139999389648
1 952 126.900001525879
1 953 118.889999389648
1 954 121.069999694824
1 955 123.839996337891
1 956 116.51000213623
1 957 128.399993896484
1 958 119.529998779297
1 959 121.470001220703
1 960 116.349998474121
1 961 124.099998474121
1 962 122.889999389648
1 963 117.970001220703
1 964 121.349998474121
1 965 123.129997253418
1 49 122.5
1 966 115.809997558594
1 967 119.01000213623
1 109 127.050003051758
1 968 118.169998168945
1 969 125.339996337891
1 970 122.220001220703
1 110 123.580001831055
1 111 115.300003051758
1 112 114.5
1 971 116.029998779297
1 972 119.120002746582
1 973 127.790000915527
1 974 118.099998474121
1 975 122.959999084473
1 976 130.460006713867
1 977 125.720001220703
1 978 122.190002441406
1 979 116.069999694824
1 980 126.330001831055
1 981 111.190002441406
1 982 127.099998474121
1 983 124.800003051758
1 984 121.529998779297
1 985 120.699996948242
1 986 122.139999389648
1 987 117.050003051758
1 988 124.069999694824
1 989 116.040000915527
1 990 117.910003662109
1 991 119.23999786377
1 992 123.669998168945
1 993 112.720001220703
1 994 113.440002441406
1 995 118.839996337891
1 996 125.25
1 997 121.75
1 998 119.319999694824
1 999 123.669998168945
1 1000 127.319999694824
1 1001 120.050003051758
1 1002 122.76000213623
1 1003 122.199996948242
1 1004 120.120002746582
1 1005 102.620002746582
1 1006 123.540000915527
1 1007 127.730003356934
1 1008 119.639999389648
1 1009 123.470001220703
1 1010 122.269996643066
1 1011 122.080001831055
1 1012 115.230003356934
1 1013 121.339996337891
1 1014 120.26000213623
1 1015 129.589996337891
1 1016 115.220001220703
1 1017 117.730003356934
1 1018 133.470001220703
1 1019 125.580001831055
1 113 129.380004882812
1 1020 118.680000305176
1 1021 109.830001831055
1 1022 119.449996948242
1 114 122.330001831055
1 1023 118.290000915527
1 1024 130.600006103516
1 115 118.860000610352
1 116 125.430000305176
1 1025 120.669998168945
1 117 126.269996643066
1 1026 129.289993286133
1 1027 127.730003356934
1 1028 123.660003662109
1 1029 126.25
1 1030 126.150001525879
1 1031 124.860000610352
1 1032 122.440002441406
1 1033 121.940002441406
1 1034 119.910003662109
1 1035 113.779998779297
1 1036 124.669998168945
1 1037 121.309997558594
1 1038 115.76000213623
1 1039 121.809997558594
1 1040 124.050003051758
1 1041 118.529998779297
1 1042 115.639999389648
1 1043 119.199996948242
1 1044 120.51000213623
1 1045 119.01000213623
1 1046 134.070007324219
