1 23 2 0
1 24 1 0
1 25 1 0
1 26 1 0
1 27 2 0
1 9 2 0
1 28 1 0
1 10 2 0
1 11 2 1
1 12 2 0
1 13 1 0
1 14 2 0
1 15 2 1
1 16 2 0
1 17 2 0
1 18 2 0
1 19 1 0
1 20 2 0
1 8 1 0
1 21 1 0
1 22 1 1
1 1781 2 0
1 1782 2 0
1 1783 2 0
1 1784 2 0
1 1785 1 0
1 1786 2 0
1 1787 2 0
1 1788 2 0
1 1789 2 0
1 1790 2 0
1 1791 2 0
1 1792 2 1
1 1793 1 1
1 1794 1 0
1 1795 1 0
1 1796 2 0
1 1797 1 0
1 1798 2 0
1 1799 1 0
1 1800 2 0
1 1801 2 1
1 1802 1 0
1 1803 2 0
1 1804 2 0
1 1805 1 0
1 1806 2 0
1 1807 2 0
1 1808 2 0
1 1809 2 0
1 1810 1 0
1 1811 2 0
1 1812 2 0
1 1813 1 0
1 1814 1 1
1 1815 2 1
1 1816 2 0
1 1817 2 0
1 1818 2 0
1 1819 2 0
1 1820 1 0
1 1821 1 0
1 1822 1 1
1 1823 1 1
1 1824 2 1
1 1825 2 0
1 1826 1 0
1 1827 1 1
1 1828 1 0
1 1829 1 0
1 1830 1 0
1 1831 1 1
1 1832 1 1
1 1833 1 0
1 1834 1 0
1 1835 1 1
1 1836 1 1
1 1837 2 0
1 1838 1 0
1 1839 2 0
1 1840 2 0
1 1841 1 0
1 1842 1 0
1 1843 2 0
1 1844 1 0
1 1845 2 0
1 1846 2 0
1 1847 1 0
1 1848 1 0
1 1849 2 0
1 1850 2 0
1 1851 1 1
1 1852 2 1
1 1853 1 0
1 1854 1 0
1 1855 2 0
1 1856 1 0
1 1857 2 0
1 1858 1 0
1 1859 1 0
1 1860 2 0
1 1861 2 0
1 1862 1 0
1 1863 1 0
1 1864 2 0
1 1865 2 0
1 1866 2 1
1 1867 2 1
1 1868 1 0
1 1869 2 1
1 1870 1 0
1 1871 1 0
1 1872 2 1
1 1873 2 0
1 1874 1 0
1 1875 1 0
1 1876 1 0
1 1877 1 0
1 1878 2 0
1 1879 1 0
1 1880 1 0
1 1881 2 0
1 1882 1 0
1 1883 1 0
1  2 1
1 1884 2 0
1 1885 2 0
1 1886 2 0
1 1887 1 0
1 1888 1 1
1 1889 2 0
1 1890 2 0
1 1891 1 0
1 1892 1 0
1 1893 1 0
1 1894 2 0
1 1895 1 1
1 1896 1 0
1 1897 2 0
1 1898 2 0
1 1899 2 0
1 1900 2 0
1 1901 1 1
1 1902 2 0
1 1903 2 0
1 1904 1 0
1 1905 2 0
1 1906 2 0
1 1907 2 0
1 1908 2 0
1 1909 2 0
1 1910 1 0
1 1911 1 1
1 1912 2 1
1 1913 1 0
1 1914 1 0
1 1915 2 0
1 1916 2 0
1 1917 2 0
1 1918 1 0
1 1919 2 0
1 1920 2 0
1 1921 2 0
1 1922 1 0
1 1923 1 0
1 1924 2 0
1 1925 2 0
1 1926 2 0
1 1927 1 0
1 1928 1 0
1 1929 1 0
1 1930 1 0
1 1931 2 1
1 1932 1 1
1 1933 1 0
1 1934 2 0
1 1935 1 0
1 1936 2 0
1 1937 2 0
1 1938 2 0
1 1939 2 1
1 1940 2 0
1 1941 2 0
1 1942 1 0
1 1943 2 0
1 1944 1 0
1 1945 2 1
1 1946 2 0
1 1947 1 0
1 1948 2 0
1 1949 2 0
1 1950 1 0
1 1951 1 0
1 1952 2 0
1 1953 2 0
1 1954 2 0
1 1955 2 1
1 1956 2 0
1 1957 1 1
1 1958 1 1
1 1959 2 0
1 1960 1 0
1 1961 1 0
1 1962 2 0
1 1963 1 0
1 1964 1 0
1 1965 2 0
1 1966 1 1
1 1967 1 0
1 1968 2 0
1 1969 1 0
1 1970 1 0
1 1971 1 0
1 1972 1 0
1 1973 1 0
1 1974 1 0
1 1975 2 1
1 1976 2 1
1 1977 2 0
1 1978 1 0
1 1979 2 0
1 1980 1 0
1 1981 1 0
1 1982 1 0
1 1983 1 1
1 1984 2 0
1 1985 1 0
1 1986 1 0
1 1987 2 0
1 1988 2 0
1 1989 1 0
1 1990 2 0
1 1991 1 1
1 1992 1 1
1 1993 2 0
1 1994 2 0
1 1995 2 0
1 1996 2 0
1 1997 2 0
1 1998 2 0
1 1999 2 0
1 2000 1 0
1 2001 2 1
1 2002 1 1
1 2003 1 0
1 2004 2 0
1 2005 1 0
1 2006 1 0
1 2007 2 0
1 2008 2 1
1 2009 2 1
1 2010 1 0
1 2011 1 1
1 2012 1 0
1 2013 2 0
1 2014 2 1
1 2015 2 0
1 2016 1 0
1 2017 2 0
1 2018 1 0
1 2019 2 0
1 2020 2 1
1 2021 1 0
1 2022 2 0
1 2023 2 0
1 2024 2 0
1 2025 1 0
1 2026 2 1
1 2027 2 1
1 2028 2 0
1 2029 1 0
1 2030 2 0
1 2031 2 0
1 2032 1 0
1 2033 2 0
1 2034 1 0
1 2035 1 0
1 2036 2 1
1 2037 1 0
1 2038 2 0
1 2039 2 0
1 2040 1 0
1 2041 1 0
1 2042 1 0
1 2043 2 0
1 2044 1 0
1 2045 2 0
1 2046 2 0
1 2047 2 0
1 2048 1 0
1 2049 2 0
1 2050 1 0
1 2051 1 0
1 2052 1 0
1 2053 2 0
1 2054 2 0
1 2055 1 0
1 2056 1 0
1 2057 1 0
1 2058 1 0
1 2059 2 0
1 2060 2 1
1 2061 1 0
1 2062 2 0
1 2063 2 0
1 2064 1 0
1 2065 1 0
1 2066 2 1
1 2067 2 0
1 2068 2 0
1 2069 1 0
1 2070 1 0
1 2071 1 0
1 2072 1 0
1 2073 1 0
1 2074 2 0
1 2075 2 0
1 2076 2 0
1 2077 2 0
1 2078 2 0
1 2079 2 1
1 2080 1 1
1 2081 2 0
1 2082 1 0
1 2083 1 0
1 2084 2 0
1 2085 2 0
1 2086 2 0
1 2087 2 0
1 2088 1 0
1 2089 1 0
1 2090 2 0
1 2091 2 0
1 2092 2 0
1 2093 2 1
1 2094 1 0
1 2095 2 0
1 2096 1 0
1 2097 1 0
1 2098 1 1
1 2099 1 0
1 2100 1 1
1 2101 1 1
1 2102 1 1
1 2103 1 1
1 2104 2 1
1 2105 1 0
1 2106 1 1
1 2107 2 1
1 2108 2 0
1 2109 2 0
1 2110 1 1
1 2111 2 1
1 2112 2 0
1 2113 1 0
1 2114 2 1
1 2115 1 0
1 2116 1 0
1 2117 1 0
1 2118 1 1
1 2119 2 1
1 2120 2 0
1 2121 2 0
1 2122 2 1
1 2123 2 0
1 2124 1 0
1 2125 2 1
1 2126 2 0
1 2127 2 0
1 2128 1 0
1 2129 1 1
1 2130 2 0
1 2131 2 0
1 2132 1 0
1 2133 1 0
1 2134 1 0
1 2135 2 1
1 2136 1 0
1 2137 1 1
1 2138 1 1
1 2139 1 0
1 2140 2 0
1 2141 1 0
1 2142 2 1
1 2143 2 0
1 2144 2 0
1 2145 2 0
1 2146 1 1
1 2147 2 1
1 2148 1 0
1 2149 2 0
1 2150 1 1
1 2151 2 0
1 2152 1 0
1 2153 1 1
1 2154 1 1
1 2155 1 0
1 2156 2 0
1 2157 2 1
1 2158 2 0
1 2159 2 0
1 2160 2 0
1 2161 1 0
1 2162 1 0
1 2163 1 0
1 2164 1 1
1 2165 1 0
1 2166 1 1
1 2167 2 0
1 2168 2 0
1 2169 2 0
1 2170 2 1
1 2171 2 0
1 29 2 0
1 30 2 0
1 31 2 0
1 32 1 0
1 33 2 0
1 34 1 0
1 35 1 1
1 36 1 0
1 37 1 0
1 38 1 1
1 39 2 0
1 40 2 0
1 41 2 0
1 42 2 1
1 43 2 0
1 44 1 1
1 45 1 1
1 46 1 0
1 47 1 1
1 48 2 0
1 49 1 0
1 50 1 0
1 51 2 0
1 52 2 0
1 53 2 1
1 54 2 1
1 55 1 0
1 56 2 0
1 57 1 0
1 58 1 0
1 59 2 1
1 60 2 0
1 61 1 0
1 62 2 1
1 63 2 1
1 64 1 1
1 65 2 1
1 66 1 0
1 67 1 0
1 68 1 1
1 69 2 1
1 70 2 0
1 71 2 0
1 72 2 0
1 73 1 1
1 74 1 1
1 75 2 0
1 76 2 1
1 77 1 1
1 78 1 0
1 79 2 0
1 80 2 0
1 81 2 1
1 82 1 1
1 83 2 1
1 84 1 1
1 85 2 1
1 86 1 1
1 87 2 1
1 88 1 0
1 89 1 0
1 90 2 0
1 91 1 1
1 92 1 0
1 93 1 0
1 94 1 1
1 95 2 1
1 96 2 1
1 97 1 1
1 98 1 1
1 99 2 1
1 100 1 1
1 101 1 0
1 102 2 0
1 103 1 0
1 104 2 1
1 105 1 1
1 106 1 1
1 107 1 0
1 108 1 0
1 109 1 0
1 110 2 1
1 111 2 0
1 112 1 0
1 113 2 1
1 114 1 0
1 115 2 0
1 116 2 1
1 117 2 1
1 7 2 0
1 118 1 0
1 119 1 1
1 120 1 0
1 121 2 0
1 122 2 0
1 123 1 0
1 124 2 0
1 125 2 0
1 126 1 0
1 127 2 0
1 128 1 0
1 129 1 0
1 130 2 0
1 131 2 0
1 132 1 0
1 133 1 0
1 134 2 0
1 135 1 0
1 136 1 0
1 137 2 0
1 138 2 0
1 139 1 0
1 140 1 0
1 141 2 0
1 142 2 0
1 143 2 0
1 144 2 0
1 145 1 0
1 146 2 0
1 147 2 1
1 148 1 1
1 149 1 1
1 150 1 1
1 151 2 0
1 152 1 0
1 153 2 0
1 154 2 0
1 155 1 1
1 156 1 1
1 157 1 1
1 158 2 1
1 159 1 0
1 160 1 0
1 161 1 1
1 162 2 0
1 163 1 1
1 164 1 1
1 165 1 0
1 166 2 1
1 167 1 1
1 168 1 0
1 169 2 1
1 170 1 1
1 171 1 0
1 172 2 0
1 173 1 1
1 174 1 1
1 175 1 1
1 176 2 0
1 177 2 1
1 178 1 1
1 179 2 1
1 180 1 1
1 181 2 1
1 182 1 1
1 183 1 1
1 184 1 1
1 185 1 1
1 186 1 0
1 187 1 1
1 188 1 1
1 189 2 1
1 190 2 0
1 191 1 0
1 192 1 1
1 193 2 0
1 194 1 0
1 195 2 0
1 196 2 1
1 197 1 0
1 198 1 1
1 199 2 0
1 200 1 1
1 201 2 1
1 202 2 0
1 203 2 0
1 204 1 0
1 205 1 0
1 206 1 0
1 207 2 0
1 208 1 0
1 209 2 0
1 210 2 0
1 211 2 0
1 212 1 0
1 213 2 0
1 214 1 0
1 215 2 0
1 216 2 0
1 217 1 0
1 218 1 0
1 219 1 0
1 220 1 0
1 221 2 0
1 222 1 0
1 223 2 0
1 224 1 0
1 225 1 0
1 226 2 0
1 227 1 0
1 228 1 0
1 229 2 0
1 230 2 0
1 231 2 0
1 232 2 0
1 233 1 0
1 234 2 0
1 235 1 0
1 236 1 0
1 237 2 0
1 238 2 0
1 239 1 0
1 240 1 0
1 241 2 0
1 242 1 1
1 243 2 1
1 244 2 1
1 245 1 0
1 246 1 1
1 247 1 0
1 248 1 0
1 249 1 0
1 250 1 0
1 251 2 0
1 252 1 0
1 253 1 0
1 254 2 0
1 255 1 1
1 256 2 0
1 257 2 1
1 258 2 1
1 259 1 0
1 260 2 0
1 261 2 1
1 262 1 0
1 263 2 1
1 264 1 0
1 265 2 0
1 266 1 0
1 267 2 0
1 268 1 0
1 269 2 1
1 270 1 0
1 271 2 1
1 272 1 1
1 273 2 1
1 274 2 0
1 275 1 1
1 276 2 1
1 277 2 1
1 278 2 0
1 279 1 1
1 280 2 1
1 281 2 1
1 282 1 0
1 283 2 0
1 284 2 1
1 285 2 0
1 286 1 0
1 287 1 0
1 288 2 0
1 289 1 0
1 290 2 0
1 291 1 0
1 292 2 0
1 293 2 0
1 294 2 0
1 295 2 0
1 296 1 0
1 297 1 0
1 298 1 1
1 299 1 1
1 300 1 1
1 301 1 0
1 302 1 0
1 303 2 0
1 304 1 1
1 305 2 1
1 306 2 0
1 307 1 1
1 308 1 0
1 309 2 0
1 310 2 0
1 311 1 0
1 312 2 0
1 313 2 0
1 314 2 0
1 315 1 1
1 316 1 1
1 317 2 1
1 318 2 0
1 319 1 0
1 320 1 0
1 321 2 0
1 322 2 0
1 323 2 0
1 324 1 1
1 325 2 1
1 326 2 0
1 327 1 1
1 328 2 1
1 329 2 1
1 330 2 1
1 331 1 0
1 332 1 0
1 333 1 1
1 334 1 1
1 335 1 0
1 336 1 0
1 337 1 0
1 338 2 0
1 339 1 0
1 340 1 0
1 341 1 0
1 342 2 1
1 343 1 1
1 344 2 0
1 345 1 0
1 346 1 0
1 347 1 1
1 348 2 1
1 349 2 1
1 350 1 1
1 351 2 0
1 352 2 1
1 353 2 0
1 354 1 0
1 355 1 0
1 356 1 0
1 357 1 1
1 358 2 0
1 359 2 0
1 360 1 0
1 361 1 0
1 362 1 0
1 363 2 0
1 364 1 0
1 365 2 0
1 366 1 0
1 367 2 0
1 368 2 1
1 369 2 1
1 370 2 1
1 371 2 0
1 372 1 0
1 373 2 0
1 374 2 0
1 375 2 0
1 376 2 0
1 377 2 1
1 378 2 1
1 379 1 0
1 380 2 0
1 381 2 1
1 382 2 0
1 383 2 0
1 384 2 0
1 385 2 0
1 386 1 0
1 387 2 0
1 388 1 0
1 389 2 0
1 390 2 0
1 391 2 0
1 392 2 0
1 393 2 1
1 394 2 1
1 395 1 0
1 396 1 0
1 397 2 1
1 398 1 1
1 399 1 0
1 400 2 0
1 401 2 0
1 402 1 0
1 403 2 1
1 404 2 1
1 405 1 0
1 406 2 0
1 407 1 0
1 408 2 1
1 409 2 1
1 410 2 0
1 411 1 0
1 412 2 0
1 413 1 0
1 414 2 0
1 415 1 0
1 416 2 0
1 417 2 0
1 418 2 0
1 419 2 0
1 420 1 1
1 421 2 1
1 422 2 0
1 423 2 0
1 424 1 0
1 425 2 0
1 426 2 0
1 427 2 0
1 428 1 1
1 429 1 0
1 430 2 0
1 431 2 0
1 432 2 0
1 433 1 1
1 434 1 1
1 435 1 1
1 436 2 1
1 437 2 1
1 438 2 0
1 439 2 0
1 440 2 0
1 441 1 1
1 442 2 1
1 443 2 0
1 444 1 0
1 445 1 0
1 446 1 0
1 447 2 1
1 448 2 0
1 449 1 0
1 450 2 0
1 451 2 0
1 452 2 1
1 453 1 1
1 454 1 0
1 455 1 0
1 456 1 0
1 457 2 0
1 458 2 0
1 459 1 0
1 5 2 0
1 460 1 1
1 461 2 0
1 462 2 0
1 463 1 0
1 464 2 1
1 465 2 1
1 466 1 0
1 467 1 0
1 468 2 0
1 469 2 0
1 470 2 0
1 471 2 1
1 472 2 0
1 473 2 0
1 474 2 0
1 475 2 0
1 476 1 0
1 477 2 0
1 478 1 0
1 479 2 0
1 480 1 0
1 481 2 0
1 482 1 0
1 483 2 0
1 484 2 0
1 485 1 0
1 486 2 1
1 487 1 1
1 488 2 1
1 489 2 0
1 490 2 0
1 491 1 0
1 492 1 1
1 493 2 0
1 494 2 0
1 495 1 0
1 496 1 0
1 497 1 0
1 498 2 0
1 499 2 0
1 500 1 0
1 501 1 0
1 502 1 0
1 503 2 0
1 504 2 0
1 505 1 0
1 506 1 1
1 507 2 1
1 508 1 1
1 509 1 0
1 510 2 0
1 511 1 0
1 512 1 0
1 513 2 0
1 514 1 1
1 515 1 1
1 516 2 1
1 517 1 1
1 518 1 1
1 519 1 1
1 520 2 1
1 521 2 1
1 522 2 1
1 523 1 0
1 524 1 0
1 525 2 0
1 526 2 0
1 527 1 0
1 528 2 0
1 529 1 0
1 530 1 0
1 531 1 0
1 532 2 0
1 533 2 0
1 534 1 0
1 535 1 0
1 536 2 1
1 537 1 1
1 538 1 0
1 539 2 1
1 540 1 1
1 541 1 0
1 542 1 0
1 543 2 0
1 544 2 0
1 545 2 0
1 546 2 0
1 547 1 0
1 548 1 0
1 549 1 0
1 550 2 0
1 551 2 0
1 552 2 0
1 553 2 0
1 554 1 0
1 555 2 0
1 556 2 0
1 557 1 0
1 558 2 0
1 559 1 0
1 560 2 1
1 561 2 0
1 562 2 0
1 563 1 0
1 564 2 1
1 565 2 1
1 566 1 0
1 567 2 0
1 568 2 0
1 569 2 0
1 570 1 0
1 571 2 0
1 572 2 0
1 573 1 0
1 574 2 0
1 575 2 0
1 576 2 1
1 577 1 1
1 578 1 0
1 579 2 0
1 580 2 0
1 581 1 1
1 582 1 1
1 583 1 0
1 584 1 0
1 585 1 0
1 586 2 0
1 587 1 0
1 588 2 0
1 589 2 0
1 590 1 0
1 591 2 0
1 592 2 0
1 593 2 0
1 594 1 1
1 595 2 1
1 596 2 1
1 597 2 0
1 598 1 0
1 599 1 0
1 600 2 0
1 601 2 0
1 602 2 0
1 603 1 0
1 604 2 0
1 605 2 0
1 606 1 0
1 607 2 0
1 608 1 0
1 609 2 0
1 610 2 0
1 611 2 0
1 612 2 0
1 613 2 0
1 614 2 0
1 615 1 0
1 616 1 0
1 617 1 0
1 618 2 0
1 619 1 0
1 620 1 0
1 621 1 0
1 622 2 0
1 623 1 0
1 624 1 0
1 625 2 0
1 626 2 0
1 627 2 0
1 628 2 0
1 629 2 0
1 630 2 0
1 631 2 0
1 632 1 0
1 633 2 0
1 634 2 1
1 635 1 1
1 636 1 0
1 637 1 0
1 638 2 0
1 639 1 1
1 640 1 1
1 641 2 1
1 642 2 0
1 643 1 1
1 644 1 0
1 645 1 1
1 646 1 0
1 647 2 1
1 648 1 0
1 649 2 0
1 650 2 0
1 651 1 0
1 652 2 0
1 653 1 0
1 654 2 0
1 655 2 1
1 656 1 1
1 657 2 0
1 658 1 0
1 659 2 0
1 660 2 1
1 661 2 0
1 662 2 1
1 663 2 1
1 664 1 0
1 665 1 0
1 666 2 0
1 667 2 0
1 668 1 1
1 669 1 0
1 670 2 1
1 671 1 0
1 672 1 0
1 673 1 0
1 674 1 0
1 675 2 0
1 676 2 0
1 677 1 0
1 678 2 0
1 679 1 0
1 680 2 0
1 681 2 0
1 682 2 1
1 683 1 0
1 684 1 0
1 685 1 1
1 686 1 0
1 687 1 0
1 688 2 0
1 689 1 0
1 690 2 1
1 691 2 1
1 692 1 0
1 693 2 1
1 694 1 1
1 695 1 0
1 696 2 0
1 697 2 1
1 698 2 0
1 699 1 0
1 700 2 0
1 701 1 0
1 702 1 0
1 703 1 0
1 704 2 0
1 705 1 1
1 706 2 1
1 707 2 0
1 708 1 0
1 709 1 0
1 710 1 1
1 711 1 0
1 712 1 0
1 713 2 0
1 714 2 0
1 715 1 0
1 716 2 0
1 717 1 0
1 718 1 0
1 719 2 1
1 720 2 0
1 721 2 0
1 722 2 0
1 723 1 0
1 724 2 0
1 725 1 0
1 726 1 0
1 727 1 0
1 728 1 0
1 729 1 0
1 730 2 0
1 731 2 1
1 732 1 1
1 733 1 0
1 734 1 0
1 735 2 0
1 736 2 0
1 737 2 0
1 738 2 0
1 739 1 0
1 740 1 0
1 741 1 0
1 742 1 0
1 743 1 0
1 744 2 0
1 745 2 0
1 746 1 0
1 747 1 0
1 748 1 0
1 749 2 0
1 750 1 0
1 751 2 0
1 752 1 0
1 753 2 0
1 754 2 0
1 755 2 1
1 756 2 0
1 757 1 0
1 758 1 0
1 759 1 0
1 760 1 1
1 761 2 1
1 762 2 1
1 763 1 0
1 764 1 1
1 765 2 0
1 766 2 0
1 767 1 1
1 768 2 1
1 769 1 0
1 770 1 1
1 771 1 1
1 772 1 0
1 773 1 0
1 774 1 1
1 775 1 0
1 776 2 0
1 777 2 0
1 778 2 0
1 779 2 0
1 780 1 0
1 781 2 0
1 782 2 0
1 783 2 0
1 784 1 1
1 785 1 1
1 786 2 1
1 787 2 1
1 788 2 0
1 789 1 0
1 790 1 0
1 791 1 0
1 792 2 0
1 793 1 0
1 794 2 0
1 795 1 0
1 796 2 0
1 797 2 1
1 798 2 0
1 799 1 0
1 800 2 0
1 801 2 0
1 802 1 0
1 803 2 0
1 804 2 0
1 805 2 0
1 806 2 0
1 807 2 0
1 808 2 0
1 809 2 0
1 810 2 1
1 811 2 0
1 812 2 0
1 813 2 0
1 814 1 1
1 815 1 0
1 816 1 0
1 817 1 1
1 818 1 0
1 819 2 0
1 820 2 1
1 821 2 1
1 822 2 0
1 823 2 1
1 824 1 0
1 825 1 0
1 826 2 0
1 827 2 0
1 828 1 0
1 829 2 0
1 830 2 1
1 831 1 1
1 4 1 0
1 832 2 1
1 833 2 1
1 834 2 0
1 835 2 0
1 836 1 0
1 837 2 0
1 838 1 0
1 839 2 0
1 840 2 0
1 841 1 0
1 842 1 0
1 843 2 0
1 844 1 0
1 845 1 0
1 846 1 0
1 847 1 0
1 848 2 0
1 849 1 0
1 850 2 1
1 851 1 1
1 852 1 0
1 853 1 1
1 854 2 1
1 855 2 0
1 856 1 0
1 857 1 1
1 858 1 1
1 859 1 1
1 860 2 1
1 861 2 0
1 862 1 0
1 863 2 0
1 864 2 0
1 865 2 1
1 866 2 1
1 867 2 1
1 868 2 1
1 869 2 1
1 870 1 0
1 871 1 0
1 872 1 0
1 873 1 0
1 874 1 0
1 875 2 0
1 876 1 0
1 877 1 0
1 878 1 0
1 879 2 0
1 880 2 0
1 881 2 0
1 882 1 1
1 883 1 1
1 884 2 1
1 885 1 0
1 886 2 0
1 887 1 1
1 888 2 0
1 889 2 0
1 890 2 0
1 891 1 0
1 892 1 1
1 893 2 0
1 894 1 1
1 895 2 1
1 896 2 0
1 897 2 0
1 898 1 1
1 899 2 1
1 900 2 0
1 901 2 0
1 902 1 1
1 903 1 1
1 904 2 1
1 905 1 1
1 906 1 0
1 907 2 0
1 908 2 1
1 909 1 0
1 910 1 0
1 911 2 0
1 912 2 0
1 913 2 0
1 914 2 1
1 915 1 1
1 916 2 0
1 917 1 0
1 918 1 1
1 919 2 0
1 920 1 0
1 921 1 0
1 922 1 1
1 923 2 1
1 924 2 0
1 925 1 0
1 926 1 0
1 927 2 0
1 928 2 0
1 929 2 0
1 930 2 0
1 931 1 0
1 932 2 0
1 933 1 0
1 934 1 0
1 935 1 0
1 936 2 1
1 937 2 1
1 938 1 0
1 939 1 0
1 940 1 1
1 941 1 0
1 942 2 0
1 943 2 1
1 3 2 0
1 944 1 0
1 945 2 0
1 946 1 0
1 947 1 0
1 948 1 0
1 949 1 0
1 950 2 0
1 951 2 0
1 952 1 0
1 953 1 0
1 954 2 1
1 955 2 0
1 956 1 0
1 1 1 0
1 957 1 0
1 958 1 1
1 959 1 0
1 960 2 0
1 961 1 0
1 962 2 0
1 963 2 0
1 964 1 0
1 965 1 0
1 966 1 0
1 967 2 0
1 968 2 0
1 969 1 0
1 970 1 0
1 971 1 0
1 972 1 0
1 973 1 0
1 974 1 0
1 975 2 0
1 976 2 0
1 977 2 0
1 978 1 0
1 979 1 0
1 980 1 0
1 981 2 0
1 982 2 0
1 983 1 0
1 984 1 0
1 985 2 0
1 986 1 0
1 987 1 0
1 988 2 0
1 989 2 1
1 990 2 1
1 991 1 0
1 992 1 0
1 993 1 0
1 994 2 0
1 995 2 0
1 996 1 0
1 997 2 0
1 998 1 0
1 999 2 1
1 1000 1 1
1 1001 1 0
1 1002 1 0
1 1003 1 1
1 1004 1 1
1 1005 2 0
1 1006 1 0
1 1007 1 0
1 1008 2 0
1 1009 1 0
1 1010 1 0
1 1011 2 0
1 1012 1 0
1 1013 2 0
1 1014 2 0
1 1015 2 0
1 1016 2 0
1 1017 1 1
1 1018 1 1
1 1019 2 0
1 1020 1 0
1 1021 1 0
1 1022 2 0
1 1023 1 0
1 1024 2 0
1 1025 1 0
1 1026 2 0
1 1027 1 0
1 1028 2 0
1 1029 1 0
1 1030 2 0
1 1031 2 0
1 1032 2 1
1 1033 1 0
1 1034 1 1
1 1035 2 0
1 1036 2 0
1 1037 1 0
1 1038 2 0
1 1039 2 0
1 1040 2 0
1 1041 2 0
1 1042 1 0
1 1043 1 0
1 2 2 0
1 1044 2 0
1 1045 2 1
1 1046 1 1
1 1047 1 0
1 1048 1 0
1 1049 1 0
1 1050 2 0
1 1051 1 0
1 1052 2 0
1 1053 1 0
1 1054 1 0
1 1055 1 0
1 1056 2 0
1 1057 1 0
1 1058 2 1
1 1059 1 0
1 1060 1 1
1 1061 2 1
1 1062 2 0
1 1063 2 0
1 1064 2 0
1 1065 1 1
1 1066 1 1
1 1067 2 0
1 1068 2 0
1 1069 1 0
1 1070 2 0
1 1071 2 0
1 1072 1 1
1 1073 2 0
1 1074 1 1
1 1075 2 1
1 1076 2 0
1 1077 2 0
1 1078 1 0
1 1079 1 0
1 1080 2 1
1 1081 1 0
1 1082 1 0
1 1083 1 0
1 1084 1 0
1 1085 1 0
1 1086 2 0
1 1087 2 1
1 1088 2 1
1 1089 2 1
1 1090 2 0
1 1091 1 0
1 1092 2 0
1 1093 2 0
1 1094 1 0
1 1095 1 1
1 1096 1 1
1 1097 1 0
1 1098 1 0
1 1099 1 0
1 1100 2 0
1 1101 2 0
1 1102 2 0
1 1103 2 1
1 1104 2 1
1 1105 1 0
1 1106 2 1
1 1107 2 0
1 1108 2 0
1 1109 1 0
1 1110 2 0
1 1111 2 0
1 1112 1 0
1 1113 2 0
1 1114 2 0
1 1115 2 0
1 1116 2 0
1 1117 2 0
1 1118 2 0
1 1119 2 0
1 1120 1 0
1 1121 1 0
1 1122 2 1
1 1123 1 1
1 1124 2 0
1 1125 1 0
1 1126 2 1
1 1127 2 1
1 1128 2 1
1 1129 1 0
1 1130 1 0
1 1131 2 0
1 1132 2 1
1 1133 1 1
1 1134 1 0
1 1135 1 1
1 1136 1 0
1 1137 2 1
1 1138 1 0
1 1139 2 0
1 1140 2 0
1 1141 2 1
1 1142 2 0
1 1143 1 0
1 1144 2 1
1 1145 1 1
1 1146 1 0
1 1147 2 0
1 1148 1 1
1 1149 1 1
1 1150 1 1
1 1151 1 0
1 1152 2 0
1 1153 1 0
1 1154 2 0
1 1155 2 0
1 1156 2 1
1 1157 2 1
1 1158 1 0
1 1159 2 0
1 1160 2 0
1 1161 1 1
1 1162 2 1
1 1163 2 0
1 1164 1 0
1 1165 2 1
1 1166 1 1
1 1167 1 0
1 1168 1 0
1 1169 1 0
1 1170 1 0
1 1171 2 0
1 1172 2 1
1 1173 2 0
1 1174 1 1
1 1175 2 1
1 1176 2 0
1 1177 1 0
1 1178 1 0
1 1179 2 0
1 1180 2 0
1 1181 1 0
1 1182 2 0
1 1183 2 1
1 1184 1 0
1 1185 2 0
1 1186 1 0
1 1187 1 1
1 1188 1 0
1 1189 1 1
1 1190 1 0
1 1191 1 0
1 1192 2 0
1 1193 1 1
1 1194 1 0
1 1195 1 0
1 1196 2 1
1 1197 1 1
1 1198 2 0
1 1199 2 0
1 1200 1 0
1 1201 1 0
1 1202 1 0
1 1203 2 0
1 1204 1 1
1 1205 2 1
1 1206 1 1
1 1207 1 1
1 1208 2 0
1 1209 2 0
1 1210 2 0
1 1211 1 0
1 1212 2 0
1 1213 2 0
1 1214 1 0
1 1215 2 0
1 1216 2 0
1 1217 2 0
1 1218 1 1
1 1219 1 0
1 1220 1 0
1 1221 2 0
1 1222 1 0
1 1223 2 0
1 1224 1 1
1 1225 1 1
1 1226 1 1
1 1227 1 1
1 1228 2 0
1 1229 2 0
1 1230 1 0
1 1231 2 0
1 1232 2 1
1 1233 2 0
1 1234 2 0
1 1235 2 0
1 1236 2 0
1 1237 1 0
1 1238 2 0
1 1239 1 0
1 1240 1 0
1 1241 2 1
1 1242 1 1
1 1243 2 0
1 1244 2 0
1 1245 2 0
1 1246 1 0
1 1247 2 0
1 1248 2 0
1 1249 1 0
1 1250 1 0
1 1251 1 0
1 1252 2 0
1 1253 2 0
1 1254 1 0
1 1255 2 0
1 1256 2 0
1 1257 2 0
1 1258 1 0
1 1259 1 0
1 1260 1 1
1 1261 2 0
1 1262 2 0
1 1263 1 0
1 1264 2 1
1 1265 1 1
1 1266 1 1
1 1267 2 0
1 1268 2 1
1 1269 2 1
1 1270 2 0
1 1271 1 1
1 1272 2 1
1 1273 2 1
1 1274 1 0
1 1275 1 0
1 1276 2 0
1 1277 1 0
1 1278 1 1
1 1279 1 1
1 1280 2 0
1 1281 2 1
1 1282 1 1
1 1283 2 1
1 1284 2 0
1 1285 1 0
1 1286 2 0
1 1287 2 1
1 1288 2 0
1 1289 2 0
1 1290 1 0
1 1291 2 0
1 1292 2 0
1 1293 2 0
1 1294 1 0
1 1295 1 0
1 1296 2 0
1 1297 2 0
1 1298 1 0
1 1299 2 0
1 1300 2 1
1 1301 2 0
1 1302 2 0
1 1303 2 0
1 1304 2 0
1 1305 1 0
1 1306 2 1
1 1307 2 0
1 1308 1 0
1 1309 2 0
1 1310 2 0
1 1311 2 1
1 1312 2 0
1 1313 1 0
1 1314 2 0
1 1315 2 0
1 1316 2 0
1 1317 2 0
1 1318 2 1
1 1319 2 1
1 1320 2 1
1 1321 2 1
1 1322 2 0
1 1323 1 0
1 1324 1 0
1 1325 2 0
1 1326 1 0
1 1327 1 0
1 1328 1 0
1 1329 2 0
1 1330 2 0
1 1331 1 0
1 1332 1 1
1 1333 2 1
1 1334 1 1
1 1335 2 0
1 1336 2 0
1 1337 1 0
1 1338 2 0
1 1339 1 0
1 1340 1 0
1 1341 1 0
1 1342 2 0
1 1343 2 0
1 1344 1 0
1 1345 1 0
1 1346 2 0
1 1347 2 0
1 1348 1 0
1 1349 1 0
1 1350 2 0
1 1351 1 1
1 1352 2 0
1 1353 1 0
1 1354 2 1
1 1355 1 0
1 1356 1 1
1 1357 2 0
1 1358 1 1
1 1359 2 1
1 1360 2 0
1 1361 1 0
1 1362 1 1
1 1363 1 0
1 1364 1 0
1 1365 1 0
1 1366 1 0
1 1367 2 0
1 1368 2 0
1 1369 2 0
1 1370 1 0
1 1371 1 0
1 1372 1 0
1 1373 1 0
1 1374 1 1
1 1375 1 0
1 1376 2 0
1 1377 1 0
1 1378 1 0
1 1379 2 1
1 1380 2 0
1 1381 2 0
1 1382 2 0
1 1383 2 1
1 1384 2 0
1 1385 1 1
1 1386 1 0
1 1387 1 0
1 1388 1 0
1 1389 2 0
1 1390 2 0
1 1391 1 0
1 1392 2 0
1 1393 1 0
1 1394 1 0
1 1395 1 0
1 1396 2 0
1 1397 2 0
1 1398 2 0
1 1399 2 0
1 1400 1 0
1 1401 2 1
1 1402 2 0
1 1403 1 0
1 1404 1 0
1 1405 2 0
1 1406 2 0
1 1407 2 0
1 1408 2 0
1 1409 1 0
1 1410 2 0
1 1411 1 0
1 1412 1 0
1 1413 1 0
1 1414 1 0
1 1415 1 0
1 1416 2 0
1 1417 2 0
1 1418 2 0
1 1419 1 0
1 1420 2 0
1 1421 2 0
1 1422 2 0
1 1423 1 0
1 1424 2 0
1 1425 1 0
1 1426 2 0
1 1427 2 0
1 1428 1 1
1 1429 1 0
1 1430 2 0
1 1431 2 0
1 1432 1 0
1 1433 1 0
1 1434 2 0
1 1435 2 0
1 1436 2 0
1 1437 2 0
1 1438 2 0
1 1439 2 0
1 6 2 0
1 1440 1 0
1 1441 1 0
1 1442 2 0
1 1443 2 0
1 1444 1 0
1 1445 2 0
1 1446 2 0
1 1447 2 0
1 1448 1 0
1 1449 1 0
1 1450 2 0
1 1451 2 0
1 1452 2 0
1 1453 1 0
1 1454 1 0
1 1455 2 0
1 1456 2 1
1 1457 2 1
1 1458 1 0
1 1459 2 0
1 1460 2 0
1 1461 2 0
1 1462 1 0
1 1463 2 1
1 1464 2 1
1 1465 2 0
1 1466 1 0
1 1467 2 0
1 1468 1 1
1 1469 2 1
1 1470 1 0
1 1471 1 0
1 1472 2 0
1 1473 1 0
1 1474 2 0
1 1475 1 0
1 1476 2 0
1 1477 1 0
1 1478 1 0
1 1479 1 0
1 1480 1 0
1 1481 1 0
1 1482 1 0
1 1483 2 0
1 1484 2 0
1 1485 1 0
1 1486 1 0
1 1487 1 0
1 1488 2 0
1 1489 2 0
1 1490 2 1
1 1491 2 0
1 1492 1 1
1 1493 2 0
1 1494 2 0
1 1495 1 0
1 1496 1 0
1 1497 1 0
1 1498 1 0
1 1499 2 1
1 1500 1 1
1 1501 2 0
1 1502 1 0
1 1503 2 0
1 1504 2 0
1 1505 1 0
1 1506 1 0
1 1507 2 0
1 1508 1 0
1 1509 2 0
1 1510 1 0
1 1511 2 1
1 1512 1 0
1 1513 2 0
1 1514 1 0
1 1515 2 0
1 1516 1 0
1 1517 1 0
1 1518 1 0
1 1519 2 0
1 1520 2 0
1 1521 2 0
1 1522 1 0
1 1523 2 0
1 1524 2 0
1 1525 2 1
1 1526 2 0
1 1527 1 0
1 1528 2 0
1 1529 2 0
1 1530 2 0
1 1531 2 0
1 1532 2 0
1 1533 1 0
1 1534 1 0
1 1535 1 1
1 1536 2 1
1 1537 1 0
1 1538 1 0
1 1539 2 0
1 1540 2 0
1 1541 2 0
1 1542 1 0
1 1543 1 0
1 1544 1 0
1 1545 1 0
1 1546 2 0
1 1547 2 0
1 1548 2 0
1 1549 1 0
1 1550 2 0
1 1551 1 0
1 1552 2 0
1 1553 2 0
1 1554 2 0
1 1555 1 0
1 1556 2 0
1 1557 2 0
1 1558 2 1
1 1559 2 0
1 1560 2 0
1 1561 2 0
1 1562 2 0
1 1563 1 0
1 1564 1 0
1 1565 2 0
1 1566 2 0
1 1567 1 0
1 1568 2 0
1 1569 2 0
1 1570 1 0
1 1571 2 0
1 1572 2 0
1 1573 2 0
1 1574 2 0
1 1575 2 0
1 1576 2 1
1 1577 2 0
1 1578 2 0
1 1579 2 0
1 1580 1 0
1 1581 1 0
1 1582 2 0
1 1583 2 0
1 1584 2 0
1 1585 1 0
1 1586 1 1
1 1587 1 0
1 1588 2 0
1 1589 1 0
1 1590 2 0
1 1591 1 0
1 1592 2 0
1 1593 2 0
1 1594 2 0
1 1595 1 1
1 1596 2 1
1 1597 1 0
1 1598 2 0
1 1599 2 0
1 1600 1 0
1 1601 1 1
1 1602 2 0
1 1603 2 0
1 1604 1 1
1 1605 2 1
1 1606 1 0
1 1607 2 1
1 1608 2 0
1 1609 1 1
1 1610 1 1
1 1611 1 1
1 1612 2 1
1 1613 2 0
1 1614 1 0
1 1615 2 0
1 1616 2 1
1 1617 1 1
1 1618 1 0
1 1619 2 0
1 1620 2 0
1 1621 2 0
1 1622 1 0
1 1623 1 0
1 1624 2 0
1 1625 2 0
1 1626 2 0
1 1627 1 1
1 1628 2 1
1 1629 1 1
1 1630 2 0
1 1631 1 0
1 1632 2 0
1 1633 1 0
1 1634 1 1
1 1635 2 1
1 1636 2 0
1 1637 2 0
1 1638 2 1
1 1639 1 0
1 1640 1 0
1 1641 2 1
1 1642 1 0
1 1643 2 0
1 1644 1 0
1 1645 2 0
1 1646 2 0
1 1647 1 1
1 1648 1 0
1 1649 2 0
1 1650 2 0
1 1651 1 0
1 1652 2 0
1 1653 1 0
1 1654 1 0
1 1655 1 1
1 1656 2 1
1 1657 2 0
1 1658 1 0
1 1659 1 0
1 1660 1 0
1 1661 1 1
1 1662 2 1
1 1663 1 0
1 1664 2 0
1 1665 2 0
1 1666 1 1
1 1667 2 1
1 1668 1 0
1 1669 2 0
1 1670 1 1
1 1671 1 1
1 1672 1 0
1 1673 2 1
1 1674 2 1
1 1675 2 1
1 1676 2 1
1 1677 1 1
1 1678 1 1
1 1679 2 0
1 1680 2 1
1 1681 2 1
1 1682 2 0
1 1683 2 0
1 1684 1 0
1 1685 1 0
1 1686 2 0
1 1687 2 0
1 1688 1 0
1 1689 1 0
1 1690 1 0
1 1691 1 0
1 1692 1 0
1 1693 1 0
1 1694 2 0
1 1695 1 1
1 1696 2 0
1 1697 2 0
1 1698 2 0
1 1699 2 0
1 1700 1 0
1 1701 2 0
1 1702 2 0
1 1703 1 0
1 1704 2 0
1 1705 1 0
1 1706 2 0
1 1707 2 0
1 1708 2 0
1 1709 2 0
1 1710 2 0
1 1711 1 0
1 1712 1 0
1 1713 1 0
1 1714 2 0
1 1715 1 1
1 1716 2 1
1 1717 1 0
1 1718 2 0
1 1719 1 0
1 1720 1 0
1 1721 2 0
1 1722 2 0
1 1723 1 0
1 1724 2 0
1 1725 2 0
1 1726 1 1
1 1727 1 0
1 1728 1 0
1 1729 2 0
1 1730 1 1
1 1731 2 1
1 1732 2 0
1 1733 1 1
1 1734 1 1
1 1735 2 1
1 1736 2 0
1 1737 1 0
1 1738 2 0
1 1739 1 0
1 1740 2 1
1 1741 1 1
1 1742 2 0
1 1743 2 1
1 1744 2 1
1 1745 1 1
1 1746 2 1
1 1747 2 0
1 1748 2 0
1 1749 2 1
1 1750 1 0
1 1751 2 0
1 1752 2 1
1 1753 2 0
1 1754 1 0
1 1755 2 1
1 1756 2 1
1 1757 2 1
1 1758 2 0
1 1759 2 0
1 1760 2 0
1 1761 2 1
1 1762 2 1
1 1763 1 0
1 1764 2 0
1 1765 1 0
1 1766 2 0
1 1767 2 0
1 1768 2 0
1 1769 2 1
1 1770 2 0
1 1771 1 0
1 1772 1 0
1 1773 2 0
1 1774 2 1
1 1775 1 1
1 1776 2 1
1 1777 2 1
1 1778 2 0
1 1779 1 1
1 1780 2 1
