1 23 100.949996948242
1 24 102.900001525879
1 25 93.1500015258789
1 26 104.160003662109
1 27 98.5299987792969
1 9 90.8499984741211
1 28 103.410003662109
1 10 97.9199981689453
1 11 96.7300033569336
1 12 102.220001220703
1 13 96.5400009155273
1 14 105.769996643066
1 15 97.3300018310547
1 16 105.419998168945
1 17 101.019996643066
1 18 98.3899993896484
1 19 98.2600021362305
1 20 98.0299987792969
1 8 86.620002746582
1 21 95.0400009155273
1 22 105.459999084473
1 1781 92.1800003051758
1 1782 106.940002441406
1 1783 104.25
1 1784 83.7799987792969
1 1785 106.73999786377
1 1786 94.0500030517578
1 1787 103.410003662109
1 1788 102.019996643066
1 1789 97.1600036621094
1 1790 94.870002746582
1 1791 97.7900009155273
1 1792 98.5100021362305
1 1793 95.879997253418
1 1794 101
1 1795 100.339996337891
1 1796 103.019996643066
1 1797 101.080001831055
1 1798 100
1 1799 96.0899963378906
1 1800 99.4300003051758
1 1801 103.75
1 1802 84.9800033569336
1 1803 98.870002746582
1 1804 96.6699981689453
1 1805 100.430000305176
1 1806 102.180000305176
1 1807 101.120002746582
1 1808 99.9899978637695
1 1809 105.51000213623
1 1810 92.2900009155273
1 1811 99.7699966430664
1 1812 102.529998779297
1 1813 96.120002746582
1 1814 89.2200012207031
1 1815 93.0500030517578
1 1816 101.449996948242
1 1817 98.8399963378906
1 1818 104.129997253418
1 1819 87.8099975585938
1 1820 93.870002746582
1 1821 98.5500030517578
1 1822 97.5299987792969
1 1823 93.3099975585938
1 1824 96.0500030517578
1 1825 92.0400009155273
1 1826 98.75
1 1827 95.0400009155273
1 1828 100.98999786377
1 1829 95.2699966430664
1 1830 98.0500030517578
1 1831 96.7200012207031
1 1832 96.4300003051758
1 1833 105.269996643066
1 1834 100.889999389648
1 1835 90.1999969482422
1 1836 87.4800033569336
1 1837 100.169998168945
1 1838 99.6699981689453
1 1839 103.589996337891
1 1840 88.9300003051758
1 1841 95.6800003051758
1 1842 94.7099990844727
1 1843 102.75
1 1844 103.5
1 1845 100.790000915527
1 1846 93.0999984741211
1 1847 96.7099990844727
1 1848 92.4499969482422
1 1849 91.8099975585938
1 1850 101.569999694824
1 1851 89.4400024414062
1 1852 100.190002441406
1 1853 103.580001831055
1 1854 98.1900024414062
1 1855 103.300003051758
1 1856 100.730003356934
1 1857 89.6699981689453
1 1858 97.129997253418
1 1859 93.5599975585938
1 1860 93.0100021362305
1 1861 86.0100021362305
1 1862 100.610000610352
1 1863 102.040000915527
1 1864 100.589996337891
1 1865 102.419998168945
1 1866 97.3399963378906
1 1867 97.1800003051758
1 1868 100.980003356934
1 1869 95.879997253418
1 1870 98.2799987792969
1 1871 102.800003051758
1 1872 93.8600006103516
1 1873 87.5800018310547
1 1874 94.870002746582
1 1875 100.029998779297
1 1876 106.309997558594
1 1877 98.9800033569336
1 1878 100.120002746582
1 1879 98.370002746582
1 1880 101.370002746582
1 1881 95.7699966430664
1 1882 96.6399993896484
1 1883 102.110000610352
1  95.3000030517578
1 1884 101.379997253418
1 1885 105.220001220703
1 1886 104.900001525879
1 1887 101.839996337891
1 1888 92.4899978637695
1 1889 100.959999084473
1 1890 102.959999084473
1 1891 102.25
1 1892 101.900001525879
1 1893 103.519996643066
1 1894 103.330001831055
1 1895 97.6500015258789
1 1896 98.1399993896484
1 1897 95.2600021362305
1 1898 92.4499969482422
1 1899 98.7200012207031
1 1900 106.110000610352
1 1901 93.0699996948242
1 1902 101.98999786377
1 1903 98.6800003051758
1 1904 97.4899978637695
1 1905 93.3199996948242
1 1906 101.529998779297
1 1907 97.9800033569336
1 1908 95.2799987792969
1 1909 100.699996948242
1 1910 94.25
1 1911 99.3499984741211
1 1912 99.2600021362305
1 1913 92.9499969482422
1 1914 101.809997558594
1 1915 92.3399963378906
1 1916 86.5400009155273
1 1917 99.9100036621094
1 1918 98.5199966430664
1 1919 102.800003051758
1 1920 98.0899963378906
1 1921 105.529998779297
1 1922 90.0500030517578
1 1923 106.860000610352
1 1924 101.900001525879
1 1925 100.959999084473
1 1926 103.98999786377
1 1927 95.75
1 1928 88.3199996948242
1 1929 94.7099990844727
1 1930 95.75
1 1931 90.4100036621094
1 1932 91.6999969482422
1 1933 95.9499969482422
1 1934 98.5500030517578
1 1935 90.75
1 1936 92.5100021362305
1 1937 93.4000015258789
1 1938 99.6800003051758
1 1939 95.3499984741211
1 1940 100.73999786377
1 1941 96.8099975585938
1 1942 95.5100021362305
1 1943 102.029998779297
1 1944 97.0500030517578
1 1945 98.4499969482422
1 1946 98.6999969482422
1 1947 92.8899993896484
1 1948 105.550003051758
1 1949 97.8199996948242
1 1950 92.8899993896484
1 1951 99.5800018310547
1 1952 98.5299987792969
1 1953 96.8099975585938
1 1954 94.8000030517578
1 1955 88.1500015258789
1 1956 101.900001525879
1 1957 97.7200012207031
1 1958 103.430000305176
1 1959 105.550003051758
1 1960 101.540000915527
1 1961 96.4599990844727
1 1962 98.25
1 1963 97.1500015258789
1 1964 102.779998779297
1 1965 99.6800003051758
1 1966 91.0599975585938
1 1967 99.5299987792969
1 1968 107.029998779297
1 1969 101.470001220703
1 1970 96.3600006103516
1 1971 102.349998474121
1 1972 99.4899978637695
1 1973 95.25
1 1974 95.1699981689453
1 1975 91.629997253418
1 1976 87.9199981689453
1 1977 101.529998779297
1 1978 103.019996643066
1 1979 97.6699981689453
1 1980 100.410003662109
1 1981 102.919998168945
1 1982 94.1699981689453
1 1983 90.4400024414062
1 1984 104.459999084473
1 1985 108.930000305176
1 1986 93.5299987792969
1 1987 99.8099975585938
1 1988 95.7099990844727
1 1989 98.6100006103516
1 1990 98.129997253418
1 1991 96.3499984741211
1 1992 90.5
1 1993 104.349998474121
1 1994 102.099998474121
1 1995 102.139999389648
1 1996 99.25
1 1997 98.1999969482422
1 1998 105.180000305176
1 1999 102.080001831055
1 2000 103.339996337891
1 2001 98.4199981689453
1 2002 100.970001220703
1 2003 104.040000915527
1 2004 104.330001831055
1 2005 100.190002441406
1 2006 92.8600006103516
1 2007 99.7699966430664
1 2008 92.4599990844727
1 2009 93.5299987792969
1 2010 97.1500015258789
1 2011 93.3000030517578
1 2012 98.4199981689453
1 2013 92.8399963378906
1 2014 89.7799987792969
1 2015 100.309997558594
1 2016 98.9499969482422
1 2017 100.819999694824
1 2018 93.7099990844727
1 2019 105.410003662109
1 2020 101.050003051758
1 2021 98.9199981689453
1 2022 102.599998474121
1 2023 102.5
1 2024 104.800003051758
1 2025 96.8199996948242
1 2026 100.980003356934
1 2027 104.930000305176
1 2028 96.879997253418
1 2029 97.629997253418
1 2030 103.800003051758
1 2031 97.7699966430664
1 2032 99.7600021362305
1 2033 92.6399993896484
1 2034 98.1800003051758
1 2035 103.910003662109
1 2036 88.25
1 2037 101.639999389648
1 2038 98.9300003051758
1 2039 93.5500030517578
1 2040 94.9000015258789
1 2041 99.4599990844727
1 2042 97.3199996948242
1 2043 100.389999389648
1 2044 100.919998168945
1 2045 98.0899963378906
1 2046 89.1999969482422
1 2047 90.1399993896484
1 2048 102.23999786377
1 2049 94.6100006103516
1 2050 93.5800018310547
1 2051 99.6600036621094
1 2052 96.7600021362305
1 2053 100.639999389648
1 2054 98.4800033569336
1 2055 88.9100036621094
1 2056 89.1100006103516
1 2057 103.419998168945
1 2058 97.0400009155273
1 2059 93.4300003051758
1 2060 84.8199996948242
1 2061 94.370002746582
1 2062 96.2300033569336
1 2063 91.879997253418
1 2064 94.7600021362305
1 2065 93.8499984741211
1 2066 85.0999984741211
1 2067 79.2799987792969
1 2068 94.0299987792969
1 2069 102.949996948242
1 2070 105.849998474121
1 2071 95.7600021362305
1 2072 103
1 2073 101.540000915527
1 2074 96.4599990844727
1 2075 100.089996337891
1 2076 98.6800003051758
1 2077 103.040000915527
1 2078 92.75
1 2079 89.879997253418
1 2080 94.4700012207031
1 2081 94.4800033569336
1 2082 97.25
1 2083 91.379997253418
1 2084 98.1900024414062
1 2085 94.7399978637695
1 2086 92.3600006103516
1 2087 106.220001220703
1 2088 95.5999984741211
1 2089 101.849998474121
1 2090 96.9400024414062
1 2091 98.5599975585938
1 2092 95.9199981689453
1 2093 102.48999786377
1 2094 102.629997253418
1 2095 95.7099990844727
1 2096 97.7099990844727
1 2097 95.3199996948242
1 2098 95.2600021362305
1 2099 87.879997253418
1 2100 92.8899993896484
1 2101 96.4100036621094
1 2102 95.0899963378906
1 2103 99.0999984741211
1 2104 104.519996643066
1 2105 102.819999694824
1 2106 91.25
1 2107 92.7600021362305
1 2108 102
1 2109 86.5800018310547
1 2110 101.099998474121
1 2111 106.709999084473
1 2112 101.400001525879
1 2113 106.580001831055
1 2114 107.410003662109
1 2115 102.269996643066
1 2116 98.8099975585938
1 2117 106.699996948242
1 2118 99.5699996948242
1 2119 100.919998168945
1 2120 110.309997558594
1 2121 110.519996643066
1 2122 108.800003051758
1 2123 100.889999389648
1 2124 106.290000915527
1 2125 99.7300033569336
1 2126 100.540000915527
1 2127 96.9300003051758
1 2128 101.660003662109
1 2129 102.089996337891
1 2130 109.099998474121
1 2131 97.4100036621094
1 2132 100.269996643066
1 2133 106.930000305176
1 2134 100.410003662109
1 2135 102.379997253418
1 2136 108.279998779297
1 2137 107.529998779297
1 2138 105.080001831055
1 2139 99.2900009155273
1 2140 102.379997253418
1 2141 106.25
1 2142 112.819999694824
1 2143 102.400001525879
1 2144 104.389999389648
1 2145 99.879997253418
1 2146 98.120002746582
1 2147 97.2300033569336
1 2148 101.589996337891
1 2149 106.449996948242
1 2150 97.4400024414062
1 2151 101.519996643066
1 2152 97.9499969482422
1 2153 98.8000030517578
1 2154 99.1100006103516
1 2155 98.7200012207031
1 2156 84.6999969482422
1 2157 99.5100021362305
1 2158 109.809997558594
1 2159 106.190002441406
1 2160 105.099998474121
1 2161 105.330001831055
1 2162 109.080001831055
1 2163 105.599998474121
1 2164 106.370002746582
1 2165 106.400001525879
1 2166 105.150001525879
1 2167 104.440002441406
1 2168 106.099998474121
1 2169 110.75
1 2170 101.980003356934
1 2171 104.269996643066
1 29 108.01000213623
1 30 101.459999084473
1 31 103.569999694824
1 32 99.3000030517578
1 33 105.139999389648
1 34 101.080001831055
1 35 92.0999984741211
1 36 106
1 37 99.2399978637695
1 38 100.550003051758
1 39 105.900001525879
1 40 103.819999694824
1 41 104.930000305176
1 42 102.889999389648
1 43 107.550003051758
1 44 95.5299987792969
1 45 100.050003051758
1 46 93.370002746582
1 47 98.7900009155273
1 48 105.919998168945
1 49 94.6600036621094
1 50 117.150001525879
1 51 96.8399963378906
1 52 102.550003051758
1 53 93.5500030517578
1 54 103.110000610352
1 55 101.680000305176
1 56 100.860000610352
1 57 95.5800018310547
1 58 91.6600036621094
1 59 101.01000213623
1 60 102.610000610352
1 61 95.2600021362305
1 62 100.949996948242
1 63 100.279998779297
1 64 102.419998168945
1 65 104.680000305176
1 66 95.3399963378906
1 67 97.7300033569336
1 68 95.6900024414062
1 69 91.4000015258789
1 70 98.0599975585938
1 71 96.0699996948242
1 72 106.339996337891
1 73 95.9300003051758
1 74 88.4899978637695
1 75 92.8199996948242
1 76 103.889999389648
1 77 102.620002746582
1 78 98.1800003051758
1 79 109
1 80 91.379997253418
1 81 101.5
1 82 100.430000305176
1 83 98.9100036621094
1 84 97.2300033569336
1 85 98.4499969482422
1 86 94.4000015258789
1 87 96.4899978637695
1 88 91.7600021362305
1 89 103.970001220703
1 90 92.4499969482422
1 91 101.910003662109
1 92 103.279998779297
1 93 96.120002746582
1 94 103.180000305176
1 95 99.870002746582
1 96 98.0599975585938
1 97 94.4000015258789
1 98 100.190002441406
1 99 100.150001525879
1 100 97.9899978637695
1 101 107.129997253418
1 102 99.0899963378906
1 103 89.1999969482422
1 104 100.940002441406
1 105 97.5899963378906
1 106 106.129997253418
1 107 96.4899978637695
1 108 101.699996948242
1 109 97.5599975585938
1 110 106.120002746582
1 111 91.1500015258789
1 112 91.2200012207031
1 113 98.9899978637695
1 114 108.830001831055
1 115 107.970001220703
1 116 101.51000213623
1 117 100.589996337891
1 7 91.2200012207031
1 118 107.790000915527
1 119 102.269996643066
1 120 93.6600036621094
1 121 105.900001525879
1 122 100.589996337891
1 123 105.080001831055
1 124 106.220001220703
1 125 100.400001525879
1 126 88.3600006103516
1 127 101.959999084473
1 128 86.2900009155273
1 129 91.4499969482422
1 130 102.470001220703
1 131 82.0599975585938
1 132 92.9899978637695
1 133 107.349998474121
1 134 103.449996948242
1 135 98.1900024414062
1 136 91.4400024414062
1 137 88.129997253418
1 138 102.139999389648
1 139 98.9599990844727
1 140 101.860000610352
1 141 105.900001525879
1 142 100.949996948242
1 143 101.349998474121
1 144 98.5500030517578
1 145 103.849998474121
1 146 100.050003051758
1 147 101.470001220703
1 148 103.73999786377
1 149 97.75
1 150 97.1600036621094
1 151 97.4899978637695
1 152 101.25
1 153 108.440002441406
1 154 107.430000305176
1 155 94.7200012207031
1 156 95.129997253418
1 157 98.379997253418
1 158 103.669998168945
1 159 109.900001525879
1 160 101.160003662109
1 161 98.1800003051758
1 162 100.879997253418
1 163 98.620002746582
1 164 99.0999984741211
1 165 101.430000305176
1 166 101
1 167 96.6699981689453
1 168 105.519996643066
1 169 103.589996337891
1 170 105.23999786377
1 171 98.7399978637695
1 172 106.169998168945
1 173 93.1600036621094
1 174 96.5100021362305
1 175 93.4499969482422
1 176 92.120002746582
1 177 104
1 178 103.25
1 179 106.48999786377
1 180 96.7699966430664
1 181 104.680000305176
1 182 98.2600021362305
1 183 103.73999786377
1 184 103.550003051758
1 185 101.709999084473
1 186 101.01000213623
1 187 102.660003662109
1 188 99.3399963378906
1 189 103.480003356934
1 190 103.370002746582
1 191 104.059997558594
1 192 100.029998779297
1 193 104.069999694824
1 194 95.6600036621094
1 195 93.5299987792969
1 196 97.7699966430664
1 197 100.889999389648
1 198 99.1900024414062
1 199 107.959999084473
1 200 98.8899993896484
1 201 97.4199981689453
1 202 93.4800033569336
1 203 100.940002441406
1 204 91.7399978637695
1 205 82.4700012207031
1 206 82.3399963378906
1 207 94.370002746582
1 208 106.129997253418
1 209 106.190002441406
1 210 101.360000610352
1 211 103.519996643066
1 212 102.059997558594
1 213 96.370002746582
1 214 102.75
1 215 103.779998779297
1 216 103.449996948242
1 217 111.180000305176
1 218 101.620002746582
1 219 99.1399993896484
1 220 105.860000610352
1 221 104.51000213623
1 222 96.3499984741211
1 223 105.139999389648
1 224 104.339996337891
1 225 102.180000305176
1 226 94.5699996948242
1 227 100.830001831055
1 228 99.2699966430664
1 229 104.110000610352
1 230 89.0599975585938
1 231 98.8300018310547
1 232 103.110000610352
1 233 96.8000030517578
1 234 104.419998168945
1 235 89.2799987792969
1 236 98.4400024414062
1 237 100.069999694824
1 238 105.370002746582
1 239 104.110000610352
1 240 98.0999984741211
1 241 105.980003356934
1 242 104.470001220703
1 243 98.9599990844727
1 244 97.4100036621094
1 245 93.8499984741211
1 246 93.5899963378906
1 247 99.5400009155273
1 248 106.190002441406
1 249 96.5999984741211
1 250 101.769996643066
1 251 103.220001220703
1 252 103.629997253418
1 253 100.430000305176
1 254 106.860000610352
1 255 83.9000015258789
1 256 111.370002746582
1 257 100.599998474121
1 258 97.8600006103516
1 259 96.9100036621094
1 260 99.5400009155273
1 261 102.930000305176
1 262 101.839996337891
1 263 97.2699966430664
1 264 99.0899963378906
1 265 100.680000305176
1 266 98.7399978637695
1 267 100.370002746582
1 268 103.309997558594
1 269 95.9899978637695
1 270 97.4100036621094
1 271 98.8199996948242
1 272 88.7300033569336
1 273 75.3499984741211
1 274 85.1900024414062
1 275 104.069999694824
1 276 93.129997253418
1 277 99.5699996948242
1 278 103.400001525879
1 279 94.3000030517578
1 280 95.1999969482422
1 281 92.6600036621094
1 282 97.3199996948242
1 283 96.3300018310547
1 284 98.3399963378906
1 285 98.6500015258789
1 286 89.2200012207031
1 287 96.4499969482422
1 288 98.3499984741211
1 289 106.440002441406
1 290 100.099998474121
1 291 98.4800033569336
1 292 88.4899978637695
1 293 103.720001220703
1 294 97.4800033569336
1 295 91.1399993896484
1 296 100.529998779297
1 297 101.180000305176
1 298 103.279998779297
1 299 96.0199966430664
1 300 97.8899993896484
1 301 100.569999694824
1 302 96.0899963378906
1 303 106.150001525879
1 304 94.8499984741211
1 305 89.7300033569336
1 306 97.5500030517578
1 307 97.379997253418
1 308 108.559997558594
1 309 100.550003051758
1 310 106.900001525879
1 311 104.75
1 312 102.209999084473
1 313 103.680000305176
1 314 102.519996643066
1 315 100.580001831055
1 316 101.360000610352
1 317 96.370002746582
1 318 109.220001220703
1 319 109.309997558594
1 320 101.599998474121
1 321 106.330001831055
1 322 106.199996948242
1 323 96.8399963378906
1 324 94.9100036621094
1 325 93.9199981689453
1 326 104.650001525879
1 327 94.4700012207031
1 328 102.040000915527
1 329 96.5100021362305
1 330 98.9499969482422
1 331 99.7099990844727
1 332 101.690002441406
1 333 102.089996337891
1 334 101.120002746582
1 335 104.870002746582
1 336 101.360000610352
1 337 94.0699996948242
1 338 111.470001220703
1 339 99.6600036621094
1 340 106.459999084473
1 341 90.2900009155273
1 342 101.199996948242
1 343 81.7300033569336
1 344 105.120002746582
1 345 91.8300018310547
1 346 104.48999786377
1 347 95.129997253418
1 348 88.2600021362305
1 349 95.0899963378906
1 350 97.7200012207031
1 351 110.300003051758
1 352 101.040000915527
1 353 102.980003356934
1 354 103.23999786377
1 355 87.9899978637695
1 356 92.5500030517578
1 357 94.3300018310547
1 358 97.5100021362305
1 359 86.0199966430664
1 360 89.9000015258789
1 361 101.519996643066
1 362 94.9300003051758
1 363 107.900001525879
1 364 91.129997253418
1 365 106.080001831055
1 366 90.629997253418
1 367 89.4000015258789
1 368 96.0199966430664
1 369 100.669998168945
1 370 92.879997253418
1 371 100.110000610352
1 372 84.9000015258789
1 373 97.2399978637695
1 374 105.449996948242
1 375 107.269996643066
1 376 101.959999084473
1 377 98.7200012207031
1 378 95.9800033569336
1 379 91.6900024414062
1 380 106.040000915527
1 381 94.0299987792969
1 382 102.599998474121
1 383 106.319999694824
1 384 82.2900009155273
1 385 109.819999694824
1 386 101.199996948242
1 387 94.3600006103516
1 388 101.349998474121
1 389 100.5
1 390 98.0699996948242
1 391 66.120002746582
1 392 102.559997558594
1 393 90.3499984741211
1 394 90.5
1 395 96.7399978637695
1 396 102.540000915527
1 397 81.6500015258789
1 398 94.5800018310547
1 399 102.190002441406
1 400 95.120002746582
1 401 102.379997253418
1 402 61.0299987792969
1 403 90.0699996948242
1 404 98.8600006103516
1 405 94.379997253418
1 406 104.550003051758
1 407 98.0400009155273
1 408 96.1900024414062
1 409 97.5500030517578
1 410 104.279998779297
1 411 98.5699996948242
1 412 103.199996948242
1 413 104.430000305176
1 414 104.139999389648
1 415 97.0699996948242
1 416 93.6999969482422
1 417 102.930000305176
1 418 105
1 419 91.8300018310547
1 420 90.0199966430664
1 421 94.5100021362305
1 422 104.540000915527
1 423 99.3099975585938
1 424 99.1999969482422
1 425 101.029998779297
1 426 105.849998474121
1 427 95.3600006103516
1 428 100.379997253418
1 429 105.120002746582
1 430 102.290000915527
1 431 93.4100036621094
1 432 98.0199966430664
1 433 91.1100006103516
1 434 93.3300018310547
1 435 90.8000030517578
1 436 96.5400009155273
1 437 94.6600036621094
1 438 104.360000610352
1 439 96.2900009155273
1 440 98.6800003051758
1 441 91.0500030517578
1 442 97.2300033569336
1 443 101.110000610352
1 444 106.23999786377
1 445 100.639999389648
1 446 99.2099990844727
1 447 94.370002746582
1 448 90.6800003051758
1 449 99.9899978637695
1 450 95.629997253418
1 451 96.8000030517578
1 452 95.5199966430664
1 453 93.0999984741211
1 454 91.8199996948242
1 455 87.3899993896484
1 456 92.6800003051758
1 457 96.6500015258789
1 458 101.290000915527
1 459 100.650001525879
1 5 105.029998779297
1 460 96.3199996948242
1 461 103.889999389648
1 462 97.7200012207031
1 463 102.76000213623
1 464 88.5699996948242
1 465 97.5899963378906
1 466 94.6399993896484
1 467 99.2799987792969
1 468 97.1999969482422
1 469 102.730003356934
1 470 100.879997253418
1 471 91.5
1 472 99.3899993896484
1 473 100.349998474121
1 474 95.9499969482422
1 475 92.6100006103516
1 476 101.519996643066
1 477 100.819999694824
1 478 101.779998779297
1 479 106.069999694824
1 480 101.599998474121
1 481 98.8099975585938
1 482 103.279998779297
1 483 99.1600036621094
1 484 102.440002441406
1 485 98.5800018310547
1 486 94.870002746582
1 487 92.4300003051758
1 488 99.25
1 489 106.029998779297
1 490 96.1500015258789
1 491 99.0699996948242
1 492 92.9100036621094
1 493 104.300003051758
1 494 97.2200012207031
1 495 101.059997558594
1 496 100
1 497 98.2799987792969
1 498 106.529998779297
1 499 101.660003662109
1 500 109.059997558594
1 501 100.019996643066
1 502 99.0800018310547
1 503 99.5800018310547
1 504 92.5899963378906
1 505 102.769996643066
1 506 95.7099990844727
1 507 92.9000015258789
1 508 93.6600036621094
1 509 99.0500030517578
1 510 100.129997253418
1 511 103.129997253418
1 512 96.7799987792969
1 513 101.589996337891
1 514 97.9899978637695
1 515 96.1500015258789
1 516 99.0500030517578
1 517 98.5800018310547
1 518 98.620002746582
1 519 100.48999786377
1 520 93.2099990844727
1 521 95.2399978637695
1 522 93.370002746582
1 523 101
1 524 107.389999389648
1 525 104.25
1 526 101.730003356934
1 527 100.129997253418
1 528 103.860000610352
1 529 97.8899993896484
1 530 101.819999694824
1 531 100.400001525879
1 532 96.7399978637695
1 533 99.5599975585938
1 534 99.5199966430664
1 535 102.279998779297
1 536 97.8300018310547
1 537 88.9400024414062
1 538 93.0500030517578
1 539 96.1999969482422
1 540 94.4899978637695
1 541 102.400001525879
1 542 103.529998779297
1 543 98.870002746582
1 544 97.1500015258789
1 545 97.1399993896484
1 546 102.660003662109
1 547 102.550003051758
1 548 98.8600006103516
1 549 98.4300003051758
1 550 101.699996948242
1 551 103.300003051758
1 552 98.2799987792969
1 553 100.680000305176
1 554 101.809997558594
1 555 95.8600006103516
1 556 99.8399963378906
1 557 103.410003662109
1 558 106.370002746582
1 559 100.779998779297
1 560 94.4300003051758
1 561 103.330001831055
1 562 97.4400024414062
1 563 94.4899978637695
1 564 100.180000305176
1 565 100.089996337891
1 566 103.26000213623
1 567 74.379997253418
1 568 103.970001220703
1 569 102.169998168945
1 570 100.050003051758
1 571 99.7300033569336
1 572 100.169998168945
1 573 100.01000213623
1 574 98.0800018310547
1 575 99.6699981689453
1 576 97.0400009155273
1 577 94
1 578 107.330001831055
1 579 96.1699981689453
1 580 88.8300018310547
1 581 96.1800003051758
1 582 94.379997253418
1 583 100.309997558594
1 584 98.4300003051758
1 585 92.5
1 586 104.059997558594
1 587 102.889999389648
1 588 94.6600036621094
1 589 105.48999786377
1 590 99.0500030517578
1 591 97.25
1 592 97.3399963378906
1 593 99.0199966430664
1 594 97.6699981689453
1 595 93.9599990844727
1 596 98.5199966430664
1 597 105.540000915527
1 598 98.129997253418
1 599 99.129997253418
1 600 100.569999694824
1 601 97.3899993896484
1 602 97.129997253418
1 603 103
1 604 94.9899978637695
1 605 89.8600006103516
1 606 108.23999786377
1 607 103.190002441406
1 608 95.7200012207031
1 609 101.870002746582
1 610 87.4899978637695
1 611 103.610000610352
1 612 100.519996643066
1 613 105.519996643066
1 614 98.8300018310547
1 615 98.0599975585938
1 616 94.5500030517578
1 617 100.099998474121
1 618 99.879997253418
1 619 103.800003051758
1 620 93.9199981689453
1 621 94.9000015258789
1 622 99.4100036621094
1 623 101.470001220703
1 624 99.2099990844727
1 625 98.3300018310547
1 626 102.879997253418
1 627 105.480003356934
1 628 96.8099975585938
1 629 99.2099990844727
1 630 103.169998168945
1 631 106.300003051758
1 632 98.0999984741211
1 633 89.8199996948242
1 634 100.459999084473
1 635 96.9100036621094
1 636 104.120002746582
1 637 101.190002441406
1 638 109.680000305176
1 639 96.6500015258789
1 640 100.98999786377
1 641 102.589996337891
1 642 97.9599990844727
1 643 97.7099990844727
1 644 103.129997253418
1 645 98.5500030517578
1 646 96.4899978637695
1 647 104.199996948242
1 648 105.809997558594
1 649 109.360000610352
1 650 100.970001220703
1 651 98.6500015258789
1 652 96.0599975585938
1 653 91.9899978637695
1 654 94.9000015258789
1 655 98.1699981689453
1 656 89.5999984741211
1 657 98.25
1 658 93.6500015258789
1 659 104.650001525879
1 660 99.5999984741211
1 661 100.699996948242
1 662 99.0500030517578
1 663 95.0500030517578
1 664 100.650001525879
1 665 85.0500030517578
1 666 97.6999969482422
1 667 85.6999969482422
1 668 99.5500030517578
1 669 95
1 670 102.25
1 671 100.150001525879
1 672 95.5999984741211
1 673 98.75
1 674 98.1999969482422
1 675 104.650001525879
1 676 93.1999969482422
1 677 98.6399993896484
1 678 107.300003051758
1 679 94.6999969482422
1 680 101.699996948242
1 681 103
1 682 91.75
1 683 91.75
1 684 97
1 685 96.25
1 686 103.599998474121
1 687 105.5
1 688 97.3000030517578
1 689 98.5
1 690 93.9000015258789
1 691 93
1 692 90
1 693 89.4499969482422
1 694 98.5999984741211
1 695 90.5999984741211
1 696 108.849998474121
1 697 94.5
1 698 96.5999984741211
1 699 92.4499969482422
1 700 98.4000015258789
1 701 103.099998474121
1 702 104.5
1 703 103.699996948242
1 704 95.5500030517578
1 705 95.6999969482422
1 706 90.1999969482422
1 707 101
1 708 83.1500015258789
1 709 95.1999969482422
1 710 92.4499969482422
1 711 98.5
1 712 105.800003051758
1 713 102.5
1 714 105.699996948242
1 715 101.199996948242
1 716 94.5999984741211
1 717 100.25
1 718 89.1999969482422
1 719 100.400001525879
1 720 89.8000030517578
1 721 106.050003051758
1 722 101.449996948242
1 723 103.300003051758
1 724 103.800003051758
1 725 96.8000030517578
1 726 101.099998474121
1 727 99.9000015258789
1 728 98.9499969482422
1 729 91.4000015258789
1 730 93.1999969482422
1 731 96.5500030517578
1 732 95.9000015258789
1 733 103.300003051758
1 734 98.5
1 735 94.4499969482422
1 736 99.4499969482422
1 737 96.9499969482422
1 738 103.900001525879
1 739 94.9000015258789
1 740 96.2399978637695
1 741 93.5299987792969
1 742 96.2600021362305
1 743 88.1800003051758
1 744 92.0400009155273
1 745 90.5999984741211
1 746 105.5
1 747 98.3099975585938
1 748 103.319999694824
1 749 104.75
1 750 100.699996948242
1 751 110.300003051758
1 752 95.75
1 753 101.080001831055
1 754 104.949996948242
1 755 95.0999984741211
1 756 104.199996948242
1 757 99.9899978637695
1 758 101.959999084473
1 759 101.51000213623
1 760 97.25
1 761 94.8399963378906
1 762 96
1 763 98.3000030517578
1 764 95.3000030517578
1 765 101.98999786377
1 766 104.089996337891
1 767 96.1500015258789
1 768 92.4000015258789
1 769 97.6500015258789
1 770 99.25
1 771 96.5
1 772 105.300003051758
1 773 103.150001525879
1 774 92.0500030517578
1 775 99.4199981689453
1 776 105.849998474121
1 777 100
1 778 104.849998474121
1 779 100.800003051758
1 780 96.75
1 781 101.75
1 782 102.059997558594
1 783 102.949996948242
1 784 98.3000030517578
1 785 98.379997253418
1 786 102.160003662109
1 787 100.190002441406
1 788 99.4499969482422
1 789 102.650001525879
1 790 102.300003051758
1 791 102.25
1 792 104.25
1 793 100
1 794 100.690002441406
1 795 102.569999694824
1 796 100.599998474121
1 797 103.330001831055
1 798 96.5299987792969
1 799 99.1500015258789
1 800 102.599998474121
1 801 97.5899963378906
1 802 91.1999969482422
1 803 100.23999786377
1 804 91.879997253418
1 805 94.6500015258789
1 806 97.1900024414062
1 807 102.809997558594
1 808 102.629997253418
1 809 105.410003662109
1 810 90.0999984741211
1 811 101.199996948242
1 812 95.8600006103516
1 813 96.0100021362305
1 814 94.9400024414062
1 815 111.319999694824
1 816 98.5199966430664
1 817 99.2799987792969
1 818 88.4499969482422
1 819 98.4800033569336
1 820 97.2799987792969
1 821 89.4100036621094
1 822 94.2300033569336
1 823 97.879997253418
1 824 98.5999984741211
1 825 102.709999084473
1 826 107.26000213623
1 827 86.4700012207031
1 828 99.0100021362305
1 829 95.0800018310547
1 830 95.1999969482422
1 831 90.8600006103516
1 4 105.389999389648
1 832 93.9599990844727
1 833 97.3399963378906
1 834 98.7600021362305
1 835 92.5899963378906
1 836 101.279998779297
1 837 104.089996337891
1 838 104.669998168945
1 839 91.3300018310547
1 840 102.5
1 841 96
1 842 94.4499969482422
1 843 94.7300033569336
1 844 97.2799987792969
1 845 96.9800033569336
1 846 98.4899978637695
1 847 93.8000030517578
1 848 103.569999694824
1 849 96.5299987792969
1 850 95.9700012207031
1 851 94.5800018310547
1 852 98.8399963378906
1 853 100.569999694824
1 854 93.9700012207031
1 855 93.9599990844727
1 856 101.849998474121
1 857 96.0299987792969
1 858 102.069999694824
1 859 99.0199966430664
1 860 98.2300033569336
1 861 94.2200012207031
1 862 90.4400024414062
1 863 99.3499984741211
1 864 95.6600036621094
1 865 92.1500015258789
1 866 71.7200012207031
1 867 98.2900009155273
1 868 92.9000015258789
1 869 99.2099990844727
1 870 96.3600006103516
1 871 102.669998168945
1 872 97.5699996948242
1 873 97.9899978637695
1 874 96.6699981689453
1 875 98.4800033569336
1 876 100.819999694824
1 877 100.129997253418
1 878 98.7699966430664
1 879 106.080001831055
1 880 94.620002746582
1 881 101.029998779297
1 882 91.629997253418
1 883 95.8499984741211
1 884 92.9899978637695
1 885 98.629997253418
1 886 107.830001831055
1 887 101.440002441406
1 888 103.269996643066
1 889 91.3499984741211
1 890 95.3600006103516
1 891 95.7600021362305
1 892 99.6600036621094
1 893 94.8099975585938
1 894 85.4100036621094
1 895 98.5699996948242
1 896 98.7300033569336
1 897 94.7799987792969
1 898 94.2799987792969
1 899 95.5100021362305
1 900 93.629997253418
1 901 95.1800003051758
1 902 93.9899978637695
1 903 95.620002746582
1 904 96.9000015258789
1 905 96.379997253418
1 906 96.3499984741211
1 907 93.1699981689453
1 908 96.0999984741211
1 909 100.949996948242
1 910 100.050003051758
1 911 102.949996948242
1 912 99.0699996948242
1 913 90.1500015258789
1 914 88.7099990844727
1 915 85.5800018310547
1 916 99.2799987792969
1 917 102.430000305176
1 918 87.879997253418
1 919 100.069999694824
1 920 104.480003356934
1 921 102.360000610352
1 922 98.5199966430664
1 923 92.7300033569336
1 924 103.610000610352
1 925 95.0299987792969
1 926 95.8300018310547
1 927 98.9700012207031
1 928 106.209999084473
1 929 102.300003051758
1 930 98.0400009155273
1 931 83.0899963378906
1 932 101.599998474121
1 933 101.949996948242
1 934 91.1100006103516
1 935 101.73999786377
1 936 96.0400009155273
1 937 95.6699981689453
1 938 92.9700012207031
1 939 102.220001220703
1 940 91.8000030517578
1 941 94.379997253418
1 942 104.660003662109
1 943 97.5500030517578
1 3 105.860000610352
1 944 102.129997253418
1 945 101.269996643066
1 946 96.4700012207031
1 947 89.2699966430664
1 948 99.4899978637695
1 949 94.7799987792969
1 950 85.25
1 951 89.0899963378906
1 952 84.2799987792969
1 953 95.4400024414062
1 954 87.620002746582
1 955 96.9499969482422
1 956 87.9300003051758
1 1 98.8199996948242
1 957 98.4100036621094
1 958 99.5299987792969
1 959 96.9100036621094
1 960 95.0599975585938
1 961 97.8899993896484
1 962 95.7600021362305
1 963 106.860000610352
1 964 100.190002441406
1 965 105.430000305176
1 966 98.6399993896484
1 967 96.129997253418
1 968 99.5999984741211
1 969 101.199996948242
1 970 101.029998779297
1 971 89.8000030517578
1 972 95.2099990844727
1 973 95.3899993896484
1 974 96.2200012207031
1 975 99.3099975585938
1 976 90.9400024414062
1 977 99.3600006103516
1 978 92.4700012207031
1 979 102.930000305176
1 980 98.9199981689453
1 981 107.080001831055
1 982 97.129997253418
1 983 97.4300003051758
1 984 100.5
1 985 102.180000305176
1 986 88.75
1 987 101.129997253418
1 988 97.2200012207031
1 989 93.0199966430664
1 990 91.4199981689453
1 991 99.4599990844727
1 992 90.7399978637695
1 993 89.8300018310547
1 994 98.2099990844727
1 995 98.7600021362305
1 996 101.860000610352
1 997 101.620002746582
1 998 90.5899963378906
1 999 87.5500030517578
1 1000 90.5199966430664
1 1001 99.8899993896484
1 1002 89.0500030517578
1 1003 91.2399978637695
1 1004 92.8600006103516
1 1005 100.300003051758
1 1006 96.4000015258789
1 1007 91.3899993896484
1 1008 99.5
1 1009 92.6999969482422
1 1010 92.3300018310547
1 1011 100.349998474121
1 1012 101.98999786377
1 1013 101.550003051758
1 1014 101.720001220703
1 1015 97.3300018310547
1 1016 97.3600006103516
1 1017 89.379997253418
1 1018 71.9899978637695
1 1019 94.75
1 1020 89.25
1 1021 99.6100006103516
1 1022 101.879997253418
1 1023 81.8300018310547
1 1024 89.120002746582
1 1025 97.7399978637695
1 1026 93.7900009155273
1 1027 100.660003662109
1 1028 88.5199966430664
1 1029 77.75
1 1030 99.0199966430664
1 1031 97.1500015258789
1 1032 99.5199966430664
1 1033 105.599998474121
1 1034 96.6100006103516
1 1035 103.660003662109
1 1036 101.849998474121
1 1037 100.75
1 1038 98.6399993896484
1 1039 106.110000610352
1 1040 104.860000610352
1 1041 103.559997558594
1 1042 93.7900009155273
1 1043 94.2699966430664
1 2 99.9599990844727
1 1044 100.120002746582
1 1045 97.5699996948242
1 1046 99.0699996948242
1 1047 97.7600021362305
1 1048 104.699996948242
1 1049 98.5599975585938
1 1050 105.779998779297
1 1051 106.650001525879
1 1052 103.589996337891
1 1053 100.830001831055
1 1054 103.830001831055
1 1055 104.51000213623
1 1056 102.900001525879
1 1057 94.2799987792969
1 1058 96.5400009155273
1 1059 103.01000213623
1 1060 88.7200012207031
1 1061 88.5199966430664
1 1062 104.720001220703
1 1063 104.779998779297
1 1064 88.5699996948242
1 1065 96.4800033569336
1 1066 85.0199966430664
1 1067 103.76000213623
1 1068 100.379997253418
1 1069 89.4599990844727
1 1070 96.129997253418
1 1071 100.279998779297
1 1072 90.7399978637695
1 1073 105.870002746582
1 1074 99.7799987792969
1 1075 98.8300018310547
1 1076 99.5299987792969
1 1077 103.01000213623
1 1078 103.190002441406
1 1079 101.160003662109
1 1080 100.580001831055
1 1081 103.419998168945
1 1082 104.26000213623
1 1083 101.019996643066
1 1084 100.629997253418
1 1085 101.839996337891
1 1086 91.4199981689453
1 1087 103.139999389648
1 1088 94.370002746582
1 1089 100.300003051758
1 1090 104.970001220703
1 1091 92.2399978637695
1 1092 105.080001831055
1 1093 104.980003356934
1 1094 98.7200012207031
1 1095 97.2300033569336
1 1096 94
1 1097 102.370002746582
1 1098 100.480003356934
1 1099 104.819999694824
1 1100 99.2399978637695
1 1101 103.459999084473
1 1102 101.199996948242
1 1103 96.0100021362305
1 1104 99.5299987792969
1 1105 92.9400024414062
1 1106 91.370002746582
1 1107 100.910003662109
1 1108 93.7799987792969
1 1109 101.5
1 1110 101.559997558594
1 1111 98.3499984741211
1 1112 91.9000015258789
1 1113 100.98999786377
1 1114 97.1100006103516
1 1115 104.709999084473
1 1116 102.51000213623
1 1117 106.419998168945
1 1118 105.569999694824
1 1119 96.9199981689453
1 1120 106.110000610352
1 1121 99.2900009155273
1 1122 102.98999786377
1 1123 104.790000915527
1 1124 94.5199966430664
1 1125 102.01000213623
1 1126 97.2399978637695
1 1127 95.620002746582
1 1128 101.839996337891
1 1129 103.73999786377
1 1130 93.0699996948242
1 1131 103.610000610352
1 1132 97.6500015258789
1 1133 92.8600006103516
1 1134 109.089996337891
1 1135 98.9899978637695
1 1136 101.209999084473
1 1137 100.919998168945
1 1138 96.7300033569336
1 1139 103.73999786377
1 1140 99.4199981689453
1 1141 93.3000030517578
1 1142 105.569999694824
1 1143 92.6999969482422
1 1144 102.089996337891
1 1145 97.9899978637695
1 1146 100.389999389648
1 1147 104.089996337891
1 1148 96.5100021362305
1 1149 100.569999694824
1 1150 95.5299987792969
1 1151 100.26000213623
1 1152 98.8000030517578
1 1153 99.4000015258789
1 1154 104.889999389648
1 1155 107.5
1 1156 103.129997253418
1 1157 101.220001220703
1 1158 98.9800033569336
1 1159 100.269996643066
1 1160 94.2600021362305
1 1161 92.6800003051758
1 1162 93.8399963378906
1 1163 106.050003051758
1 1164 99.5599975585938
1 1165 103.190002441406
1 1166 101.669998168945
1 1167 98.4400024414062
1 1168 96.7600021362305
1 1169 87.4000015258789
1 1170 87.7200012207031
1 1171 104.129997253418
1 1172 97.8499984741211
1 1173 102.480003356934
1 1174 96.6600036621094
1 1175 101.129997253418
1 1176 104.839996337891
1 1177 105.199996948242
1 1178 101.839996337891
1 1179 104.050003051758
1 1180 101.319999694824
1 1181 103.050003051758
1 1182 102.959999084473
1 1183 96.2200012207031
1 1184 89.9899978637695
1 1185 105.589996337891
1 1186 95.5500030517578
1 1187 99.5699996948242
1 1188 104.680000305176
1 1189 96.3399963378906
1 1190 105.139999389648
1 1191 103.349998474121
1 1192 100.180000305176
1 1193 95.2300033569336
1 1194 102.930000305176
1 1195 108.120002746582
1 1196 104.139999389648
1 1197 96.3199996948242
1 1198 101.800003051758
1 1199 120.76000213623
1 1200 98.2399978637695
1 1201 101.800003051758
1 1202 94.7200012207031
1 1203 104.629997253418
1 1204 96.1100006103516
1 1205 96.8499984741211
1 1206 96.1900024414062
1 1207 91.3399963378906
1 1208 106.98999786377
1 1209 101.419998168945
1 1210 96.870002746582
1 1211 91.9300003051758
1 1212 104.51000213623
1 1213 99.7699966430664
1 1214 102.819999694824
1 1215 97.1600036621094
1 1216 101.300003051758
1 1217 110.75
1 1218 97.5699996948242
1 1219 107.23999786377
1 1220 103.540000915527
1 1221 102.26000213623
1 1222 99.9000015258789
1 1223 100.209999084473
1 1224 91.9100036621094
1 1225 101.180000305176
1 1226 96.5800018310547
1 1227 95.7099990844727
1 1228 98.9700012207031
1 1229 98.1699981689453
1 1230 101.220001220703
1 1231 91.8099975585938
1 1232 98.0999984741211
1 1233 106.919998168945
1 1234 102.75
1 1235 100.029998779297
1 1236 106.540000915527
1 1237 101.5
1 1238 99.2699966430664
1 1239 96.6500015258789
1 1240 103.709999084473
1 1241 106.480003356934
1 1242 97.1900024414062
1 1243 99.0100021362305
1 1244 91.7099990844727
1 1245 79.0299987792969
1 1246 90.6999969482422
1 1247 103.110000610352
1 1248 96.1699981689453
1 1249 98.629997253418
1 1250 102.269996643066
1 1251 89.870002746582
1 1252 105.839996337891
1 1253 99.9499969482422
1 1254 100.349998474121
1 1255 98.9599990844727
1 1256 97.0299987792969
1 1257 100.919998168945
1 1258 103.050003051758
1 1259 98.6100006103516
1 1260 94.6999969482422
1 1261 105.48999786377
1 1262 99.6900024414062
1 1263 98
1 1264 98.9300003051758
1 1265 93.370002746582
1 1266 87.8399963378906
1 1267 99.0199966430664
1 1268 90.379997253418
1 1269 93.7600021362305
1 1270 96.5299987792969
1 1271 89.5999984741211
1 1272 99.3600006103516
1 1273 96.7399978637695
1 1274 88.9599990844727
1 1275 98.3000030517578
1 1276 99.6900024414062
1 1277 92.2300033569336
1 1278 96.620002746582
1 1279 96.8099975585938
1 1280 93.5500030517578
1 1281 99.370002746582
1 1282 92.8499984741211
1 1283 93.4499969482422
1 1284 104.220001220703
1 1285 101.669998168945
1 1286 97.8300018310547
1 1287 99.5899963378906
1 1288 98.3899993896484
1 1289 97.6100006103516
1 1290 101.230003356934
1 1291 98.9300003051758
1 1292 107.809997558594
1 1293 103.819999694824
1 1294 97.8199996948242
1 1295 98.9599990844727
1 1296 95.4800033569336
1 1297 101.830001831055
1 1298 99.120002746582
1 1299 103.870002746582
1 1300 98.1600036621094
1 1301 101.559997558594
1 1302 102.690002441406
1 1303 102.370002746582
1 1304 103.730003356934
1 1305 94.8899993896484
1 1306 96.9599990844727
1 1307 94.2900009155273
1 1308 97.0100021362305
1 1309 100.610000610352
1 1310 106.970001220703
1 1311 95.8499984741211
1 1312 91.8199996948242
1 1313 92.9800033569336
1 1314 100.919998168945
1 1315 99.629997253418
1 1316 98.0599975585938
1 1317 103.610000610352
1 1318 96.2300033569336
1 1319 98.7399978637695
1 1320 94.8399963378906
1 1321 92.9700012207031
1 1322 97.1999969482422
1 1323 102.480003356934
1 1324 94.4000015258789
1 1325 101.190002441406
1 1326 103.839996337891
1 1327 98.879997253418
1 1328 101.959999084473
1 1329 101.330001831055
1 1330 96.9100036621094
1 1331 105.120002746582
1 1332 90.5199966430664
1 1333 91.7200012207031
1 1334 94.6399993896484
1 1335 98.2200012207031
1 1336 96.5299987792969
1 1337 98.5400009155273
1 1338 99.0699996948242
1 1339 93.5100021362305
1 1340 95.9100036621094
1 1341 98.3099975585938
1 1342 99.8300018310547
1 1343 102.129997253418
1 1344 97.7699966430664
1 1345 105.949996948242
1 1346 101.209999084473
1 1347 80.9199981689453
1 1348 90.6500015258789
1 1349 101.190002441406
1 1350 107.209999084473
1 1351 93.1399993896484
1 1352 99.5400009155273
1 1353 98.8600006103516
1 1354 86.5999984741211
1 1355 95.370002746582
1 1356 103.73999786377
1 1357 98.879997253418
1 1358 96.0299987792969
1 1359 96.2399978637695
1 1360 92.0500030517578
1 1361 96.5
1 1362 89.9199981689453
1 1363 100.160003662109
1 1364 100.720001220703
1 1365 102.309997558594
1 1366 83.7300033569336
1 1367 99.120002746582
1 1368 93
1 1369 95.4300003051758
1 1370 98.1100006103516
1 1371 97.870002746582
1 1372 95.6600036621094
1 1373 95.6699981689453
1 1374 89.4000015258789
1 1375 94.5699996948242
1 1376 103.610000610352
1 1377 101.379997253418
1 1378 99.7200012207031
1 1379 94.6699981689453
1 1380 97.9599990844727
1 1381 101.800003051758
1 1382 92.4599990844727
1 1383 97.4800033569336
1 1384 89.1100006103516
1 1385 92.3000030517578
1 1386 96.9000015258789
1 1387 95.2099990844727
1 1388 96.8300018310547
1 1389 97.3300018310547
1 1390 101.169998168945
1 1391 88.8499984741211
1 1392 88.6900024414062
1 1393 85.379997253418
1 1394 93.4300003051758
1 1395 86.4499969482422
1 1396 97.4400024414062
1 1397 96.0999984741211
1 1398 96.9499969482422
1 1399 102.900001525879
1 1400 100.309997558594
1 1401 84.629997253418
1 1402 106.129997253418
1 1403 102.599998474121
1 1404 95.6600036621094
1 1405 97.1500015258789
1 1406 83.8499984741211
1 1407 96.6100006103516
1 1408 106.599998474121
1 1409 87.9899978637695
1 1410 100.73999786377
1 1411 96.8499984741211
1 1412 92.9100036621094
1 1413 92.9599990844727
1 1414 105.129997253418
1 1415 104.319999694824
1 1416 97.5100021362305
1 1417 96.8099975585938
1 1418 103.349998474121
1 1419 94.120002746582
1 1420 97.8899993896484
1 1421 98.8199996948242
1 1422 94.0800018310547
1 1423 94.379997253418
1 1424 87.2300033569336
1 1425 102.930000305176
1 1426 97.7399978637695
1 1427 94.5100021362305
1 1428 97.9199981689453
1 1429 102.230003356934
1 1430 99.25
1 1431 103.680000305176
1 1432 98.9400024414062
1 1433 95.129997253418
1 1434 100.610000610352
1 1435 100.139999389648
1 1436 96.7699966430664
1 1437 106.099998474121
1 1438 97.370002746582
1 1439 104.059997558594
1 6 96.9100036621094
1 1440 99.5899963378906
1 1441 92.7399978637695
1 1442 95.4599990844727
1 1443 99.2200012207031
1 1444 93.7900009155273
1 1445 92.25
1 1446 92.6900024414062
1 1447 92.5400009155273
1 1448 98.1999969482422
1 1449 93.9599990844727
1 1450 98.0899963378906
1 1451 98.7600021362305
1 1452 99.8000030517578
1 1453 94.2399978637695
1 1454 97.4800033569336
1 1455 100.800003051758
1 1456 85.4000015258789
1 1457 92.3300018310547
1 1458 85.3600006103516
1 1459 97.370002746582
1 1460 97.9199981689453
1 1461 94.5999984741211
1 1462 98.7799987792969
1 1463 94.3899993896484
1 1464 98.6800003051758
1 1465 92.9300003051758
1 1466 86.1600036621094
1 1467 90.9300003051758
1 1468 87.2399978637695
1 1469 83.9400024414062
1 1470 94.0199966430664
1 1471 92.5199966430664
1 1472 97.5500030517578
1 1473 95.7799987792969
1 1474 101.389999389648
1 1475 95.4000015258789
1 1476 98.2900009155273
1 1477 98.7900009155273
1 1478 104.190002441406
1 1479 96.8499984741211
1 1480 96.5999984741211
1 1481 86.25
1 1482 96.0400009155273
1 1483 94.1800003051758
1 1484 101.059997558594
1 1485 98.0400009155273
1 1486 87.0500030517578
1 1487 92.120002746582
1 1488 96.5100021362305
1 1489 88.370002746582
1 1490 92.8899993896484
1 1491 90.2300033569336
1 1492 94.3399963378906
1 1493 101.089996337891
1 1494 92.620002746582
1 1495 102.730003356934
1 1496 91.7399978637695
1 1497 96.129997253418
1 1498 97.6600036621094
1 1499 95.0800018310547
1 1500 97.2099990844727
1 1501 98.0400009155273
1 1502 96.1500015258789
1 1503 100.910003662109
1 1504 99.5299987792969
1 1505 103.779998779297
1 1506 96.4800033569336
1 1507 93.6600036621094
1 1508 103.639999389648
1 1509 97.0299987792969
1 1510 97.5
1 1511 78.25
1 1512 93.4000015258789
1 1513 88.6399993896484
1 1514 89.4899978637695
1 1515 94.7099990844727
1 1516 93.3499984741211
1 1517 100.669998168945
1 1518 103.139999389648
1 1519 95.5299987792969
1 1520 98.1500015258789
1 1521 96.2900009155273
1 1522 92.0299987792969
1 1523 89.129997253418
1 1524 93.4499969482422
1 1525 96.6600036621094
1 1526 97.5100021362305
1 1527 101.230003356934
1 1528 101.709999084473
1 1529 99.7300033569336
1 1530 100.620002746582
1 1531 97.1699981689453
1 1532 99.4100036621094
1 1533 93.7399978637695
1 1534 99.5299987792969
1 1535 96.1600036621094
1 1536 96.4400024414062
1 1537 91.629997253418
1 1538 93.3199996948242
1 1539 96.5699996948242
1 1540 95.5800018310547
1 1541 93.3399963378906
1 1542 90.2300033569336
1 1543 98.8199996948242
1 1544 95.4700012207031
1 1545 88.8099975585938
1 1546 99.4400024414062
1 1547 108.050003051758
1 1548 93.6900024414062
1 1549 91.3399963378906
1 1550 106.180000305176
1 1551 93.120002746582
1 1552 100.370002746582
1 1553 96.4700012207031
1 1554 97.0400009155273
1 1555 99.129997253418
1 1556 99.6399993896484
1 1557 100.800003051758
1 1558 99.0100021362305
1 1559 97.5999984741211
1 1560 101.300003051758
1 1561 104.01000213623
1 1562 95.4000015258789
1 1563 95.25
1 1564 103.559997558594
1 1565 98.9499969482422
1 1566 96.5500030517578
1 1567 91.9199981689453
1 1568 103.589996337891
1 1569 100.76000213623
1 1570 92.0500030517578
1 1571 96.4300003051758
1 1572 96.4499969482422
1 1573 99.3499984741211
1 1574 95.4300003051758
1 1575 90.4300003051758
1 1576 92.0100021362305
1 1577 104.290000915527
1 1578 104.230003356934
1 1579 94.7099990844727
1 1580 101.180000305176
1 1581 102.669998168945
1 1582 109.849998474121
1 1583 100.819999694824
1 1584 102.959999084473
1 1585 95.8399963378906
1 1586 99.25
1 1587 105.660003662109
1 1588 112.279998779297
1 1589 108.730003356934
1 1590 106.040000915527
1 1591 103.73999786377
1 1592 106.269996643066
1 1593 103.940002441406
1 1594 109.620002746582
1 1595 98.120002746582
1 1596 100.639999389648
1 1597 107.819999694824
1 1598 93.7099990844727
1 1599 90.1999969482422
1 1600 99.0699996948242
1 1601 96.7900009155273
1 1602 98.0400009155273
1 1603 97.0999984741211
1 1604 99.9100036621094
1 1605 97.2099990844727
1 1606 100.940002441406
1 1607 97.4700012207031
1 1608 97.75
1 1609 96.6800003051758
1 1610 96.7099990844727
1 1611 98.7600021362305
1 1612 98.3099975585938
1 1613 95.2699966430664
1 1614 96.9700012207031
1 1615 104.559997558594
1 1616 93.5599975585938
1 1617 96.6600036621094
1 1618 94.120002746582
1 1619 97.5699996948242
1 1620 102.269996643066
1 1621 101.459999084473
1 1622 104.089996337891
1 1623 101.830001831055
1 1624 101.980003356934
1 1625 106.73999786377
1 1626 108.459999084473
1 1627 96.879997253418
1 1628 96.5299987792969
1 1629 95.1500015258789
1 1630 109.559997558594
1 1631 99.7699966430664
1 1632 104.26000213623
1 1633 101.180000305176
1 1634 96.3199996948242
1 1635 98.3000030517578
1 1636 105.169998168945
1 1637 107.620002746582
1 1638 91.8899993896484
1 1639 102.269996643066
1 1640 100.860000610352
1 1641 102.120002746582
1 1642 102.300003051758
1 1643 101.790000915527
1 1644 98.120002746582
1 1645 103.300003051758
1 1646 108.900001525879
1 1647 95.9199981689453
1 1648 102.5
1 1649 100.769996643066
1 1650 101.599998474121
1 1651 105.089996337891
1 1652 103.879997253418
1 1653 96.3499984741211
1 1654 99.3000030517578
1 1655 99.0400009155273
1 1656 93.5299987792969
1 1657 103.129997253418
1 1658 96.379997253418
1 1659 108.220001220703
1 1660 102.379997253418
1 1661 103.300003051758
1 1662 88.4499969482422
1 1663 89.6999969482422
1 1664 105.419998168945
1 1665 103.059997558594
1 1666 95.3199996948242
1 1667 92.8600006103516
1 1668 82.620002746582
1 1669 101.25
1 1670 97.2600021362305
1 1671 98.5599975585938
1 1672 104
1 1673 93.75
1 1674 93.0699996948242
1 1675 92.6600036621094
1 1676 93.2699966430664
1 1677 95.7699966430664
1 1678 96.1900024414062
1 1679 108.050003051758
1 1680 97.1999969482422
1 1681 97.9199981689453
1 1682 103.25
1 1683 91.0500030517578
1 1684 92.0999984741211
1 1685 104.069999694824
1 1686 104.699996948242
1 1687 96.8499984741211
1 1688 93.9700012207031
1 1689 103.540000915527
1 1690 100.110000610352
1 1691 105.98999786377
1 1692 104.089996337891
1 1693 91.8099975585938
1 1694 94.8199996948242
1 1695 99.5500030517578
1 1696 100.410003662109
1 1697 104.51000213623
1 1698 98.620002746582
1 1699 69.3000030517578
1 1700 91.4000015258789
1 1701 100.050003051758
1 1702 107.5
1 1703 100.430000305176
1 1704 107.379997253418
1 1705 98.0100021362305
1 1706 103.940002441406
1 1707 92
1 1708 102.199996948242
1 1709 104.73999786377
1 1710 92.6500015258789
1 1711 97.6100006103516
1 1712 100.720001220703
1 1713 104.550003051758
1 1714 100.449996948242
1 1715 91.9400024414062
1 1716 97.5100021362305
1 1717 92.3399963378906
1 1718 102.150001525879
1 1719 96.0699996948242
1 1720 103.319999694824
1 1721 103.5
1 1722 101.01000213623
1 1723 102.199996948242
1 1724 94.4400024414062
1 1725 98.25
1 1726 85.6999969482422
1 1727 99.3199996948242
1 1728 103.209999084473
1 1729 99.1600036621094
1 1730 96.3899993896484
1 1731 93.9700012207031
1 1732 99.7799987792969
1 1733 101.660003662109
1 1734 96.4800033569336
1 1735 97.870002746582
1 1736 106.620002746582
1 1737 102.080001831055
1 1738 105.099998474121
1 1739 89.9800033569336
1 1740 100.51000213623
1 1741 99.9599990844727
1 1742 99.3499984741211
1 1743 94.7699966430664
1 1744 95.6800003051758
1 1745 87.4199981689453
1 1746 93.0599975585938
1 1747 95.4599990844727
1 1748 94.0199966430664
1 1749 96.7699966430664
1 1750 103.190002441406
1 1751 99.8600006103516
1 1752 100.279998779297
1 1753 105.650001525879
1 1754 102.330001831055
1 1755 86.0299987792969
1 1756 97.370002746582
1 1757 93.9400024414062
1 1758 101.639999389648
1 1759 98
1 1760 101.319999694824
1 1761 101.5
1 1762 98.1800003051758
1 1763 86.7399978637695
1 1764 107.309997558594
1 1765 93.379997253418
1 1766 86.5899963378906
1 1767 104.5
1 1768 100.75
1 1769 103.540000915527
1 1770 106.279998779297
1 1771 102.620002746582
1 1772 103.900001525879
1 1773 103.819999694824
1 1774 100.680000305176
1 1775 91.9300003051758
1 1776 97.9100036621094
1 1777 97.1699981689453
1 1778 99.4300003051758
1 1779 97.7099990844727
1 1780 90.1900024414062
