1 2009 148
1 2010 175
1 2011 160
1 2012 130
1 2013 148
1 2014 152
1 2015 153
1 2016 150
1 2017 142
1 2018 167
1 2019 149
1 2020 146
1 2021 152
1 2022 157
1 2023 161
1 2024 151
1 2025 148
1 2026 156
1 2027 168
1 2028 160
1 2029 166
1 2030 128
1 2031 157
1 2032 170
1 2033 164
1 2034 169
1 2035 156
1 2036 160
1 2037 163
1 2038 150
1 2039 161
1 2040 167
1 2041 151
1 2042 137
1 2043 136
1 2044 143
1 2045 155
1 2046 172
1 2047 166
1 2048 145
1 2049 141
1 2050 161
1 2051 151
1 2052 153
1 2053 139
1 2054 151
1 2055 155
1 2056 166
1 2057 146
1 2058 155
1 2059 146
1 2060 149
1 2061 153
1 2062 127
1 2063 124
1 2064 162
1 2065 155
1 2066 164
1 2067 149
1 2068 148
1 2069 159
1 2070 151
1 2071 157
1 2072 158
1 2073 174
1 2074 142
1 2075 141
1 2076 150
1 2077 151
1 2078 168
1 2079 146
1 2080 146
1 2081 157
1 2082 162
1 2083 159
1 2084 167
1 2085 148
1 2086 149
1 2087 159
1 2088 158
1 2089 147
1 2090 145
1 2091 160
1 2092 157
1 2093 149
1 2094 142
1 2095 155
1 2096 155
1 2097 137
1 2098 135
1 2099 154
1 2100 157
1 2101 161
1 2102 135
1 2103 158
1 2104 155
1 2105 150
1 2106 155
1 2107 161
1 2108 129
1 2109 168
1 2110 166
1 2111 164
1 2112 150
1 2113 155
1 2114 169
1 2115 157
1 2116 163
1 2117 160
1 2118 159
1 2119 162
1 2120 149
1 2121 157
1 2122 162
1 2123 163
1 2124 171
1 2125 158
1 2126 175
1 2127 163
1 2128 176
1 2129 160
1 2130 169
1 2131 159
1 2132 163
1 2133 162
1 2134 165
1 2135 146
1 2136 159
1 2137 165
1 2138 155
1 2139 157
1 2140 175
1 2141 157
1 2142 153
1 2143 138
1 2144 160
1 2145 159
1 2146 162
1 2147 171
1 2148 158
1 2149 165
1 2150 159
1 2151 156
1 2152 155
1 2153 163
1 2154 156
1 2155 161
1 2156 147
1 2157 172
1 2158 149
1 2159 138
1 2160 152
1 2161 165
1 2162 164
1 2163 155
1 2164 160
1 2165 151
1 2166 143
1 2167 158
1 2168 158
1 2169 160
1 2170 164
1 2171 154
1 2172 166
1 2173 165
1 2174 164
1 2175 161
1 2176 160
1 2177 153
1 2178 146
1 2179 167
1 2180 160
1 2181 163
1 2182 158
1 2183 151
1 2184 145
1 2185 160
1 2186 144
1 2187 165
1 2188 155
1 2189 180
1 2190 154
1 2191 159
1 2192 155
1 2193 165
1 2194 161
1 2195 146
1 2196 155
1 2197 155
1 2198 173
1 2199 157
1 2200 150
1 2201 156
1 2202 157
1 2203 149
1 2204 166
1 2205 150
1 2206 157
1 2207 162
1 2208 159
1 2209 146
1 2210 148
1 2211 169
1 2212 133
1 2213 173
1 2214 169
1 2215 151
1 2216 160
1 2217 161
1 2218 168
1 2219 162
1 2220 149
1 2221 152
1 2222 166
1 2223 173
1 2224 165
1 2225 150
1 2226 168
1 2227 160
1 2228 154
1 2229 154
1 2230 149
1 2231 145
1 2232 136
1 2233 169
1 2234 162
1 2235 159
1 2236 152
1 2237 164
1 2238 150
1 2239 137
1 2240 162
1 2241 169
1 2242 165
1 2243 174
1 2244 162
1 2245 176
1 2246 156
1 2247 148
1 2248 141
1 2249 141
1 2250 159
1 2251 142
1 2252 153
1 2253 166
1 2254 163
1 2255 158
1 2256 171
1 2257 165
1 2258 171
1 2259 145
1 2260 165
1 2261 171
1 2262 157
1 2263 161
1 2264 142
1 2265 163
1 2266 139
1 2267 133
1 2268 164
1 2269 158
1 2270 153
1 2271 156
1 2272 161
1 2273 149
1 2274 154
1 2275 162
1 2276 168
1 2277 153
1 2278 161
1 2279 166
1 2280 147
1 2281 143
1 2282 166
1 2283 161
1 2284 161
1 2285 146
1 2286 163
1 2287 154
1 2288 161
1 2289 155
1 2290 154
1 2291 161
1 2292 167
1 2293 154
1 2294 165
1 2295 143
1 2296 153
1 2297 154
1 2298 167
1 2299 155
1 2300 152
1 2301 143
1 2302 141
1 2303 156
1 2304 171
1 2305 146
1 2306 157
1 2307 159
1 2308 138
1 2309 147
1 2310 165
1 2311 155
1 2312 149
1 2313 157
1 2314 155
1 2315 164
1 2316 163
1 2317 150
1 2318 142
1 2319 140
1 2320 167
1 2321 155
1 2322 156
1 2323 167
1 2324 161
1 2325 155
1 2326 157
1 2327 164
1 2328 168
1 2329 158
1 2330 165
1 2331 159
1 2332 144
1 2333 153
1 2334 154
1 2335 140
1 2336 151
1 2337 172
1 2338 165
1 2339 160
1 2340 130
1 2341 160
1 2342 162
1 2343 144
1 2344 149
1 2345 155
1 2346 161
1 2347 159
1 2348 142
1 2349 162
1 2350 163
1 2351 154
1 2352 161
1 2353 160
1 2354 166
1 2355 147
1 2356 165
1 2357 164
1 2358 158
1 2359 163
1 2360 163
1 2361 160
1 2362 164
1 2363 147
1 2364 161
1 2365 155
1 2366 166
1 2367 168
1 2368 168
1 2369 166
1 2370 166
1 2371 167
1 2372 157
1 2373 153
1 2374 150
1 2375 175
1 2376 168
1 2377 167
1 2378 141
1 2379 144
1 2380 171
1 2381 166
1 2382 165
1 2383 166
1 2384 166
1 2385 164
1 2386 177
1 2387 162
1 2388 159
1 2389 166
1 2390 133
1 2391 128
1 2392 163
1 2393 168
1 2394 163
1 2395 155
1 2396 144
1 2397 160
1 2398 152
1 2399 161
1 2400 155
1 2401 153
1 2402 128
1 2403 156
1 2404 150
1 2405 145
1 2406 166
1 2407 159
1 2408 173
1 2409 163
1 2410 161
1 2411 171
1 2412 162
1 2413 160
1 2414 168
1 2415 154
1 2416 160
1 2417 158
1 2418 162
1 2419 144
1 2420 139
1 2421 141
1 2422 153
1 2423 155
1 2424 169
1 2425 151
1 2426 128
1 2427 174
1 2428 167
1 2429 140
1 2430 136
1 2431 153
1 2432 138
1 2433 156
1 2434 161
1 2435 157
1 2436 160
1 2437 151
1 2438 162
1 2439 165
1 2440 152
1 2441 157
1 2442 176
1 2443 161
1 2444 162
1 2445 145
1 2446 149
1 2447 152
1 2448 153
1 2449 160
1 2450 153
1 2451 159
1 2452 158
1 2453 155
1 2454 147
1 2455 162
1 2456 157
1 2457 152
1 2458 171
1 2459 160
1 2460 164
1 2461 164
1 2462 163
1 2463 148
1 2464 136
1 2465 152
1 2466 155
1 2467 158
1 2468 162
1 2469 151
1 2470 164
1 2471 164
1 2472 146
1 2473 162
1 2474 158
1 2475 152
1 2476 150
1 2477 169
1 2478 163
1 2479 151
1 2480 165
1 2481 160
1 2482 165
1 2483 154
1 2484 163
1 2485 145
1 2486 140
1 2487 153
1 2488 172
1 2489 146
1 2490 170
1 2491 159
1 2492 161
1 2493 148
1 2494 177
1 2495 151
1 2496 168
1 2497 149
1 2498 146
1 2499 164
1 2500 164
1 2501 159
1 2502 159
1 2503 162
1 2504 135
1 2505 176
1 2506 169
1 2507 152
1 2508 165
1 2509 147
1 2510 161
1 2511 132
1 2512 145
1 2513 175
1 2514 161
1 2515 172
1 2516 141
1 2517 160
1 2518 147
1 2519 164
1 2520 173
1 2521 164
1 2522 157
1 2523 150
1 2524 143
1 2525 162
1 2526 154
1 2527 163
1 2528 159
1 2529 171
1 2530 166
1 2531 133
1 2532 155
1 2533 149
1 2534 164
1 2535 141
1 2536 135
1 2537 159
1 2538 170
1 2539 156
1 2540 155
1 2541 167
1 2542 164
1 2543 152
1 2544 160
1 2545 163
1 2546 164
1 2547 160
1 2548 163
1 2549 158
1 2550 154
1 2551 154
1 2552 158
1 2553 163
1 2554 156
1 2555 153
1 2556 153
1 2557 155
1 2558 162
1 2559 155
1 2560 164
1 2561 148
1 2562 151
1 2563 154
1 2564 160
1 2565 165
1 2566 151
1 2567 152
1 2568 152
1  156
1 2569 162
1 2570 136
1 2571 167
1 2572 145
1 2573 139
1 2574 158
1 2575 164
1 2576 150
1 56 182
1 40 174
1 57 164
1 58 162
1 52 175
1 59 175
1 60 171
1 61 175
1 62 162
1 63 159
1 64 178
1 48 156
1 65 164
1 66 144
1 67 155
1 68 162
1 69 152
1 70 161
1 71 172
1 72 168
1 73 150
1 74 167
1 75 167
1 76 168
1 77 181
1 78 174
1 79 169
1 53 159
1 80 172
1 81 165
1 82 156
1 83 170
1 84 173
1 85 163
1 86 168
1 87 159
1 88 160
1 89 159
1 90 165
1 91 160
1 92 140
1 93 171
1 94 163
1 95 167
1 96 175
1 97 173
1 98 158
1 99 162
1 51 171
1 100 165
1 101 162
1 46 176
1 102 159
1 103 169
1 104 160
1 105 162
1 106 170
1 107 183
1 108 158
1 109 175
1 110 156
1 111 165
1 112 166
1 113 168
1 114 158
1 37 167
1 115 154
1 116 159
1 117 161
1 118 168
1 119 153
1 120 166
1 121 168
1 122 169
1 123 171
1 124 163
1 125 142
1 126 169
1 127 164
1 128 158
1 129 168
1 130 158
1 131 152
1 132 164
1 133 170
1 134 157
1 135 168
1 136 170
1 137 150
1 138 180
1 139 146
1 140 140
1 141 162
1 142 160
1 143 155
1 144 175
1 145 149
1 146 167
1 147 163
1 148 160
1 149 162
1 150 164
1 151 150
1 152 147
1 153 175
1 154 168
1 49 179
1 44 164
1 155 156
1 156 156
1 157 161
1 158 155
1 159 159
1 160 164
1 161 161
1 162 149
1 163 161
1 164 165
1 165 161
1 42 163
1 166 167
1 167 158
1 168 158
1 169 170
1 170 170
1 171 177
1 172 168
1 173 164
1 174 155
1 175 176
1 176 145
1 177 165
1 178 159
1 179 181
1 55 147
1 180 171
1 181 157
1 182 166
1 183 166
1 184 146
1 185 172
1 186 175
1 187 167
1 188 176
1 189 165
1 190 156
1 191 165
1 192 170
1 193 150
1 194 139
1 195 131
1 196 165
1 197 159
1 198 178
1 199 165
1 200 165
1 201 170
1 41 166
1 202 172
1 203 161
1 204 160
1 205 166
1 206 160
1 207 158
1 208 160
1 209 173
1 210 168
1 211 148
1 212 174
1 213 166
1 214 156
1 215 145
1 216 152
1 217 151
1 218 153
1 219 159
1 220 165
1 221 172
1 222 155
1 38 170
1 223 160
1 224 161
1 225 172
1 226 166
1 227 172
1 228 166
1 229 174
1 230 174
1 231 171
1 232 172
1 233 165
1 234 174
1 31 170
1 235 169
1 236 154
1 237 139
1 238 162
1 239 161
1 240 158
1 241 166
1 242 154
1 243 164
1 244 163
1 245 162
1 246 155
1 247 148
1 248 159
1 249 163
1 250 156
1 251 135
1 252 147
1 253 148
1 254 168
1 255 158
1 256 150
1 257 166
1 258 162
1 259 164
1 260 163
1 261 175
1 262 174
1 263 147
1 264 176
1 265 160
1 266 164
1 47 171
1 267 158
1 268 152
1 269 166
1 270 161
1 271 154
1 272 178
1 273 169
1 274 173
1 275 181
1 276 183
1 277 145
1 278 143
1 24 162
1 279 166
1 280 170
1 281 161
1 282 166
1 283 178
1 284 161
1 285 162
1 286 163
1 287 178
1 288 174
1 289 148
1 22 171
1 290 164
1 291 162
1 292 164
1 293 177
1 294 173
1 295 173
1 296 171
1 297 152
1 298 150
1 299 171
1 300 147
1 301 141
1 302 154
1 303 160
1 304 139
1 305 159
1 306 158
1 307 168
1 308 152
1 309 181
1 310 158
1 311 156
1 312 160
1 313 162
1 314 177
1 315 162
1 316 172
1 317 164
1 318 159
1 319 162
1 320 174
1 321 170
1 322 150
1 323 158
1 324 145
1 325 162
1 326 161
1 327 156
1 328 172
1 329 162
1 330 166
1 331 168
1 332 146
1 333 144
1 334 126
1 335 164
1 336 130
1 337 174
1 338 170
1 339 168
1 340 160
1 341 176
1 342 149
1 343 156
1 344 167
1 345 168
1 346 165
1 347 159
1 348 151
1 349 157
1 350 164
1 351 155
1 352 174
1 353 161
1 354 169
1 355 157
1 356 175
1 357 158
1 358 167
1 359 154
1 360 168
1 361 174
1 362 165
1 363 151
1 364 151
1 365 164
1 366 167
1 367 148
1 368 169
1 369 161
1 370 122
1 371 156
1 372 161
1 373 132
1 374 164
1 375 169
1 376 172
1 377 158
1 5 157
1 378 164
1 379 161
1 380 171
1 381 156
1 382 160
1 383 143
1 384 155
1 385 161
1 386 166
1 387 148
1 388 140
1 389 155
1 390 165
1 391 141
1 392 164
1 393 156
1 394 158
1 395 163
1 396 164
1 397 166
1 398 151
1 399 166
1 400 162
1 401 162
1 402 138
1 403 153
1 404 149
1 405 151
1 406 150
1 407 151
1 408 163
1 409 166
1 410 156
1 411 164
1 412 160
1 413 161
1 414 156
1 415 158
1 416 151
1 417 171
1 418 155
1 419 158
1 420 170
1 421 156
1 422 150
1 423 167
1 424 155
1 425 163
1 426 152
1 427 147
1 428 151
1 429 159
1 430 162
1 431 152
1 432 167
1 433 146
1 434 137
1 435 144
1 436 160
1 437 169
1 438 163
1 39 175
1 439 157
1 440 144
1 441 148
1 442 142
1 443 151
1 33 157
1 444 147
1 445 170
1 446 159
1 447 155
1 448 143
1 449 145
1 450 153
1 14 165
1 451 163
1 452 160
1 453 153
1 30 176
1 454 158
1 455 153
1 456 151
1 457 168
1 458 154
1 459 167
1 460 168
1 461 167
1 462 148
1 463 161
1 464 175
1 465 145
1 466 139
1 467 171
1 468 166
1 469 149
1 470 153
1 471 170
1 472 150
1 473 171
1 50 161
1 474 173
1 475 172
1 476 157
1 477 165
1 478 165
1 479 175
1 480 166
1 481 156
1 482 162
1 483 166
1 484 173
1 485 148
1 486 151
1 487 183
1 488 163
1 489 165
1 490 154
1 491 153
1 492 173
1 493 172
1 494 136
1 495 162
1 496 159
1 497 170
1 498 168
1 499 169
1 500 157
1 501 160
1 502 166
1 503 147
1 504 181
1 505 170
1 506 168
1 507 160
1 508 171
1 509 132
1 510 158
1 511 174
1 512 140
1 513 172
1 514 163
1 515 157
1 516 152
1 517 133
1 518 165
1 519 161
1 520 161
1 521 160
1 522 182
1 523 148
1 524 145
1 525 177
1 526 127
1 527 153
1 528 184
1 529 131
1 530 161
1 531 153
1 532 160
1 533 133
1 534 146
1 535 167
1 536 136
1 537 170
1 538 176
1 539 154
1 540 169
1 54 172
1 541 150
1 542 151
1 543 155
1 544 165
1 545 164
1 546 160
1 547 175
1 548 130
1 549 169
1 550 171
1 551 166
1 552 161
1 553 163
1 554 173
1 555 135
1 556 175
1 557 177
1 558 156
1 559 149
1 560 161
1 561 169
1 27 164
1 562 158
1 563 162
1 564 162
1 18 148
1 565 166
1 566 133
1 567 149
1 568 157
1 569 160
1 570 156
1 571 145
1 572 149
1 573 147
1 574 161
1 575 170
1 576 156
1 577 142
1 578 151
1 579 153
1 580 152
1 581 161
1 582 170
1 583 167
1 584 177
1 585 167
1 586 158
1 587 157
1 588 143
1 589 133
1 590 155
1 591 162
1 592 174
1 593 143
1 594 152
1 595 153
1 596 162
1 597 154
1 598 161
1 599 179
1 600 164
1 601 155
1 602 161
1 603 162
1 604 147
1 605 148
1 606 148
1 607 142
1 608 162
1 609 153
1 610 147
1 611 170
1 612 172
1 613 171
1 614 161
1 615 163
1 616 170
1 617 163
1 618 156
1 619 156
1 620 143
1 621 155
1 622 165
1 623 160
1 624 170
1 625 166
1 626 155
1 627 172
1 628 133
1 629 140
1 630 146
1 631 169
1 632 166
1 633 160
1 634 165
1 635 157
1 636 170
1 637 149
1 638 151
1 639 168
1 640 163
1 641 158
1 642 130
1 643 147
1 644 168
1 645 162
1 646 174
1 647 146
1 648 158
1 649 156
1 650 159
1 651 156
1 652 169
1 653 154
1 654 157
1 655 143
1 656 147
1 657 166
1 658 155
1 659 170
1 660 152
1 661 168
1 662 163
1 663 172
1 664 161
1 665 161
1 666 155
1 667 162
1 668 163
1 669 141
1 670 134
1 671 138
1 672 147
1 673 152
1 674 150
1 675 157
1 676 149
1 677 146
1 678 151
1 679 157
1 680 159
1 681 145
1 682 149
1 683 153
1 684 158
1 685 154
1 686 150
1 687 152
1 688 151
1 689 154
1 690 160
1 691 158
1 692 166
1 693 147
1 694 163
1 695 178
1 696 155
1 697 160
1 698 135
1 699 167
1 700 144
1 701 156
1 702 172
1 703 147
1 704 145
1 705 163
1 706 168
1 707 152
1 708 166
1 709 161
1 710 154
1 711 158
1 712 158
1 713 166
1 714 162
1 715 162
1 716 152
1 717 142
1 718 152
1 719 158
1 720 169
1 721 162
1 722 166
1 723 157
1 724 155
1 725 169
1 726 157
1 727 155
1 728 165
1 729 177
1 730 168
1 731 166
1 732 163
1 733 163
1 734 161
1 735 169
1 36 158
1 736 156
1 737 151
1 738 165
1 739 139
1 740 168
1 741 158
1 742 141
1 743 172
1 744 172
1 745 156
1 746 161
1 747 162
1 748 160
1 749 165
1 29 152
1 750 169
1 26 159
1 751 167
1 752 166
1 753 166
1 754 155
1 755 172
1 756 170
1 757 165
1 21 160
1 758 158
1 759 168
1 760 167
1 761 159
1 762 164
1 763 164
1 764 169
1 765 168
1 17 154
1 766 157
1 767 163
1 768 169
1 769 162
1 770 151
1 771 155
1 772 153
1 773 155
1 774 164
1 775 172
1 776 174
1 777 165
1 778 162
1 779 156
1 780 164
1 781 165
1 782 172
1 783 165
1 784 154
1 785 160
1 786 152
1 787 168
1 788 147
1 789 175
1 13 166
1 790 162
1 791 153
1 792 157
1 793 150
1 794 162
1 795 155
1 796 176
1 797 162
1 798 156
1 799 158
1 800 160
1 10 161
1 801 145
1 802 166
1 803 160
1 804 163
1 805 173
1 806 166
1 807 150
1 808 164
1 809 147
1 4 150
1 810 138
1 811 137
1 812 144
1 813 139
1 814 170
1 815 168
1 816 175
1 817 166
1 818 163
1 819 164
1 820 168
1 821 165
1 822 156
1 823 169
1 824 152
1 825 165
1 826 147
1 827 157
1 828 160
1 829 167
1 830 175
1 831 168
1 832 158
1 9 153
1 833 157
1 834 161
1 835 158
1 3 163
1 836 170
1 837 164
1 838 174
1 839 172
1 840 169
1 841 175
1 842 164
1 843 163
1 844 177
1 845 162
1 2 168
1 846 165
1 847 167
1 848 171
1 849 164
1 850 167
1 851 176
1 852 164
1 853 167
1 854 163
1 855 151
1 856 153
1 857 163
1 858 174
1 859 148
1 860 164
1 861 140
1 862 140
1 863 176
1 864 160
1 865 156
1 866 159
1 867 184
1 868 157
1 869 156
1 870 155
1 871 156
1 872 135
1 873 160
1 874 164
1 875 158
1 876 170
1 877 160
1 878 160
1 879 170
1 880 151
1 881 162
1 882 163
1 883 167
1 884 169
1 885 173
1 886 147
1 887 137
1 888 145
1 889 155
1 890 157
1 891 168
1 892 153
1 893 152
1 894 159
1 895 147
1 896 140
1 897 148
1 898 141
1 899 176
1 900 150
1 901 156
1 902 160
1 903 164
1 904 160
1 905 167
1 16 161
1 906 166
1 907 152
1 908 158
1 909 169
1 910 169
1 911 168
1 912 167
1 913 150
1 914 143
1 915 166
1 916 169
1 917 144
1 918 159
1 919 151
1 920 163
1 921 175
1 922 167
1 923 150
1 924 131
1 925 146
1 926 161
1 927 143
1 928 155
1 929 175
1 930 160
1 931 161
1 932 168
1 933 153
1 934 158
1 935 165
1 936 159
1 937 151
1 938 154
1 939 154
1 940 147
1 941 166
1 942 164
1 943 157
1 944 159
1 945 178
1 946 157
1 947 162
1 948 148
1 949 169
1 950 165
1 951 171
1 952 150
1 953 163
1 954 164
1 955 153
1 956 167
1 1 177
1 957 164
1 958 157
1 959 154
1 960 160
1 961 147
1 962 162
1 35 167
1 32 159
1 963 153
1 964 142
1 965 156
1 966 145
1 967 145
1 968 155
1 969 153
1 970 152
1 971 166
1 972 135
1 973 152
1 974 168
1 975 161
1 976 144
1 977 166
1 978 143
1 979 151
1 980 153
1 981 154
1 982 140
1 28 165
1 983 165
1 984 166
1 985 161
1 986 144
1 987 164
1 988 166
1 989 149
1 990 148
1 991 164
1 992 135
1 993 176
1 994 159
1 995 159
1 996 165
1 997 154
1 998 174
1 999 172
1 1000 173
1 1001 166
1 1002 163
1 1003 144
1 1004 160
1 1005 158
1 1006 177
1 1007 174
1 1008 151
1 1009 155
1 20 175
1 1010 158
1 1011 160
1 1012 156
1 1013 156
1 1014 174
1 1015 160
1 1016 152
1 1017 170
1 1018 167
1 1019 174
1 1020 165
1 1021 171
1 1022 166
1 1023 154
1 1024 169
1 1025 165
1 1026 172
1 1027 160
1 1028 174
1 1029 140
1 1030 161
1 12 173
1 1031 178
1 1032 150
1 1033 147
1 1034 147
1 1035 153
1 1036 170
1 1037 167
1 1038 165
1 1039 155
1 1040 171
1 1041 170
1 1042 161
1 1043 172
1 1044 173
1 1045 166
1 1046 164
1 1047 179
1 1048 148
1 1049 178
1 1050 168
1 1051 154
1 45 167
1 1052 168
1 1053 157
1 1054 170
1 1055 166
1 1056 164
1 1057 163
1 1058 169
1 1059 155
1 1060 158
1 1061 161
1 1062 147
1 1063 148
1 1064 159
1 1065 175
1 1066 162
1 1067 166
1 1068 148
1 8 144
1 1069 175
1 1070 176
1 1071 170
1 1072 148
1 1073 151
1 1074 166
1 1075 134
1 1076 163
1 1077 158
1 1078 163
1 1079 165
1 1080 148
1 1081 161
1 1082 169
1 1083 170
1 1084 171
1 1085 163
1 1086 156
1 1087 160
1 1088 168
1 1089 178
1 1090 180
1 1091 164
1 1092 155
1 1093 167
1 1094 156
1 1095 165
1 1096 124
1 34 168
1 1097 149
1 1098 152
1 1099 140
1 1100 173
1 1101 149
1 1102 156
1 1103 162
1 1104 152
1 1105 163
1 1106 161
1 1107 149
1 1108 160
1 1109 174
1 1110 162
1 1111 157
1 1112 157
1 1113 135
1 1114 157
1 1115 144
1 1116 156
1 1117 159
1 1118 167
1 1119 163
1 1120 162
1 1121 167
1 1122 152
1 1123 162
1 1124 158
1 1125 154
1 1126 163
1 1127 157
1 1128 154
1 1129 145
1 1130 163
1 1131 152
1 1132 164
1 1133 162
1 1134 161
1 1135 164
1 1136 165
1 1137 154
1 1138 159
1 1139 151
1 1140 157
1 1141 168
1 1142 166
1 1143 168
1 1144 178
1 1145 160
1 1146 148
1 1147 129
1 1148 143
1 1149 165
1 1150 152
1 1151 164
1 1152 163
1 1153 162
1 1154 161
1 1155 170
1 1156 173
1 1157 160
1 1158 131
1 1159 179
1 1160 169
1 1161 161
1 1162 154
1 1163 154
1 1164 152
1 1165 158
1 1166 159
1 1167 149
1 1168 172
1 1169 163
1 1170 160
1 1171 162
1 1172 143
1 1173 144
1 1174 141
1 1175 148
1 1176 138
1 1177 143
1 1178 145
1 1179 152
1 1180 141
1 1181 164
1 1182 167
1 1183 157
1 1184 145
1 1185 161
1 1186 161
1 1187 162
1 1188 170
1 1189 163
1 1190 155
1 1191 165
1 1192 167
1 1193 154
1 1194 164
1 1195 160
1 1196 147
1 1197 143
1 19 161
1 1198 153
1 1199 167
1 1200 145
1 1201 149
1 1202 164
1 11 171
1 1203 149
1 7 156
1 1204 142
1 1205 166
1 1206 170
1 1207 145
1 1208 158
1 1209 165
1 1210 162
1 1211 124
1 1212 151
1 1213 145
1 1214 151
1 1215 152
1 1216 165
1 1217 160
1 1218 162
1 1219 122
1 1220 148
1 1221 158
1 1222 162
1 1223 158
1 1224 151
1 1225 169
1 1226 162
1 43 162
1 1227 145
1 1228 148
1 1229 109
1 1230 125
1 1231 117
1 1232 134
1 1233 141
1 1234 166
1 1235 148
1 1236 166
1 1237 144
1 1238 146
1 1239 162
1 1240 149
1 1241 164
1 1242 125
1 1243 170
1 1244 157
1 1245 155
1 1246 169
1 1247 158
1 1248 153
1 1249 152
1 1250 174
1 1251 162
1 1252 171
1 1253 141
1 1254 138
1 1255 132
1 1256 144
1 1257 167
1 1258 154
1 25 167
1 1259 166
1 1260 157
1 1261 161
1 1262 134
1 1263 166
1 1264 165
1 1265 158
1 1266 169
1 1267 155
1 1268 167
1 1269 168
1 1270 148
1 1271 148
1 1272 162
1 1273 142
1 1274 155
1 1275 154
1 1276 158
1 1277 175
1 1278 158
1 1279 153
1 23 160
1 1280 165
1 1281 161
1 1282 171
1 1283 168
1 1284 165
1 1285 161
1 1286 159
1 1287 168
1 1288 171
1 1289 174
1 1290 155
1 1291 159
1 1292 161
1 1293 175
1 1294 146
1 1295 160
1 1296 143
1 1297 165
1 1298 160
1 1299 144
1 1300 164
1 1301 158
1 1302 162
1 1303 168
1 1304 172
1 1305 165
1 1306 166
1 1307 150
1 1308 155
1 1309 166
1 1310 171
1 1311 154
1 1312 163
1 1313 156
1 1314 152
1 1315 163
1 1316 138
1 1317 155
1 1318 168
1 1319 154
1 1320 150
1 1321 156
1 1322 165
1 1323 159
1 1324 157
1 1325 163
1 1326 147
1 1327 166
1 1328 149
1 1329 141
1 1330 159
1 1331 175
1 1332 148
1 1333 170
1 1334 165
1 1335 171
1 1336 164
1 1337 172
1 1338 155
1 1339 163
1 1340 159
1 1341 167
1 1342 157
1 1343 164
1 1344 156
1 1345 158
1 1346 165
1 1347 162
1 1348 158
1 1349 182
1 1350 164
1 1351 141
1 1352 161
1 1353 147
1 1354 155
1 1355 153
1 1356 168
1 1357 157
1 1358 162
1 1359 175
1 1360 147
1 1361 166
1 1362 167
1 1363 157
1 1364 154
1 15 162
1 1365 161
1 1366 162
1 1367 161
1 1368 169
1 1369 165
1 1370 174
1 1371 167
1 1372 164
1 1373 153
1 1374 161
1 1375 147
1 1376 142
1 1377 166
1 1378 154
1 1379 167
1 1380 151
1 1381 145
1 1382 171
1 1383 153
1 1384 145
1 1385 146
1 1386 162
1 1387 157
1 1388 156
1 1389 175
1 1390 163
1 1391 165
1 1392 159
1 1393 175
1 1394 175
1 1395 166
1 1396 164
1 1397 167
1 1398 176
1 1399 163
1 1400 159
1 1401 149
1 1402 157
1 1403 152
1 1404 158
1 1405 159
1 1406 144
1 1407 158
1 1408 165
1 1409 151
1 1410 185
1 1411 169
1 1412 163
1 1413 161
1 1414 157
1 1415 173
1 1416 173
1 1417 158
1 1418 156
1 1419 176
1 1420 151
1 1421 168
1 1422 153
1 1423 145
1 1424 148
1 1425 174
1 1426 156
1 1427 164
1 1428 158
1 1429 167
1 1430 168
1 1431 161
1 1432 173
1 1433 166
1 1434 141
1 1435 164
1 1436 170
1 1437 175
1 1438 151
1 1439 152
1 1440 169
1 1441 141
1 1442 155
1 1443 176
1 1444 162
1 1445 165
1 1446 157
1 1447 144
1 1448 168
1 1449 169
1 1450 157
1 1451 161
1 1452 162
1 1453 161
1 1454 164
1 1455 172
1 1456 169
1 1457 162
1 6 170
1 1458 171
1 1459 156
1 1460 159
1 1461 165
1 1462 162
1 1463 148
1 1464 146
1 1465 167
1 1466 152
1 1467 141
1 1468 144
1 1469 171
1 1470 175
1 1471 155
1 1472 186
1 1473 160
1 1474 155
1 1475 149
1 1476 167
1 1477 165
1 1478 162
1 1479 172
1 1480 163
1 1481 154
1 1482 162
1 1483 167
1 1484 163
1 1485 169
1 1486 160
1 1487 161
1 1488 146
1 1489 164
1 1490 165
1 1491 146
1 1492 170
1 1493 169
1 1494 159
1 1495 150
1 1496 175
1 1497 162
1 1498 152
1 1499 162
1 1500 168
1 1501 171
1 1502 168
1 1503 157
1 1504 167
1 1505 153
1 1506 171
1 1507 161
1 1508 166
1 1509 162
1 1510 155
1 1511 147
1 1512 171
1 1513 176
1 1514 166
1 1515 163
1 1516 163
1 1517 159
1 1518 160
1 1519 158
1 1520 161
1 1521 156
1 1522 152
1 1523 139
1 1524 159
1 1525 147
1 1526 148
1 1527 171
1 1528 175
1 1529 156
1 1530 135
1 1531 139
1 1532 160
1 1533 159
1 1534 156
1 1535 166
1 1536 161
1 1537 172
1 1538 165
1 1539 153
1 1540 156
1 1541 159
1 1542 156
1 1543 154
1 1544 148
1 1545 149
1 1546 168
1 1547 168
1 1548 161
1 1549 154
1 1550 153
1 1551 157
1 1552 152
1 1553 165
1 1554 171
1 1555 164
1 1556 161
1 1557 164
1 1558 164
1 1559 170
1 1560 175
1 1561 175
1 1562 161
1 1563 158
1 1564 165
1 1565 164
1 1566 183
1 1567 172
1 1568 162
1 1569 145
1 1570 161
1 1571 166
1 1572 174
1 1573 158
1 1574 195
1 1575 153
1 1576 164
1 1577 158
1 1578 167
1 1579 166
1 1580 170
1 1581 157
1 1582 151
1 1583 151
1 1584 140
1 1585 174
1 1586 164
1 1587 154
1 1588 150
1 1589 174
1 1590 159
1 1591 163
1 1592 160
1 1593 167
1 1594 146
1 1595 141
1 1596 165
1 1597 170
1 1598 150
1 1599 164
1 1600 154
1 1601 159
1 1602 153
1 1603 156
1 1604 143
1 1605 161
1 1606 150
1 1607 161
1 1608 158
1 1609 156
1 1610 152
1 1611 139
1 1612 141
1 1613 152
1 1614 157
1 1615 160
1 1616 167
1 1617 166
1 1618 155
1 1619 165
1 1620 174
1 1621 158
1 1622 173
1 1623 161
1 1624 154
1 1625 177
1 1626 147
1 1627 152
1 1628 171
1 1629 149
1 1630 160
1 1631 150
1 1632 170
1 1633 152
1 1634 141
1 1635 149
1 1636 158
1 1637 138
1 1638 165
1 1639 126
1 1640 155
1 1641 164
1 1642 149
1 1643 153
1 1644 154
1 1645 159
1 1646 151
1 1647 160
1 1648 151
1 1649 149
1 1650 141
1 1651 149
1 1652 158
1 1653 160
1 1654 155
1 1655 151
1 1656 159
1 1657 164
1 1658 149
1 1659 149
1 1660 150
1 1661 174
1 1662 134
1 1663 159
1 1664 156
1 1665 154
1 1666 162
1 1667 160
1 1668 165
1 1669 173
1 1670 168
1 1671 174
1 1672 152
1 1673 147
1 1674 132
1 1675 144
1 1676 148
1 1677 158
1 1678 158
1 1679 146
1 1680 143
1 1681 150
1 1682 159
1 1683 168
1 1684 168
1 1685 158
1 1686 160
1 1687 147
1 1688 163
1 1689 152
1 1690 165
1 1691 143
1 1692 161
1 1693 154
1 1694 164
1 1695 167
1 1696 156
1 1697 162
1 1698 157
1 1699 172
1 1700 160
1 1701 153
1 1702 168
1 1703 147
1 1704 157
1 1705 145
1 1706 159
1 1707 147
1 1708 140
1 1709 165
1 1710 149
1 1711 157
1 1712 161
1 1713 167
1 1714 165
1 1715 160
1 1716 149
1 1717 153
1 1718 156
1 1719 159
1 1720 131
1 1721 158
1 1722 161
1 1723 173
1 1724 155
1 1725 150
1 1726 160
1 1727 124
1 1728 170
1 1729 134
1 1730 126
1 1731 169
1 1732 147
1 1733 156
1 1734 156
1 1735 167
1 1736 157
1 1737 152
1 1738 154
1 1739 148
1 1740 142
1 1741 148
1 1742 154
1 1743 159
1 1744 157
1 1745 125
1 1746 157
1 1747 151
1 1748 165
1 1749 158
1 1750 151
1 1751 150
1 1752 171
1 1753 147
1 1754 161
1 1755 161
1 1756 169
1 1757 167
1 1758 157
1 1759 159
1 1760 158
1 1761 151
1 1762 139
1 1763 136
1 1764 172
1 1765 147
1 1766 143
1 1767 161
1 1768 158
1 1769 167
1 1770 160
1 1771 148
1 1772 149
1 1773 152
1 1774 148
1 1775 158
1 1776 162
1 1777 165
1 1778 164
1 1779 170
1 1780 162
1 1781 168
1 1782 159
1 1783 164
1 1784 164
1 1785 146
1 1786 168
1 1787 143
1 1788 166
1 1789 151
1 1790 163
1 1791 144
1 1792 162
1 1793 163
1 1794 161
1 1795 149
1 1796 170
1 1797 158
1 1798 161
1 1799 139
1 1800 177
1 1801 158
1 1802 163
1 1803 174
1 1804 156
1 1805 168
1 1806 162
1 1807 173
1 1808 166
1 1809 167
1 1810 162
1 1811 169
1 1812 165
1 1813 167
1 1814 163
1 1815 151
1 1816 155
1 1817 133
1 1818 166
1 1819 156
1 1820 165
1 1821 169
1 1822 168
1 1823 159
1 1824 149
1 1825 159
1 1826 157
1 1827 168
1 1828 159
1 1829 175
1 1830 174
1 1831 174
1 1832 174
1 1833 162
1 1834 182
1 1835 152
1 1836 159
1 1837 172
1 1838 152
1 1839 160
1 1840 147
1 1841 143
1 1842 160
1 1843 167
1 1844 155
1 1845 158
1 1846 164
1 1847 167
1 1848 150
1 1849 154
1 1850 147
1 1851 149
1 1852 150
1 1853 152
1 1854 153
1 1855 147
1 1856 171
1 1857 172
1 1858 168
1 1859 158
1 1860 168
1 1861 161
1 1862 170
1 1863 157
1 1864 153
1 1865 169
1 1866 176
1 1867 171
1 1868 168
1 1869 151
1 1870 153
1 1871 159
1 1872 153
1 1873 166
1 1874 164
1 1875 161
1 1876 153
1 1877 161
1 1878 159
1 1879 156
1 1880 178
1 1881 167
1 1882 171
1 1883 147
1 1884 165
1 1885 169
1 1886 149
1 1887 150
1 1888 171
1 1889 145
1 1890 150
1 1891 167
1 1892 176
1 1893 149
1 1894 139
1 1895 141
1 1896 169
1 1897 168
1 1898 151
1 1899 152
1 1900 129
1 1901 163
1 1902 151
1 1903 146
1 1904 147
1 1905 140
1 1906 174
1 1907 164
1 1908 161
1 1909 146
1 1910 167
1 1911 156
1 1912 145
1 1913 164
1 1914 161
1 1915 170
1 1916 165
1 1917 165
1 1918 171
1 1919 171
1 1920 153
1 1921 146
1 1922 163
1 1923 158
1 1924 161
1 1925 140
1 1926 158
1 1927 152
1 1928 167
1 1929 150
1 1930 156
1 1931 141
1 1932 172
1 1933 163
1 1934 169
1 1935 143
1 1936 148
1 1937 155
1 1938 154
1 1939 148
1 1940 166
1 1941 162
1 1942 164
1 1943 160
1 1944 171
1 1945 152
1 1946 167
1 1947 157
1 1948 162
1 1949 171
1 1950 148
1 1951 161
1 1952 164
1 1953 140
1 1954 133
1 1955 154
1 1956 162
1 1957 172
1 1958 156
1 1959 162
1 1960 157
1 1961 174
1 1962 163
1 1963 167
1 1964 156
1 1965 161
1 1966 158
1 1967 161
1 1968 141
1 1969 149
1 1970 151
1 1971 149
1 1972 145
1 1973 153
1 1974 134
1 1975 142
1 1976 160
1 1977 159
1 1978 172
1 1979 165
1 1980 145
1 1981 157
1 1982 158
1 1983 163
1 1984 175
1 1985 164
1 1986 138
1 1987 167
1 1988 165
1 1989 151
1 1990 164
1 1991 156
1 1992 170
1 1993 173
1 1994 131
1 1995 151
1 1996 143
1 1997 143
1 1998 157
1 1999 163
1 2000 163
1 2001 166
1 2002 156
1 2003 167
1 2004 141
1 2005 160
1 2006 153
1 2007 145
1 2008 145
