FID  CapYear MumID
1 2009 2014 8800
1 2010 2014 7692
1 2011 2014 7486
1 2012 2014 9023
1 2013 2015 8358
1 2014 2015 7205
1 2015 2015 6690
1 2016 2015 6408
1 2017 2015 7108
1 2018 2015 7109
1 2019 2015 7185
1 2020 2015 7185
1 2021 2015 6666
1 2022 2015 7560
1 2023 2015 6625
1 2024 2015 8714
1 2025 2015 8731
1 2026 2015 10451
1 2027 2015 7172
1 2028 2015 7576
1 2029 2015 8798
1 2030 2015 6118
1 2031 2015 8240
1 2032 2015 6644
1 2033 2015 8312
1 2034 2015 7262
1 2035 2015 8716
1 2036 2015 7472
1 2037 2015 8730
1 2038 2015 8751
1 2039 2015 6678
1 2040 2015 6866
1 2041 2015 6937
1 2042 2015 7230
1 2043 2015 7230
1 2044 2015 8758
1 2045 2015 10449
1 2046 2015 7476
1 2047 2015 7241
1 2048 2015 8265
1 2049 2015 8265
1 2050 2015 7267
1 2051 2015 7245
1 2052 2015 7131
1 2053 2015 7131
1 2054 2015 8762
1 2055 2015 9119
1 2056 2015 6930
1 2057 2015 6724
1 2058 2015 6958
1 2059 2015 8734
1 2060 2015 9169
1 2061 2015 7593
1 2062 2015 6827
1 2063 2015 6827
1 2064 2015 8258
1 2065 2015 9212
1 2066 2015 6938
1 2067 2015 6683
1 2068 2015 8790
1 2069 2015 6851
1 2070 2015 8794
1 2071 2015 6929
1 2072 2015 8974
1 2073 2015 8811
1 2074 2015 9036
1 2075 2015 9023
1 2076 2015 6679
1 2077 2015 7043
1 2078 2015 7157
1 2079 2015 6945
1 2080 2015 6945
1 2081 2015 7215
1 2082 2015 7115
1 2083 2015 7053
1 2084 2015 7575
1 2085 2015 8804
1 2086 2015 6770
1 2087 2015 5490
1 2088 2015 7542
1 2089 2015 8812
1 2090 2015 6900
1 2091 2015 9240
1 2092 2015 10450
1 2093 2015 6969
1 2094 2015 6969
1 2095 2015 8965
1 2096 2015 8327
1 2097 2015 9211
1 2098 2015 6726
1 2099 2015 8506
1 2100 2015 6663
1 2101 2015 6916
1 2102 2015 7206
1 2103 2015 6948
1 2104 2015 7163
1 2105 2015 9029
1 2106 2015 6962
1 2107 2015 6682
1 2108 2015 6967
1 2109 2015 7692
1 2110 2015 6348
1 2111 2016 8958
1 2112 2016 6690
1 2113 2016 8734
1 2114 2016 8780
1 2115 2016 9093
1 2116 2016 8811
1 2117 2016 8729
1 2118 2016 9246
1 2119 2016 9207
1 2120 2016 10451
1 2121 2016 8759
1 2122 2016 7241
1 2123 2016 8730
1 2124 2016 8731
1 2125 2016 7574
1 2126 2016 8718
1 2127 2016 6777
1 2128 2016 8240
1 2129 2016 8751
1 2130 2016 7172
1 2131 2016 8715
1 2132 2016 9086
1 2133 2016 9242
1 2134 2016 7560
1 2135 2016 7576
1 2136 2016 7576
1 2137 2016 7476
1 2138 2016 9214
1 2139 2016 6930
1 2140 2016 8265
1 2141 2016 6644
1 2142 2016 8758
1 2143 2016 6827
1 2144 2016 6866
1 2145 2016 8756
1 2146 2016 9119
1 2147 2016 6892
1 2148 2016 8965
1 2149 2016 8510
1 2150 2016 7143
1 2151 2016 9212
1 2152 2016 8790
1 2153 2016 7472
1 2154 2016 9805
1 2155 2016 6982
1 2156 2016 8749
1 2157 2016 8783
1 2158 2016 9258
1 2159 2016 7185
1 2160 2016 7185
1 2161 2016 7575
1 2162 2016 9240
1 2163 2016 9169
1 2164 2016 8720
1 2165 2016 9841
1 2166 2016 9769
1 2167 2016 8712
1 2168 2016 9083
1 2169 2016 11077
1 2170 2016 8725
1 2171 2016 9208
1 2172 2016 6945
1 2173 2016 7486
1 2174 2016 7542
1 2175 2016 8258
1 2176 2016 8744
1 2177 2016 6851
1 2178 2016 7228
1 2179 2016 6938
1 2180 2016 7262
1 2181 2016 10448
1 2182 2016 8812
1 2183 2016 9074
1 2184 2016 7454
1 2185 2016 6969
1 2186 2016 6679
1 2187 2016 7230
1 2188 2016 6348
1 2189 2016 6967
1 2190 2016 7227
1 2191 2016 9023
1 2192 2016 9165
1 2193 2017 7262
1 2194 2017 9759
1 2195 2017 9075
1 2196 2017 9843
1 2197 2017 11121
1 2198 2017 7055
1 2199 2017 9093
1 2200 2017 6644
1 2201 2017 8800
1 2202 2017 8721
1 2203 2017 8734
1 2204 2017 8714
1 2205 2017 8787
1 2206 2017 7700
1 2207 2017 7560
1 2208 2017 8730
1 2209 2017 7459
1 2210 2017 10180
1 2211 2017 10115
1 2212 2017 6827
1 2213 2017 8729
1 2214 2017 9246
1 2215 2017 9797
1 2216 2017 9833
1 2217 2017 9793
1 2218 2017 8731
1 2219 2017 9165
1 2220 2017 8811
1 2221 2017 8811
1 2222 2017 8751
1 2223 2017 7205
1 2224 2017 7133
1 2225 2017 9251
1 2226 2017 8725
1 2227 2017 9214
1 2228 2017 6937
1 2229 2017 9769
1 2230 2017 6348
1 2231 2017 7230
1 2232 2017 7230
1 2233 2017 9827
1 2234 2017 10347
1 2235 2017 8762
1 2236 2017 7063
1 2237 2017 6938
1 2238 2017 8240
1 2239 2017 8240
1 2240 2017 8749
1 2241 2017 9208
1 2242 2017 7194
1 2243 2017 9086
1 2244 2017 7131
1 2245 2017 9211
1 2246 2017 8785
1 2247 2017 8758
1 2248 2017 7576
1 2249 2017 7576
1 2250 2017 10191
1 2251 2017 10231
1 2252 2017 6958
1 2253 2017 9036
1 2254 2017 9849
1 2255 2017 6930
1 2256 2017 8780
1 2257 2017 7486
1 2258 2017 8783
1 2259 2017 9030
1 2260 2017 9074
1 2261 2017 7142
1 2262 2017 9838
1 2263 2017 6969
1 2264 2017 7144
1 2265 2017 9016
1 2266 2017 7056
1 2267 2017 7056
1 2268 2017 5490
1 2269 2017 6679
1 2270 2017 6690
1 2271 2017 8812
1 2272 2017 7252
1 2273 2017 7053
1 2274 2017 10190
1 2275 2017 8804
1 2276 2017 9060
1 2277 2017 7596
1 2278 2017 7542
1 2279 2017 9834
1 2280 2017 9768
1 2281 2017 10443
1 2282 2017 9125
1 2283 2017 7458
1 2284 2017 8807
1 2285 2017 6967
1 2286 2017 7587
1 2287 2018 9246
1 2288 2018 8729
1 2289 2018 8714
1 2290 2018 9843
1 2291 2018 11076
1 2292 2018 6837
1 2293 2018 9093
1 2294 2018 8721
1 2295 2018 8744
1 2296 2018 9822
1 2297 2018 10220
1 2298 2018 9207
1 2299 2018 7205
1 2300 2018 9216
1 2301 2018 10180
1 2302 2018 7133
1 2303 2018 8749
1 2304 2018 8751
1 2305 2018 6583
1 2306 2018 10191
1 2307 2018 9060
1 2308 2018 10293
1 2309 2018 10443
1 2310 2018 9023
1 2311 2018 7560
1 2312 2018 10237
1 2313 2018 10347
1 2314 2018 11388
1 2315 2018 8780
1 2316 2018 8794
1 2317 2018 9030
1 2318 2018 11389
1 2319 2018 11389
1 2320 2018 8510
1 2321 2018 7576
1 2322 2018 7142
1 2323 2018 8790
1 2324 2018 9833
1 2325 2018 10575
1 2326 2018 11075
1 2327 2018 7587
1 2328 2018 10438
1 2329 2018 9827
1 2330 2018 8258
1 2331 2018 6945
1 2332 2018 8758
1 2333 2018 8506
1 2334 2018 6990
1 2335 2018 8811
1 2336 2018 8811
1 2337 2018 7486
1 2338 2018 9016
1 2339 2018 8327
1 2340 2018 10243
1 2341 2018 9029
1 2342 2018 6969
1 2343 2018 9805
1 2344 2018 9805
1 2345 2018 6943
1 2346 2018 10448
1 2347 2018 9074
1 2348 2018 11386
1 2349 2018 8730
1 2350 2018 11390
1 2351 2018 7574
1 2352 2018 7542
1 2353 2018 9075
1 2354 2018 9784
1 2355 2018 9795
1 2356 2019 9257
1 2357 2019 8714
1 2358 2019 9165
1 2359 2019 7454
1 2360 2019 9822
1 2361 2019 9246
1 2362 2019 11389
1 2363 2019 9207
1 2364 2019 9207
1 2365 2019 7576
1 2366 2019 10613
1 2367 2019 9769
1 2368 2019 10642
1 2369 2019 10347
1 2370 2019 8486
1 2371 2019 7205
1 2372 2019 6644
1 2373 2019 11076
1 2374 2019 10515
1 2375 2019 7142
1 2376 2019 8751
1 2377 2019 10567
1 2378 2019 8731
1 2379 2019 8731
1 2380 2019 10231
1 2381 2019 9060
1 2382 2019 10575
1 2383 2019 9083
1 2384 2019 7486
1 2385 2019 10220
1 2386 2019 8780
1 2387 2019 10180
1 2388 2019 9023
1 2389 2019 9817
1 2390 2019 7560
1 2391 2019 7560
1 2392 2019 10293
1 2393 2019 10255
1 2394 2019 8758
1 2395 2019 10527
1 2396 2019 11597
1 2397 2019 9841
1 2398 2019 9841
1 2399 2019 9805
1 2400 2019 9805
1 2401 2019 8510
1 2402 2019 11541
1 2403 2019 10351
1 2404 2019 10594
1 2405 2019 10594
1 2406 2019 10622
1 2407 2019 9784
1 2408 2019 11806
1 2409 2019 9216
1 2410 2019 10190
1 2411 2019 8730
1 2412 2019 10237
1 2413 2019 8327
1 2414 2019 9827
1 2415 2019 7458
1 2416 2019 9169
1 2417 2019 9795
1 2418 2019 8506
1 2419 2019 8506
1 2420 2019 6969
1 2421 2019 6969
1 2422 2019 8811
1 2423 2019 8811
1 2424 2019 8744
1 2425 2019 10618
1 2426 2019 11561
1 2427 2019 9074
1 2428 2019 9904
1 2429 2019 6663
1 2430 2019 6663
1 2431 2019 11077
1 2432 2019 6967
1 2433 2019 9093
1 2434 2019 8807
1 2435 2019 10626
1 2436 2019 10626
1 2437 2020 8798
1 2438 2020 9822
1 2439 2020 8729
1 2440 2020 8730
1 2441 2020 10220
1 2442 2020 10527
1 2443 2020 9827
1 2444 2020 8327
1 2445 2020 10594
1 2446 2020 10594
1 2447 2020 8751
1 2448 2020 8751
1 2449 2020 11620
1 2450 2020 7542
1 2451 2020 10632
1 2452 2020 10443
1 2453 2020 11568
1 2454 2020 11076
1 2455 2020 10347
1 2456 2020 11202
1 2457 2020 9246
1 2458 2020 11189
1 2459 2020 8721
1 2460 2020 10633
1 2461 2020 9817
1 2462 2020 11805
1 2463 2020 11508
1 2464 2020 11621
1 2465 2020 10180
1 2466 2020 11228
1 2467 2020 10438
1 2468 2020 10438
1 2469 2020 11812
1 2470 2020 11806
1 2471 2020 7587
1 2472 2020 11571
1 2473 2020 9060
1 2474 2020 11390
1 2475 2020 11575
1 2476 2020 9086
1 2477 2020 8510
1 2478 2020 10549
1 2479 2020 9904
1 2480 2020 8780
1 2481 2020 10293
1 2482 2020 11389
1 2483 2020 9769
1 2484 2020 10613
1 2485 2021 10191
1 2486 2021 10191
1 2487 2021 8714
1 2488 2021 11222
1 2489 2021 11891
1 2490 2021 -2703
1 2491 2021 9023
1 2492 2021 11388
1 2493 2021 11393
1 2494 2021 11819
1 2495 2021 11508
1 2496 2021 10642
1 2497 2021 10443
1 2498 2021 8759
1 2499 2021 11568
1 2500 2021 11803
1 2501 2021 11549
1 2502 2021 11805
1 2503 2021 8751
1 2504 2021 9211
1 2505 2021 10567
1 2506 2021 10575
1 2507 2021 11635
1 2508 2021 11521
1 2509 2021 11915
1 2510 2021 10347
1 2511 2021 11075
1 2512 2021 11075
1 2513 2021 9759
1 2514 2021 10251
1 2515 2021 8730
1 2516 2021 11998
1 2517 2021 11228
1 2518 2021 11606
1 2519 2021 10527
1 2520 2021 11571
1 2521 2021 11618
1 2522 2021 11604
1 2523 2021 11582
1 2524 2021 11812
1 2525 2021 11202
1 2526 2021 11569
1 2527 2021 10180
1 2528 2021 9240
1 2529 2021 10220
1 2530 2021 10518
1 2531 2021 9030
1 2532 2021 9216
1 2533 2021 11949
1 2534 2021 9075
1 2535 2021 8790
1 2536 2021 8790
1 2537 2021 11799
1 2538 2021 9827
1 2539 2021 10438
1 2540 2021 10438
1 2541 2021 11560
1 2542 2021 8811
1 2543 2021 7542
1 2544 2021 10216
1 2545 2021 8258
1 2546 2021 9795
1 2547 2021 11631
1 2548 2021 11594
1 2549 2021 11974
1 2550 2021 11989
1 2551 2021 11580
1 2552 2021 8758
1 2553 2021 8780
1 2554 2021 9904
1 2555 2021 9769
1 2556 2021 10255
1 2557 2021 11597
1 2558 2021 10628
1 2559 2021 11581
1 2560 2021 9812
1 2561 2021 10190
1 2562 2021 10237
1 2563 2021 10622
1 2564 2021 10594
1 2565 2021 9822
1 2566 2021 11987
1 2567 2021 9217
1 2568 2021 7157
1  2021 11950
1 2569 2021 10115
1 2570 2021 12513
1 2571 2021 10451
1 2572 2021 11923
1 2573 2021 11972
1 2574 2021 8712
1 2575 2021 10348
1 2576 2021 12038
1 56 1988 1089
1 40 1988 1072
1 57 1988 899
1 58 1988 904
1 52 1988 1095
1 59 1988 1246
1 60 1988 747
1 61 1988 905
1 62 1988 1554
1 63 1988 29
1 64 1989 1073
1 48 1989 577
1 65 1989 1887
1 66 1989 1082
1 67 1989 1109
1 68 1989 1251
1 69 1989 1079
1 70 1989 1082
1 71 1989 1586
1 72 1989 1072
1 73 1990 1226
1 74 1990 1741
1 75 1990 1094
1 76 1990 1662
1 77 1990 1080
1 78 1990 906
1 79 1990 1259
1 53 1990 1664
1 80 1990 1664
1 81 1990 29
1 82 1990 1109
1 83 1990 1082
1 84 1990 1821
1 85 1990 1255
1 86 1990 1079
1 87 1990 2053
1 88 1990 1877
1 89 1990 2175
1 90 1990 2120
1 91 1990 1251
1 92 1990 2169
1 93 1990 749
1 94 1990 2171
1 95 1990 577
1 96 1990 1225
1 97 1990 1243
1 98 1990 2067
1 99 1990 2179
1 51 1990 21
1 100 1990 1586
1 101 1990 1083
1 46 1990 1660
1 102 1990 2105
1 103 1990 36
1 104 1990 29
1 105 1990 1077
1 106 1990 1078
1 107 1990 1769
1 108 1990 2164
1 109 1990 2178
1 110 1990 2163
1 111 1990 1251
1 112 1990 1082
1 113 1990 1891
1 114 1990 1877
1 37 1990 755
1 115 1990 2214
1 116 1990 1252
1 117 1990 2167
1 118 1990 1757
1 119 1990 1252
1 120 1990 1784
1 121 1990 2073
1 122 1990 1880
1 123 1991 1080
1 124 1991 1835
1 125 1991 2245
1 126 1991 425
1 127 1991 2176
1 128 1991 2165
1 129 1991 904
1 130 1991 577
1 131 1991 577
1 132 1991 2163
1 133 1991 1288
1 134 1991 2273
1 135 1991 755
1 136 1991 2066
1 137 1991 2363
1 138 1991 1097
1 139 1991 1825
1 140 1991 1825
1 141 1991 1899
1 142 1991 1899
1 143 1991 2143
1 144 1991 1098
1 145 1991 2291
1 146 1991 1101
1 147 1991 1101
1 148 1991 1242
1 149 1991 1242
1 150 1991 2164
1 151 1991 2164
1 152 1991 2341
1 153 1991 2178
1 154 1991 2172
1 49 1991 1741
1 44 1991 1259
1 155 1991 1090
1 156 1991 1090
1 157 1991 567
1 158 1991 906
1 159 1991 906
1 160 1991 1664
1 161 1991 1664
1 162 1991 1757
1 163 1991 1757
1 164 1991 1887
1 165 1991 1887
1 42 1991 2076
1 166 1991 2177
1 167 1991 1095
1 168 1991 1769
1 169 1991 1769
1 170 1991 36
1 171 1991 1072
1 172 1991 2167
1 173 1991 1255
1 174 1991 54
1 175 1991 29
1 176 1991 2353
1 177 1991 1109
1 178 1991 1109
1 179 1991 1262
1 55 1991 2366
1 180 1991 1660
1 181 1991 1083
1 182 1991 1820
1 183 1991 1820
1 184 1991 2374
1 185 1991 1880
1 186 1991 2064
1 187 1991 1554
1 188 1991 1663
1 189 1991 2175
1 190 1991 2073
1 191 1991 1079
1 192 1991 1252
1 193 1991 2262
1 194 1991 2315
1 195 1991 751
1 196 1991 1784
1 197 1991 2073
1 198 1991 1885
1 199 1991 1225
1 200 1991 749
1 201 1991 30
1 41 1991 2120
1 202 1991 905
1 203 1992 2245
1 204 1992 2349
1 205 1992 2178
1 206 1992 2323
1 207 1992 2375
1 208 1992 2262
1 209 1992 1741
1 210 1992 1882
1 211 1992 577
1 212 1992 1757
1 213 1992 1097
1 214 1992 2260
1 215 1992 2164
1 216 1992 1259
1 217 1992 2143
1 218 1992 2075
1 219 1992 1256
1 220 1992 1552
1 221 1992 905
1 222 1992 2363
1 38 1992 1080
1 223 1992 2353
1 224 1992 1258
1 225 1992 1885
1 226 1992 1662
1 227 1992 1072
1 228 1992 910
1 229 1992 1255
1 230 1992 1649
1 231 1992 1880
1 232 1992 1663
1 233 1992 1288
1 234 1992 1251
1 31 1992 1244
1 235 1992 1891
1 236 1992 2167
1 237 1992 1553
1 238 1992 2169
1 239 1992 2076
1 240 1992 2177
1 241 1992 1246
1 242 1992 1246
1 243 1992 2292
1 244 1992 36
1 245 1992 1877
1 246 1992 21
1 247 1992 2369
1 248 1992 30
1 249 1992 2073
1 250 1992 1664
1 251 1992 2073
1 252 1992 1089
1 253 1992 2164
1 254 1992 1660
1 255 1992 2066
1 256 1992 1877
1 257 1992 415
1 258 1992 2071
1 259 1993 2223
1 260 1993 2431
1 261 1993 2379
1 262 1993 2176
1 263 1993 2460
1 264 1993 2260
1 265 1993 2356
1 266 1993 2356
1 47 1993 2364
1 267 1993 2164
1 268 1993 2164
1 269 1993 2363
1 270 1993 1246
1 271 1993 1246
1 272 1993 2146
1 273 1993 2479
1 274 1993 2409
1 275 1993 2172
1 276 1993 2163
1 277 1993 577
1 278 1993 577
1 24 1993 2462
1 279 1993 2066
1 280 1993 2170
1 281 1993 2353
1 282 1993 1255
1 283 1993 1664
1 284 1993 2236
1 285 1993 2323
1 286 1993 2323
1 287 1993 1225
1 288 1993 2366
1 289 1993 2643
1 22 1993 2572
1 290 1993 2341
1 291 1993 2349
1 292 1993 1899
1 293 1993 1899
1 294 1993 1259
1 295 1993 2252
1 296 1993 2374
1 297 1993 2214
1 298 1993 2214
1 299 1993 2169
1 300 1993 2368
1 301 1993 2368
1 302 1993 2523
1 303 1993 2167
1 304 1993 2706
1 305 1993 2355
1 306 1993 2465
1 307 1993 2177
1 308 1993 2069
1 309 1993 1660
1 310 1993 1242
1 311 1993 1242
1 312 1993 1262
1 313 1993 1262
1 314 1993 2278
1 315 1993 2536
1 316 1993 1880
1 317 1993 2245
1 318 1993 1288
1 319 1993 1288
1 320 1993 2342
1 321 1993 2534
1 322 1993 1554
1 323 1993 1554
1 324 1993 2663
1 325 1993 1877
1 326 1993 2447
1 327 1993 1079
1 328 1993 2358
1 329 1993 2073
1 330 1993 1784
1 331 1993 1834
1 332 1993 2641
1 333 1993 2608
1 334 1993 2698
1 335 1993 2351
1 336 1993 2707
1 337 1993 2076
1 338 1993 2365
1 339 1993 2377
1 340 1993 2073
1 341 1994 2360
1 342 1994 2431
1 343 1994 2358
1 344 1994 2363
1 345 1994 2364
1 346 1994 1825
1 347 1994 2676
1 348 1994 2365
1 349 1994 2341
1 350 1994 2362
1 351 1994 2165
1 352 1994 2361
1 353 1994 2409
1 354 1994 2172
1 355 1994 2169
1 356 1994 905
1 357 1994 2572
1 358 1994 2163
1 359 1994 2637
1 360 1994 2369
1 361 1994 2177
1 362 1994 2356
1 363 1994 1757
1 364 1994 1259
1 365 1994 1255
1 366 1994 1899
1 367 1994 2376
1 368 1994 2236
1 369 1994 2421
1 370 1994 2359
1 371 1994 2644
1 372 1994 2323
1 373 1994 2323
1 374 1994 2075
1 375 1994 2536
1 376 1994 2373
1 377 1994 2342
1 5 1994 2375
1 378 1994 1072
1 379 1994 2366
1 380 1994 1821
1 381 1994 1663
1 382 1994 2069
1 383 1994 1649
1 384 1994 1649
1 385 1994 1225
1 386 1994 1877
1 387 1994 2073
1 388 1994 2073
1 389 1994 2534
1 390 1994 1891
1 391 1994 2804
1 392 1994 1887
1 393 1994 1885
1 394 1994 1885
1 395 1994 1660
1 396 1994 1784
1 397 1994 1834
1 398 1994 2658
1 399 1994 2617
1 400 1994 1876
1 401 1994 2374
1 402 1994 2686
1 403 1994 2292
1 404 1994 2571
1 405 1994 1242
1 406 1995 2339
1 407 1995 2364
1 408 1995 2323
1 409 1995 2379
1 410 1995 2245
1 411 1995 2479
1 412 1995 2363
1 413 1995 2066
1 414 1995 2167
1 415 1995 2807
1 416 1995 2829
1 417 1995 2172
1 418 1995 2178
1 419 1995 2218
1 420 1995 1741
1 421 1995 2460
1 422 1995 2908
1 423 1995 2361
1 424 1995 2617
1 425 1995 2409
1 426 1995 2262
1 427 1995 2262
1 428 1995 2607
1 429 1995 2177
1 430 1995 2375
1 431 1995 2572
1 432 1995 2163
1 433 1995 2706
1 434 1995 2572
1 435 1995 1664
1 436 1995 2353
1 437 1995 2536
1 438 1995 2369
1 39 1995 30
1 439 1995 2075
1 440 1995 2644
1 441 1995 2365
1 442 1995 2365
1 443 1995 2631
1 33 1995 2421
1 444 1995 2421
1 445 1995 1876
1 446 1995 1649
1 447 1995 2071
1 448 1995 2073
1 449 1995 2073
1 450 1995 2707
1 14 1995 2377
1 451 1995 2699
1 452 1995 2641
1 453 1995 2417
1 30 1995 2658
1 454 1995 2698
1 455 1995 2695
1 456 1995 2830
1 457 1995 2637
1 458 1995 2376
1 459 1995 2447
1 460 1995 1757
1 461 1995 2064
1 462 1995 2686
1 463 1995 2545
1 464 1996 2170
1 465 1996 2341
1 466 1996 2341
1 467 1996 2176
1 468 1996 2853
1 469 1996 2623
1 470 1996 2623
1 471 1996 2443
1 472 1996 1664
1 473 1996 2260
1 50 1996 3009
1 474 1996 2375
1 475 1996 2363
1 476 1996 2807
1 477 1996 2245
1 478 1996 2800
1 479 1996 2861
1 480 1996 2697
1 481 1996 2903
1 482 1996 2376
1 483 1996 3111
1 484 1996 3088
1 485 1996 3237
1 486 1996 3259
1 487 1996 2409
1 488 1996 2178
1 489 1996 2178
1 490 1996 2163
1 491 1996 2163
1 492 1996 2572
1 493 1996 2688
1 494 1996 3241
1 495 1996 2842
1 496 1996 2842
1 497 1996 2963
1 498 1996 2368
1 499 1996 2612
1 500 1996 2834
1 501 1996 2707
1 502 1996 2931
1 503 1996 3260
1 504 1996 2536
1 505 1996 2169
1 506 1996 2631
1 507 1996 2830
1 508 1996 2064
1 509 1996 3250
1 510 1996 2637
1 511 1996 2172
1 512 1996 3201
1 513 1996 1891
1 514 1996 2377
1 515 1996 2658
1 516 1996 2658
1 517 1996 3123
1 518 1996 2523
1 519 1996 2799
1 520 1996 2073
1 521 1996 2073
1 522 1996 2069
1 523 1996 2421
1 524 1996 2421
1 525 1996 2843
1 526 1996 3299
1 527 1996 1255
1 528 1996 2379
1 529 1996 3226
1 530 1996 2641
1 531 1996 2641
1 532 1996 2695
1 533 1996 3280
1 534 1996 3298
1 535 1996 2214
1 536 1996 3209
1 537 1996 2571
1 538 1996 2698
1 539 1996 3293
1 540 1996 2353
1 54 1996 2076
1 541 1996 2365
1 542 1996 3291
1 543 1996 2617
1 544 1996 2617
1 545 1996 2373
1 546 1996 2373
1 547 1996 2611
1 548 1996 3324
1 549 1996 2676
1 550 1996 2632
1 551 1996 2847
1 552 1996 2460
1 553 1996 2610
1 554 1996 1880
1 555 1996 3248
1 556 1996 2369
1 557 1996 2342
1 558 1997 2245
1 559 1997 2064
1 560 1997 2443
1 561 1997 2379
1 27 1997 2365
1 562 1997 3123
1 563 1997 2640
1 564 1997 3121
1 18 1997 3236
1 565 1997 3222
1 566 1997 1741
1 567 1997 1741
1 568 1997 2323
1 569 1997 2323
1 570 1997 3199
1 571 1997 2697
1 572 1997 2697
1 573 1997 2611
1 574 1997 2623
1 575 1997 2834
1 576 1997 2460
1 577 1997 2409
1 578 1997 2409
1 579 1997 3263
1 580 1997 2631
1 581 1997 2612
1 582 1997 3129
1 583 1997 2572
1 584 1997 2607
1 585 1997 2829
1 586 1997 3250
1 587 1997 3282
1 588 1997 2169
1 589 1997 2366
1 590 1997 2366
1 591 1997 2853
1 592 1997 2842
1 593 1997 3260
1 594 1997 2167
1 595 1997 2841
1 596 1997 2178
1 597 1997 2178
1 598 1997 2223
1 599 1997 2941
1 600 1997 2898
1 601 1997 3076
1 602 1997 2695
1 603 1997 2377
1 604 1997 2908
1 605 1997 2908
1 606 1997 2658
1 607 1997 2658
1 608 1997 2536
1 609 1997 2617
1 610 1997 2617
1 611 1997 2353
1 612 1997 2873
1 613 1997 2177
1 614 1997 3009
1 615 1997 2214
1 616 1997 2686
1 617 1997 2799
1 618 1997 2860
1 619 1997 2292
1 620 1997 2073
1 621 1997 1666
1 622 1997 2374
1 623 1997 2698
1 624 1997 2076
1 625 1997 2787
1 626 1997 1891
1 627 1997 2899
1 628 1997 3533
1 629 1997 2358
1 630 1997 2358
1 631 1997 3027
1 632 1997 2673
1 633 1997 2341
1 634 1997 2707
1 635 1997 2676
1 636 1997 1880
1 637 1997 2641
1 638 1997 2641
1 639 1997 3255
1 640 1997 2342
1 641 1997 3203
1 642 1997 54
1 643 1997 54
1 644 1997 2963
1 645 1997 3111
1 646 1997 2942
1 647 1998 2861
1 648 1998 2066
1 649 1998 2176
1 650 1998 3123
1 651 1998 3260
1 652 1998 2623
1 653 1998 3552
1 654 1998 2617
1 655 1998 2421
1 656 1998 2421
1 657 1998 2163
1 658 1998 3276
1 659 1998 3222
1 660 1998 3577
1 661 1998 2572
1 662 1998 2847
1 663 1998 2178
1 664 1998 2706
1 665 1998 2409
1 666 1998 3239
1 667 1998 3300
1 668 1998 3214
1 669 1998 2637
1 670 1998 2637
1 671 1998 2353
1 672 1998 2353
1 673 1998 3478
1 674 1998 2245
1 675 1998 2460
1 676 1998 2963
1 677 1998 2963
1 678 1998 2260
1 679 1998 3236
1 680 1998 75
1 681 1998 2369
1 682 1998 2834
1 683 1998 2834
1 684 1998 2853
1 685 1998 2941
1 686 1998 2941
1 687 1998 2073
1 688 1998 2073
1 689 1998 3009
1 690 1998 2476
1 691 1998 3289
1 692 1998 2640
1 693 1998 2860
1 694 1998 2830
1 695 1998 3291
1 696 1998 2861
1 697 1998 3255
1 698 1998 2707
1 699 1998 2536
1 700 1998 3307
1 701 1998 2695
1 702 1998 2479
1 703 1998 2262
1 704 1998 2262
1 705 1998 2931
1 706 1998 2607
1 707 1998 3428
1 708 1998 2168
1 709 1998 2597
1 710 1998 3326
1 711 1998 2534
1 712 1998 2799
1 713 1998 2873
1 714 1998 3282
1 715 1998 2787
1 716 1998 3490
1 717 1998 2075
1 718 1998 3027
1 719 1998 2699
1 720 1998 2906
1 721 1998 2236
1 722 1998 2376
1 723 1998 3564
1 724 1998 2683
1 725 1998 2892
1 726 1998 3203
1 727 1998 2361
1 728 1998 2278
1 729 1998 2377
1 730 1998 3111
1 731 1998 2964
1 732 1998 2673
1 733 1998 1880
1 734 1998 2292
1 735 1998 2358
1 36 1998 3567
1 736 1998 3273
1 737 1998 2378
1 738 1998 2899
1 739 1998 3592
1 740 1998 2942
1 741 1998 3198
1 742 1998 3538
1 743 1998 2612
1 744 1999 2379
1 745 1999 2829
1 746 1999 2479
1 747 1999 3440
1 748 1999 3201
1 749 1999 2853
1 29 1999 3552
1 750 1999 3214
1 26 1999 3571
1 751 1999 3002
1 752 1999 3330
1 753 1999 3300
1 754 1999 3202
1 755 1999 3259
1 756 1999 3048
1 757 1999 2323
1 21 1999 3471
1 758 1999 3469
1 759 1999 2800
1 760 1999 3111
1 761 1999 3414
1 762 1999 2668
1 763 1999 3009
1 764 1999 3291
1 765 1999 3282
1 17 1999 2841
1 766 1999 3248
1 767 1999 2706
1 768 1999 3129
1 769 1999 3203
1 770 1999 2834
1 771 1999 2834
1 772 1999 2597
1 773 1999 2787
1 774 1999 3564
1 775 1999 3255
1 776 1999 53
1 777 1999 2931
1 778 1999 2860
1 779 1999 3420
1 780 1999 3076
1 781 1999 3250
1 782 1999 2342
1 783 1999 54
1 784 1999 2799
1 785 1999 2908
1 786 1999 2908
1 787 1999 3237
1 788 1999 3224
1 789 1999 2699
1 13 1999 3538
1 790 1999 3443
1 791 1999 2873
1 792 1999 3607
1 793 1999 2460
1 794 1999 2659
1 795 1999 2892
1 796 1999 2942
1 797 1999 3589
1 798 1999 3273
1 799 1999 2703
1 800 1999 3704
1 10 1999 3316
1 801 1999 3759
1 802 1999 4301
1 803 1999 3567
1 804 1999 3198
1 805 1999 2927
1 806 1999 2784
1 807 1999 3473
1 808 1999 3303
1 809 1999 3738
1 4 1999 2066
1 810 1999 2223
1 811 1999 2223
1 812 2000 2941
1 813 2000 2941
1 814 2000 3248
1 815 2000 3440
1 816 2000 75
1 817 2000 3659
1 818 2000 3202
1 819 2000 3968
1 820 2000 3469
1 821 2000 3759
1 822 2000 3954
1 823 2000 2549
1 824 2000 4217
1 825 2000 3725
1 826 2000 2834
1 827 2000 2834
1 828 2000 3123
1 829 2000 3250
1 830 2000 3203
1 831 2000 3300
1 832 2000 2706
1 9 2000 2706
1 833 2000 3885
1 834 2000 3303
1 835 2000 3471
1 3 2000 3471
1 836 2000 3316
1 837 2000 2819
1 838 2000 4103
1 839 2000 3641
1 840 2000 3564
1 841 2000 3111
1 842 2000 3762
1 843 2000 3268
1 844 2000 2627
1 845 2000 3255
1 2 2000 3255
1 846 2000 3209
1 847 2000 3592
1 848 2000 2963
1 849 2000 2377
1 850 2000 2787
1 851 2000 3490
1 852 2000 3260
1 853 2000 3291
1 854 2000 3291
1 855 2000 3567
1 856 2000 3567
1 857 2000 2342
1 858 2000 2223
1 859 2000 4170
1 860 2000 3307
1 861 2001 2941
1 862 2001 2941
1 863 2001 3203
1 864 2001 3268
1 865 2001 3268
1 866 2001 3968
1 867 2001 3291
1 868 2001 3471
1 869 2001 3471
1 870 2001 2861
1 871 2001 4217
1 872 2001 4395
1 873 2001 3255
1 874 2001 4051
1 875 2001 3589
1 876 2001 2686
1 877 2001 2597
1 878 2001 2706
1 879 2001 2683
1 880 2001 2460
1 881 2001 3428
1 882 2001 4243
1 883 2001 3641
1 884 2001 3607
1 885 2001 3704
1 886 2001 2847
1 887 2001 4366
1 888 2001 4193
1 889 2001 3255
1 890 2001 4261
1 891 2001 3250
1 892 2001 2873
1 893 2001 4158
1 894 2001 3636
1 895 2001 2847
1 896 2001 3316
1 897 2001 3121
1 898 2001 4517
1 899 2001 2640
1 900 2001 3316
1 901 2001 4161
1 902 2001 4242
1 903 2001 4244
1 904 2001 4104
1 905 2001 4241
1 16 2001 3265
1 906 2001 2703
1 907 2001 4256
1 908 2001 -2650
1 909 2001 3490
1 910 2001 2784
1 911 2001 2787
1 912 2001 3738
1 913 2001 3692
1 914 2001 3692
1 915 2001 4238
1 916 2001 3198
1 917 2001 3330
1 918 2001 4212
1 919 2001 4227
1 920 2001 2908
1 921 2001 3473
1 922 2001 2607
1 923 2001 4309
1 924 2001 30
1 925 2001 4266
1 926 2001 3121
1 927 2001 3202
1 928 2001 2861
1 929 2001 53
1 930 2001 4153
1 931 2001 3954
1 932 2001 3248
1 933 2001 3414
1 934 2001 4314
1 935 2001 3009
1 936 2001 2860
1 937 2001 4239
1 938 2001 4166
1 939 2001 3659
1 940 2001 3659
1 941 2001 3469
1 942 2001 3224
1 943 2001 4183
1 944 2001 4259
1 945 2001 3748
1 946 2002 3209
1 947 2002 3681
1 948 2002 3201
1 949 2002 3881
1 950 2002 3533
1 951 2002 3428
1 952 2002 3076
1 953 2002 3214
1 954 2002 3289
1 955 2002 3725
1 956 2002 3589
1 1 2002 3250
1 957 2002 2706
1 958 2002 4242
1 959 2002 4008
1 960 2002 3259
1 961 2002 3259
1 962 2002 3607
1 35 2002 3248
1 32 2002 3319
1 963 2002 4004
1 964 2002 4308
1 965 2002 4308
1 966 2002 4103
1 967 2002 4103
1 968 2002 3445
1 969 2002 4193
1 970 2002 4407
1 971 2002 3564
1 972 2002 3198
1 973 2002 3692
1 974 2002 3704
1 975 2002 4184
1 976 2002 3662
1 977 2002 4301
1 978 2002 4051
1 979 2002 3762
1 980 2002 4223
1 981 2002 4255
1 982 2002 4361
1 28 2002 3282
1 983 2002 3490
1 984 2002 2787
1 985 2002 3291
1 986 2002 4155
1 987 2002 3592
1 988 2002 3734
1 989 2002 3268
1 990 2002 3268
1 991 2002 3279
1 992 2002 4386
1 993 2002 3303
1 994 2002 3567
1 995 2001 2379
1 996 2001 3279
1 997 2001 -2650
1 998 2003 4184
1 999 2003 3237
1 1000 2003 4575
1 1001 2003 5326
1 1002 2003 4190
1 1003 2003 2640
1 1004 2003 4195
1 1005 2003 4195
1 1006 2003 4161
1 1007 2003 3881
1 1008 2003 3202
1 1009 2003 3202
1 20 2003 4407
1 1010 2003 2787
1 1011 2003 2787
1 1012 2003 3201
1 1013 2003 3201
1 1014 2003 4517
1 1015 2003 5250
1 1016 2003 5076
1 1017 2003 3533
1 1018 2003 4385
1 1019 2003 4314
1 1020 2003 4396
1 1021 2003 3279
1 1022 2003 4467
1 1023 2003 2597
1 1024 2003 4259
1 1025 2003 4051
1 1026 2003 3738
1 1027 2003 5669
1 1028 2003 4258
1 1029 2003 5120
1 1030 2003 4456
1 12 2003 3214
1 1031 2003 3589
1 1032 2003 4410
1 1033 2003 3076
1 1034 2003 3076
1 1035 2003 5133
1 1036 2003 4359
1 1037 2003 4420
1 1038 2003 4395
1 1039 2003 3319
1 1040 2003 3250
1 1041 2003 3250
1 1042 2003 3885
1 1043 2003 4378
1 1044 2003 3268
1 1045 2003 3255
1 1046 2003 5150
1 1047 2003 3303
1 1048 2003 5063
1 1049 2003 4635
1 1050 2003 3490
1 1051 2003 4416
1 45 2003 3564
1 1052 2003 4193
1 1053 2003 5141
1 1054 2003 4386
1 1055 2003 2784
1 1056 2003 3291
1 1057 2003 3291
1 1058 2003 2377
1 1059 2003 3559
1 1060 2003 5084
1 1061 2003 3771
1 1062 2003 3771
1 1063 2003 4473
1 1064 2003 5137
1 1065 2003 2927
1 1066 2003 3782
1 1067 2003 2699
1 1068 2003 2800
1 8 2003 2800
1 1069 2003 4257
1 1070 2003 3704
1 1071 2003 4226
1 1072 2003 5226
1 1073 2003 5107
1 1074 2003 4468
1 1075 2003 5121
1 1076 2003 4335
1 1077 2003 3563
1 1078 2003 5241
1 1079 2003 4399
1 1080 2003 5276
1 1081 2003 3636
1 1082 2003 4432
1 1083 2003 4170
1 1084 2003 4472
1 1085 2003 3748
1 1086 2003 4244
1 1087 2003 4244
1 1088 2003 4004
1 1089 2003 3203
1 1090 2003 3538
1 1091 2003 4346
1 1092 2003 2860
1 1093 2003 2830
1 1094 2003 3945
1 1095 2003 3273
1 1096 2003 5235
1 34 2004 3641
1 1097 2004 3291
1 1098 2004 3291
1 1099 2004 2377
1 1100 2004 4184
1 1101 2004 5152
1 1102 2004 5150
1 1103 2004 3201
1 1104 2004 2640
1 1105 2004 5326
1 1106 2004 4162
1 1107 2004 4335
1 1108 2004 5076
1 1109 2004 4407
1 1110 2004 4346
1 1111 2004 4308
1 1112 2004 4308
1 1113 2004 5232
1 1114 2004 5144
1 1115 2004 2800
1 1116 2004 4004
1 1117 2004 5130
1 1118 2004 3445
1 1119 2004 4420
1 1120 2004 4241
1 1121 2004 3738
1 1122 2004 3268
1 1123 2004 3268
1 1124 2004 4454
1 1125 2004 4454
1 1126 2004 4395
1 1127 2004 4217
1 1128 2004 4217
1 1129 2004 5135
1 1130 2004 4529
1 1131 2004 5635
1 1132 2004 3289
1 1133 2004 3250
1 1134 2004 3250
1 1135 2004 3248
1 1136 2004 4169
1 1137 2004 4103
1 1138 2004 4103
1 1139 2004 4051
1 1140 2004 2706
1 1141 2004 3279
1 1142 2004 5137
1 1143 2004 3589
1 1144 2004 4635
1 1145 2004 4238
1 1146 2004 5111
1 1147 2004 2834
1 1148 2004 2834
1 1149 2004 5107
1 1150 2004 3636
1 1151 2004 4460
1 1152 2004 4467
1 1153 2004 4459
1 1154 2004 4468
1 1155 2004 3564
1 1156 2004 2787
1 1157 2004 4734
1 1158 2004 5495
1 1159 2004 3490
1 1160 2004 4378
1 1161 2004 4305
1 1162 2004 4386
1 1163 2004 4386
1 1164 2004 5061
1 1165 2004 5084
1 1166 2004 3651
1 1167 2004 5141
1 1168 2004 3303
1 1169 2004 4631
1 1170 2004 4258
1 1171 2004 3431
1 1172 2004 5535
1 1173 2004 3563
1 1174 2004 5634
1 1175 2004 5510
1 1176 2004 5471
1 1177 2004 3567
1 1178 2004 3567
1 1179 2004 2784
1 1180 2004 5548
1 1181 2004 3265
1 1182 2004 4155
1 1183 2004 5241
1 1184 2004 5434
1 1185 2004 5121
1 1186 2004 4473
1 1187 2004 4322
1 1188 2004 3796
1 1189 2004 3009
1 1190 2004 2860
1 1191 2004 4008
1 1192 2004 3538
1 1193 2004 5226
1 1194 2004 3236
1 1195 2004 4193
1 1196 2004 2927
1 1197 2004 2927
1 19 2004 4410
1 1198 2005 6083
1 1199 2005 4166
1 1200 2005 5597
1 1201 2005 3571
1 1202 2005 3725
1 11 2005 4432
1 1203 2005 5060
1 7 2005 4314
1 1204 2005 5248
1 1205 2005 5089
1 1206 2005 4407
1 1207 2005 4468
1 1208 2005 4460
1 1209 2005 3607
1 1210 2005 4456
1 1211 2005 5555
1 1212 2005 5107
1 1213 2005 5552
1 1214 2005 3214
1 1215 2005 3250
1 1216 2005 3490
1 1217 2005 5443
1 1218 2005 4193
1 1219 2005 3268
1 1220 2005 3268
1 1221 2005 5596
1 1222 2005 3420
1 1223 2005 4575
1 1224 2005 5662
1 1225 2005 4459
1 1226 2005 4217
1 43 2005 5535
1 1227 2005 5520
1 1228 2005 4051
1 1229 2005 5466
1 1230 2005 5141
1 1231 2005 5137
1 1232 2005 5490
1 1233 2005 5510
1 1234 2005 3564
1 1235 2005 4386
1 1236 2005 4454
1 1237 2005 5084
1 1238 2005 4467
1 1239 2005 5326
1 1240 2005 5456
1 1241 2005 4346
1 1242 2005 5226
1 1243 2005 4223
1 1244 2006 5063
1 1245 2006 5547
1 1246 2006 4407
1 1247 2006 5107
1 1248 2006 3945
1 1249 2006 5232
1 1250 2006 4359
1 1251 2006 5439
1 1252 2006 5089
1 1253 2006 3533
1 1254 2006 3533
1 1255 2006 4051
1 1256 2006 3268
1 1257 2006 4420
1 1258 2006 5626
1 25 2006 5433
1 1259 2006 5150
1 1260 2006 3490
1 1261 2006 4395
1 1262 2006 4395
1 1263 2006 4575
1 1264 2006 4223
1 1265 2006 4410
1 1266 2006 5250
1 1267 2006 6529
1 1268 2006 4459
1 1269 2006 5427
1 1270 2006 4386
1 1271 2006 4386
1 1272 2006 5486
1 1273 2006 5741
1 1274 2006 5520
1 1275 2006 5490
1 1276 2006 5555
1 1277 2006 4454
1 1278 2006 4468
1 1279 2006 5670
1 23 2006 5121
1 1280 2006 5491
1 1281 2006 5144
1 1282 2006 5525
1 1283 2006 5510
1 1284 2006 5137
1 1285 2006 5604
1 1286 2006 5122
1 1287 2006 4628
1 1288 2006 5531
1 1289 2006 5084
1 1290 2006 5141
1 1291 2006 5141
1 1292 2006 5326
1 1293 2006 5535
1 1294 2006 3009
1 1295 2006 3552
1 1296 2006 4193
1 1297 2006 5501
1 1298 2006 5444
1 1299 2006 4467
1 1300 2006 5648
1 1301 2006 6782
1 1302 2006 4472
1 1303 2006 5831
1 1304 2007 4404
1 1305 2007 5103
1 1306 2007 5547
1 1307 2007 6083
1 1308 2007 5232
1 1309 2007 5447
1 1310 2007 5100
1 1311 2007 3571
1 1312 2007 6529
1 1313 2007 5076
1 1314 2007 5076
1 1315 2007 5242
1 1316 2007 5631
1 1317 2007 6099
1 1318 2007 5455
1 1319 2007 5433
1 1320 2007 5469
1 1321 2007 5469
1 1322 2007 4407
1 1323 2007 6089
1 1324 2007 5421
1 1325 2007 5652
1 1326 2007 6136
1 1327 2007 5125
1 1328 2007 4361
1 1329 2007 4361
1 1330 2007 4395
1 1331 2007 5107
1 1332 2007 5150
1 1333 2007 4335
1 1334 2007 5250
1 1335 2007 4359
1 1336 2007 5152
1 1337 2007 5443
1 1338 2007 5555
1 1339 2007 4420
1 1340 2007 4454
1 1341 2007 5531
1 1342 2007 6196
1 1343 2007 5543
1 1344 2007 6100
1 1345 2007 4241
1 1346 2007 5137
1 1347 2007 6151
1 1348 2007 5431
1 1349 2007 5439
1 1350 2007 4468
1 1351 2007 5127
1 1352 2007 4410
1 1353 2007 4217
1 1354 2007 4217
1 1355 2007 5456
1 1356 2007 5506
1 1357 2007 5111
1 1358 2007 5648
1 1359 2007 4470
1 1360 2007 5542
1 1361 2007 5632
1 1362 2007 5430
1 1363 2007 5248
1 1364 2007 6193
1 15 2007 5094
1 1365 2007 5491
1 1366 2007 5535
1 1367 2007 5490
1 1368 2007 5510
1 1369 2007 4473
1 1370 2007 5759
1 1371 2007 5606
1 1372 2007 5514
1 1373 2007 5589
1 1374 2007 5486
1 1375 2007 5520
1 1376 2007 5520
1 1377 2007 5626
1 1378 2007 6120
1 1379 2007 5741
1 1380 2007 3692
1 1381 2007 4238
1 1382 2007 5089
1 1383 2007 4456
1 1384 2007 5130
1 1385 2007 5130
1 1386 2007 5593
1 1387 2007 6147
1 1388 2007 5526
1 1389 2007 5466
1 1390 2007 5460
1 1391 2007 5525
1 1392 2007 3564
1 1393 2007 5501
1 1394 2007 5084
1 1395 2007 5141
1 1396 2007 5444
1 1397 2007 5121
1 1398 2007 5459
1 1399 2007 5326
1 1400 2007 4575
1 1401 2007 4575
1 1402 2007 5144
1 1403 2007 5552
1 1404 2007 6528
1 1405 2007 6780
1 1406 2008 5469
1 1407 2008 5469
1 1408 2008 5063
1 1409 2008 3659
1 1410 2008 5421
1 1411 2008 6083
1 1412 2008 4361
1 1413 2008 6193
1 1414 2008 5107
1 1415 2008 4190
1 1416 2008 5144
1 1417 2008 3662
1 1418 2008 5076
1 1419 2008 5076
1 1420 2008 6127
1 1421 2008 4004
1 1422 2008 4399
1 1423 2008 4399
1 1424 2008 5250
1 1425 2008 4359
1 1426 2008 5552
1 1427 2008 6189
1 1428 2008 5248
1 1429 2008 5433
1 1430 2008 5741
1 1431 2008 5562
1 1432 2008 5525
1 1433 2008 5530
1 1434 2008 5427
1 1435 2008 5593
1 1436 2008 6147
1 1437 2008 5100
1 1438 2008 4395
1 1439 2008 4395
1 1440 2008 5122
1 1441 2008 6145
1 1442 2008 6145
1 1443 2008 5486
1 1444 2008 6084
1 1445 2008 5604
1 1446 2008 5604
1 1447 2008 6452
1 1448 2008 5510
1 1449 2008 4420
1 1450 2008 6369
1 1451 2008 6118
1 1452 2008 5662
1 1453 2008 6455
1 1454 2008 6525
1 1455 2008 5137
1 1456 2008 6529
1 1457 2008 5089
1 6 2008 5466
1 1458 2008 5531
1 1459 2008 5084
1 1460 2008 4407
1 1461 2008 5631
1 1462 2008 6196
1 1463 2008 6150
1 1464 2008 6150
1 1465 2008 5146
1 1466 2008 6159
1 1467 2008 5506
1 1468 2008 5506
1 1469 2008 5150
1 1470 2008 5555
1 1471 2008 4575
1 1472 2008 4575
1 1473 2008 6155
1 1474 2008 6331
1 1475 2008 4529
1 1476 2008 6435
1 1477 2008 5152
1 1478 2008 5444
1 1479 2008 5535
1 1480 2008 5891
1 1481 2008 5547
1 1482 2008 4598
1 1483 2008 5595
1 1484 2008 6124
1 1485 2008 4465
1 1486 2008 6348
1 1487 2008 5490
1 1488 2008 4468
1 1489 2008 5495
1 1490 2008 5501
1 1491 2008 6459
1 1492 2008 5505
1 1493 2008 5326
1 1494 2008 6779
1 1495 2008 5125
1 1496 2008 3564
1 1497 2008 4335
1 1498 2008 6186
1 1499 2008 5485
1 1500 2008 4628
1 1501 2008 5648
1 1502 2009 5103
1 1503 2009 5242
1 1504 2009 5421
1 1505 2009 6690
1 1506 2009 5447
1 1507 2009 5248
1 1508 2009 6588
1 1509 2009 5150
1 1510 2009 6452
1 1511 2009 6605
1 1512 2009 5431
1 1513 2009 5107
1 1514 2009 5542
1 1515 2009 5433
1 1516 2009 5119
1 1517 2009 4410
1 1518 2009 6583
1 1519 2009 5751
1 1520 2009 6136
1 1521 2009 6338
1 1522 2009 5130
1 1523 2009 5130
1 1524 2009 4395
1 1525 2009 5427
1 1526 2009 5427
1 1527 2009 6189
1 1528 2009 5466
1 1529 2009 6459
1 1530 2009 5631
1 1531 2009 5631
1 1532 2009 5111
1 1533 2009 5535
1 1534 2009 5535
1 1535 2009 6593
1 1536 2009 5501
1 1537 2009 5525
1 1538 2009 6155
1 1539 2009 5141
1 1540 2009 5141
1 1541 2009 5530
1 1542 2009 5520
1 1543 2009 5520
1 1544 2009 6196
1 1545 2009 6196
1 1546 2009 6435
1 1547 2009 5084
1 1548 2009 5232
1 1549 2009 4631
1 1550 2009 6656
1 1551 2009 6168
1 1552 2009 6164
1 1553 2009 4407
1 1554 2009 6176
1 1555 2009 5137
1 1556 2009 6666
1 1557 2009 4190
1 1558 2009 6625
1 1559 2009 5510
1 1560 2009 5555
1 1561 2009 4359
1 1562 2009 5144
1 1563 2009 4399
1 1564 2009 6362
1 1565 2009 6608
1 1566 2009 6145
1 1567 2009 4575
1 1568 2009 6644
1 1569 2009 6724
1 1570 2009 5439
1 1571 2009 6124
1 1572 2009 5531
1 1573 2009 6441
1 1574 2009 5133
1 1575 2009 4004
1 1576 2009 6348
1 1577 2009 6695
1 1578 2009 4238
1 1579 2009 5430
1 1580 2009 5604
1 1581 2009 5589
1 1582 2009 6615
1 1583 2009 5444
1 1584 2009 5444
1 1585 2009 5490
1 1586 2009 5632
1 1587 2009 6697
1 1588 2009 6723
1 1589 2009 6455
1 1590 2009 6679
1 1591 2009 6682
1 1592 2009 6646
1 1593 2009 5528
1 1594 2009 4420
1 1595 2009 4456
1 1596 2010 5276
1 1597 2010 5107
1 1598 2010 6646
1 1599 2010 5444
1 1600 2010 6605
1 1601 2010 5421
1 1602 2010 6690
1 1603 2010 6585
1 1604 2010 6827
1 1605 2010 5597
1 1606 2010 6724
1 1607 2010 6189
1 1608 2010 6348
1 1609 2010 6666
1 1610 2010 5248
1 1611 2010 5469
1 1612 2010 5469
1 1613 2010 4407
1 1614 2010 6168
1 1615 2010 6644
1 1616 2010 6691
1 1617 2010 6151
1 1618 2010 5144
1 1619 2010 6608
1 1620 2010 6171
1 1621 2010 6860
1 1622 2010 6100
1 1623 2010 5741
1 1624 2010 6680
1 1625 2010 6127
1 1626 2010 5127
1 1627 2010 6910
1 1628 2010 6124
1 1629 2010 5751
1 1630 2010 6425
1 1631 2010 6588
1 1632 2010 6583
1 1633 2010 6625
1 1634 2010 5443
1 1635 2010 5443
1 1636 2010 6196
1 1637 2010 5543
1 1638 2010 6125
1 1639 2010 6892
1 1640 2010 4575
1 1641 2010 6938
1 1642 2010 6929
1 1643 2010 6990
1 1644 2010 6408
1 1645 2010 5652
1 1646 2010 5530
1 1647 2010 6688
1 1648 2010 6159
1 1649 2010 5562
1 1650 2010 5604
1 1651 2010 6776
1 1652 2010 6525
1 1653 2010 5662
1 1654 2010 5133
1 1655 2010 5133
1 1656 2010 5632
1 1657 2010 5490
1 1658 2010 5535
1 1659 2010 5535
1 1660 2010 5891
1 1661 2010 6089
1 1662 2010 5137
1 1663 2010 6435
1 1664 2010 5631
1 1665 2010 6969
1 1666 2010 6155
1 1667 2010 5528
1 1668 2010 6537
1 1669 2010 5917
1 1670 2010 6866
1 1671 2010 5510
1 1672 2010 6615
1 1673 2010 6937
1 1674 2010 6909
1 1675 2010 5520
1 1676 2010 5520
1 1677 2010 5466
1 1678 2010 5525
1 1679 2010 6930
1 1680 2010 6900
1 1681 2010 6907
1 1682 2010 6679
1 1683 2010 6718
1 1684 2010 6193
1 1685 2010 6979
1 1686 2010 6831
1 1687 2010 6958
1 1688 2010 6678
1 1689 2010 7063
1 1690 2010 7078
1 1691 2010 6834
1 1692 2010 6617
1 1693 2011 5107
1 1694 2011 6086
1 1695 2011 6605
1 1696 2011 6833
1 1697 2011 6348
1 1698 2011 6644
1 1699 2011 6781
1 1700 2011 4361
1 1701 2011 6829
1 1702 2011 5662
1 1703 2011 6909
1 1704 2011 6625
1 1705 2011 6189
1 1706 2011 7267
1 1707 2011 6168
1 1708 2011 7124
1 1709 2011 6831
1 1710 2011 6971
1 1711 2011 7131
1 1712 2011 6867
1 1713 2011 6124
1 1714 2011 6680
1 1715 2011 6155
1 1716 2011 7230
1 1717 2011 7157
1 1718 2011 6176
1 1719 2011 6692
1 1720 2011 6369
1 1721 2011 7205
1 1722 2011 6593
1 1723 2011 6151
1 1724 2011 6730
1 1725 2011 6588
1 1726 2011 6588
1 1727 2011 6713
1 1728 2011 6945
1 1729 2011 5443
1 1730 2011 5443
1 1731 2011 5510
1 1732 2011 6928
1 1733 2011 6679
1 1734 2011 6930
1 1735 2011 6969
1 1736 2011 6948
1 1737 2011 7043
1 1738 2011 6452
1 1739 2011 6723
1 1740 2011 5127
1 1741 2011 6150
1 1742 2011 6585
1 1743 2011 5520
1 1744 2011 6617
1 1745 2011 5530
1 1746 2011 7046
1 1747 2011 6718
1 1748 2011 6408
1 1749 2011 6920
1 1750 2011 6972
1 1751 2011 7172
1 1752 2011 6859
1 1753 2011 7163
1 1754 2011 6441
1 1755 2011 6717
1 1756 2011 5490
1 1757 2011 5444
1 1758 2011 6938
1 1759 2011 6682
1 1760 2011 6770
1 1761 2011 6118
1 1762 2011 5595
1 1763 2011 5595
1 1764 2011 6967
1 1765 2011 5525
1 1766 2011 6683
1 1767 2011 6663
1 1768 2011 6780
1 1769 2011 5593
1 1770 2011 6615
1 1771 2011 7201
1 1772 2011 6609
1 1773 2011 5094
1 1774 2011 7215
1 1775 2011 6776
1 1776 2012 6690
1 1777 2012 6625
1 1778 2012 7262
1 1779 2012 5662
1 1780 2012 6605
1 1781 2012 6990
1 1782 2012 6348
1 1783 2012 7185
1 1784 2012 6408
1 1785 2012 7206
1 1786 2012 7205
1 1787 2012 6723
1 1788 2012 7142
1 1789 2012 7230
1 1790 2012 6929
1 1791 2012 7454
1 1792 2012 6945
1 1793 2012 6927
1 1794 2012 6857
1 1795 2012 7201
1 1796 2012 6435
1 1797 2012 6938
1 1798 2012 7157
1 1799 2012 6425
1 1800 2012 6151
1 1801 2012 7043
1 1802 2012 7267
1 1803 2012 7232
1 1804 2012 7215
1 1805 2012 5490
1 1806 2012 7172
1 1807 2012 6969
1 1808 2012 6617
1 1809 2012 6911
1 1810 2012 6678
1 1811 2012 7118
1 1812 2012 7051
1 1813 2012 6682
1 1814 2012 7476
1 1815 2012 6176
1 1816 2012 6680
1 1817 2012 7574
1 1818 2012 6679
1 1819 2012 5528
1 1820 2012 6967
1 1821 2013 6680
1 1822 2013 6691
1 1823 2013 7459
1 1824 2013 7454
1 1825 2013 6644
1 1826 2013 6644
1 1827 2013 6724
1 1828 2013 7576
1 1829 2013 7185
1 1830 2013 6777
1 1831 2013 7157
1 1832 2013 6911
1 1833 2013 6348
1 1834 2013 7205
1 1835 2013 6625
1 1836 2013 6625
1 1837 2013 7476
1 1838 2013 8258
1 1839 2013 6938
1 1840 2013 7230
1 1841 2013 7230
1 1842 2013 8362
1 1843 2013 6937
1 1844 2013 6827
1 1845 2013 6827
1 1846 2013 7172
1 1847 2013 6155
1 1848 2013 7267
1 1849 2013 7267
1 1850 2013 7262
1 1851 2013 6678
1 1852 2013 6678
1 1853 2013 7560
1 1854 2013 7560
1 1855 2013 8730
1 1856 2013 6151
1 1857 2013 6608
1 1858 2013 7486
1 1859 2013 8240
1 1860 2013 7232
1 1861 2013 8718
1 1862 2013 7593
1 1863 2013 6930
1 1864 2013 6930
1 1865 2013 7142
1 1866 2013 7133
1 1867 2013 6929
1 1868 2013 7051
1 1869 2013 7261
1 1870 2013 7261
1 1871 2013 6834
1 1872 2013 6948
1 1873 2013 7198
1 1874 2013 7542
1 1875 2013 6969
1 1876 2013 6969
1 1877 2013 8327
1 1878 2013 8358
1 1879 2013 8765
1 1880 2013 7109
1 1881 2013 6874
1 1882 2013 7257
1 1883 2013 8771
1 1884 2013 7472
1 1885 2013 6945
1 1886 2013 6196
1 1887 2013 6196
1 1888 2013 5594
1 1889 2013 6127
1 1890 2013 6127
1 1891 2013 7575
1 1892 2013 5528
1 1893 2013 6916
1 1894 2013 8740
1 1895 2013 8720
1 1896 2013 6679
1 1897 2013 4465
1 1898 2013 6617
1 1899 2013 6617
1 1900 2013 8793
1 1901 2013 7043
1 1902 2013 6682
1 1903 2013 6682
1 1904 2013 6425
1 1905 2013 6425
1 1906 2013 8506
1 1907 2013 6967
1 1908 2013 6967
1 1909 2013 8745
1 1910 2013 7574
1 1911 2013 6615
1 1912 2013 8780
1 1913 2013 7194
1 1914 2013 6990
1 1915 2013 7056
1 1916 2013 6776
1 1917 2013 6831
1 1918 2013 6860
1 1919 2014 8265
1 1920 2014 6690
1 1921 2014 6168
1 1922 2014 6691
1 1923 2014 6833
1 1924 2014 8716
1 1925 2014 8787
1 1926 2014 7108
1 1927 2014 8714
1 1928 2014 6837
1 1929 2014 8785
1 1930 2014 7194
1 1931 2014 7230
1 1932 2014 7133
1 1933 2014 7143
1 1934 2014 6583
1 1935 2014 6827
1 1936 2014 6827
1 1937 2014 8312
1 1938 2014 8730
1 1939 2014 6348
1 1940 2014 6982
1 1941 2014 7055
1 1942 2014 8240
1 1943 2014 8327
1 1944 2014 7565
1 1945 2014 7118
1 1946 2014 6688
1 1947 2014 7144
1 1948 2014 6937
1 1949 2014 6938
1 1950 2014 7454
1 1951 2014 6990
1 1952 2014 7459
1 1953 2014 6605
1 1954 2014 6605
1 1955 2014 8717
1 1956 2014 6929
1 1957 2014 7172
1 1958 2014 7043
1 1959 2014 6945
1 1960 2014 6874
1 1961 2014 7476
1 1962 2014 7142
1 1963 2014 6831
1 1964 2014 7157
1 1965 2014 6608
1 1966 2014 7593
1 1967 2014 7063
1 1968 2014 8762
1 1969 2014 7576
1 1970 2014 7576
1 1971 2014 7560
1 1972 2014 7560
1 1973 2014 7261
1 1974 2014 7261
1 1975 2014 7232
1 1976 2014 6866
1 1977 2014 7071
1 1978 2014 7458
1 1979 2014 6726
1 1980 2014 8780
1 1981 2014 8965
1 1982 2014 6770
1 1983 2014 6930
1 1984 2014 6969
1 1985 2014 5490
1 1986 2014 8744
1 1987 2014 6851
1 1988 2014 7687
1 1989 2014 6145
1 1990 2014 6900
1 1991 2014 8506
1 1992 2014 6943
1 1993 2014 6679
1 1994 2014 9239
1 1995 2014 5597
1 1996 2014 8812
1 1997 2014 6598
1 1998 2014 7575
1 1999 2014 7574
1 2000 2014 7202
1 2001 2014 6666
1 2002 2014 10113
1 2003 2014 7542
1 2004 2014 6916
1 2005 2014 6682
1 2006 2014 6948
1 2007 2014 6967
1 2008 2014 6967
