1 2009 482 101
1 2010 482 105
1 2011 482 92
1 2012 482 75
1 2013 513 134
1 2014 513 127
1 2015 513 118
1 2016 513 138
1 2017 513 117
1 2018 513 112
1 2019 513 99
1 2020 513 99
1 2021 513 119
1 2022 513 113
1 2023 513 109
1 2024 513 119
1 2025 513 120
1 2026 513 120
1 2027 513 102
1 2028 513 108
1 2029 513 108
1 2030 513 114
1 2031 513 108
1 2032 513 107
1 2033 513 107
1 2034 513 116
1 2035 513 109
1 2036 513 105
1 2037 513 105
1 2038 513 105
1 2039 513 106
1 2040 513 115
1 2041 513 105
1 2042 513 106
1 2043 513 106
1 2044 513 106
1 2045 513 114
1 2046 513 104
1 2047 513 104
1 2048 513 115
1 2049 513 115
1 2050 513 106
1 2051 513 103
1 2052 513 111
1 2053 513 111
1 2054 513 113
1 2055 513 114
1 2056 513 102
1 2057 513 103
1 2058 513 102
1 2059 513 105
1 2060 513 111
1 2061 513 118
1 2062 513 106
1 2063 513 106
1 2064 513 101
1 2065 513 113
1 2066 513 101
1 2067 513 105
1 2068 513 103
1 2069 513 104
1 2070 513 103
1 2071 513 100
1 2072 513 101
1 2073 513 101
1 2074 513 103
1 2075 513 105
1 2076 513 100
1 2077 513 101
1 2078 513 101
1 2079 513 100
1 2080 513 100
1 2081 513 110
1 2082 513 108
1 2083 513 110
1 2084 513 99
1 2085 513 109
1 2086 513 103
1 2087 513 102
1 2088 513 99
1 2089 513 104
1 2090 513 101
1 2091 513 109
1 2092 513 115
1 2093 513 99
1 2094 513 99
1 2095 513 100
1 2096 513 97
1 2097 513 108
1 2098 513 101
1 2099 513 100
1 2100 513 101
1 2101 513 108
1 2102 513 111
1 2103 513 97
1 2104 513 100
1 2105 513 100
1 2106 513 104
1 2107 513 95
1 2108 513 98
1 2109 513 101
1 2110 513 98
1 2111 444 123
1 2112 444 119
1 2113 444 117
1 2114 444 111
1 2115 444 124
1 2116 444 115
1 2117 444 117
1 2118 444 115
1 2119 444 115
1 2120 444 120
1 2121 444 123
1 2122 444 113
1 2123 444 113
1 2124 444 113
1 2125 444 113
1 2126 444 119
1 2127 444 114
1 2128 444 113
1 2129 444 112
1 2130 444 112
1 2131 444 115
1 2132 444 112
1 2133 444 121
1 2134 444 111
1 2135 444 112
1 2136 444 112
1 2137 444 112
1 2138 444 116
1 2139 444 110
1 2140 444 115
1 2141 444 113
1 2142 444 112
1 2143 444 119
1 2144 444 116
1 2145 444 121
1 2146 444 117
1 2147 444 116
1 2148 444 110
1 2149 444 113
1 2150 444 117
1 2151 444 118
1 2152 444 111
1 2153 444 109
1 2154 444 112
1 2155 444 108
1 2156 444 114
1 2157 444 108
1 2158 444 114
1 2159 444 109
1 2160 444 109
1 2161 444 106
1 2162 444 115
1 2163 444 113
1 2164 444 114
1 2165 444 109
1 2166 444 109
1 2167 444 121
1 2168 444 113
1 2169 444 114
1 2170 444 112
1 2171 444 112
1 2172 444 108
1 2173 444 108
1 2174 444 105
1 2175 444 105
1 2176 444 105
1 2177 444 110
1 2178 444 110
1 2179 444 104
1 2180 444 102
1 2181 444 109
1 2182 444 102
1 2183 444 104
1 2184 444 98
1 2185 444 103
1 2186 444 100
1 2187 444 101
1 2188 444 100
1 2189 444 99
1 2190 444 106
1 2191 444 96
1 2192 444 101
1 2193 528 126
1 2194 528 132
1 2195 528 126
1 2196 528 130
1 2197 528 127
1 2198 528 127
1 2199 528 126
1 2200 528 120
1 2201 528 117
1 2202 528 115
1 2203 528 120
1 2204 528 127
1 2205 528 126
1 2206 528 124
1 2207 528 115
1 2208 528 114
1 2209 528 115
1 2210 528 118
1 2211 528 128
1 2212 528 122
1 2213 528 114
1 2214 528 114
1 2215 528 115
1 2216 528 123
1 2217 528 124
1 2218 528 124
1 2219 528 115
1 2220 528 115
1 2221 528 115
1 2222 528 113
1 2223 528 114
1 2224 528 113
1 2225 528 125
1 2226 528 123
1 2227 528 121
1 2228 528 116
1 2229 528 116
1 2230 528 115
1 2231 528 113
1 2232 528 113
1 2233 528 113
1 2234 528 119
1 2235 528 124
1 2236 528 124
1 2237 528 114
1 2238 528 115
1 2239 528 115
1 2240 528 120
1 2241 528 122
1 2242 528 115
1 2243 528 110
1 2244 528 119
1 2245 528 120
1 2246 528 117
1 2247 528 113
1 2248 528 112
1 2249 528 112
1 2250 528 119
1 2251 528 111
1 2252 528 109
1 2253 528 112
1 2254 528 116
1 2255 528 111
1 2256 528 108
1 2257 528 109
1 2258 528 108
1 2259 528 108
1 2260 528 107
1 2261 528 108
1 2262 528 118
1 2263 528 107
1 2264 528 109
1 2265 528 118
1 2266 528 116
1 2267 528 116
1 2268 528 106
1 2269 528 107
1 2270 528 110
1 2271 528 109
1 2272 528 113
1 2273 528 120
1 2274 528 113
1 2275 528 115
1 2276 528 106
1 2277 528 111
1 2278 528 108
1 2279 528 115
1 2280 528 110
1 2281 528 107
1 2282 528 111
1 2283 528 103
1 2284 528 105
1 2285 528 106
1 2286 528 113
1 2287 378 124
1 2288 378 122
1 2289 378 125
1 2290 378 128
1 2291 378 114
1 2292 378 117
1 2293 378 127
1 2294 378 116
1 2295 378 115
1 2296 378 116
1 2297 378 116
1 2298 378 115
1 2299 378 115
1 2300 378 114
1 2301 378 114
1 2302 378 113
1 2303 378 123
1 2304 378 114
1 2305 378 113
1 2306 378 117
1 2307 378 112
1 2308 378 113
1 2309 378 114
1 2310 378 111
1 2311 378 113
1 2312 378 112
1 2313 378 116
1 2314 378 117
1 2315 378 112
1 2316 378 113
1 2317 378 111
1 2318 378 117
1 2319 378 117
1 2320 378 111
1 2321 378 113
1 2322 378 110
1 2323 378 112
1 2324 378 119
1 2325 378 112
1 2326 378 115
1 2327 378 115
1 2328 378 109
1 2329 378 109
1 2330 378 114
1 2331 378 112
1 2332 378 111
1 2333 378 119
1 2334 378 113
1 2335 378 112
1 2336 378 112
1 2337 378 108
1 2338 378 120
1 2339 378 109
1 2340 378 115
1 2341 378 118
1 2342 378 107
1 2343 378 110
1 2344 378 110
1 2345 378 105
1 2346 378 106
1 2347 378 106
1 2348 378 111
1 2349 378 98
1 2350 378 110
1 2351 378 105
1 2352 378 105
1 2353 378 108
1 2354 378 104
1 2355 378 105
1 2356 508 128
1 2357 508 130
1 2358 508 123
1 2359 508 118
1 2360 508 119
1 2361 508 118
1 2362 508 123
1 2363 508 120
1 2364 508 120
1 2365 508 115
1 2366 508 119
1 2367 508 117
1 2368 508 122
1 2369 508 121
1 2370 508 121
1 2371 508 113
1 2372 508 116
1 2373 508 120
1 2374 508 113
1 2375 508 114
1 2376 508 112
1 2377 508 115
1 2378 508 118
1 2379 508 118
1 2380 508 112
1 2381 508 112
1 2382 508 118
1 2383 508 112
1 2384 508 113
1 2385 508 111
1 2386 508 110
1 2387 508 110
1 2388 508 110
1 2389 508 120
1 2390 508 112
1 2391 508 112
1 2392 508 113
1 2393 508 111
1 2394 508 111
1 2395 508 110
1 2396 508 110
1 2397 508 110
1 2398 508 110
1 2399 508 117
1 2400 508 117
1 2401 508 114
1 2402 508 117
1 2403 508 118
1 2404 508 109
1 2405 508 109
1 2406 508 108
1 2407 508 108
1 2408 508 115
1 2409 508 108
1 2410 508 107
1 2411 508 112
1 2412 508 111
1 2413 508 109
1 2414 508 107
1 2415 508 106
1 2416 508 106
1 2417 508 109
1 2418 508 109
1 2419 508 109
1 2420 508 106
1 2421 508 106
1 2422 508 105
1 2423 508 105
1 2424 508 111
1 2425 508 111
1 2426 508 111
1 2427 508 103
1 2428 508 106
1 2429 508 104
1 2430 508 104
1 2431 508 109
1 2432 508 101
1 2433 508 104
1 2434 508 93
1 2435 508 90
1 2436 508 90
1 2437 502 114
1 2438 502 127
1 2439 502 131
1 2440 502 129
1 2441 502 126
1 2442 502 121
1 2443 502 123
1 2444 502 103
1 2445 502 122
1 2446 502 122
1 2447 502 124
1 2448 502 124
1 2449 502 126
1 2450 502 120
1 2451 502 135
1 2452 502 133
1 2453 502 132
1 2454 502 130
1 2455 502 130
1 2456 502 130
1 2457 502 129
1 2458 502 118
1 2459 502 135
1 2460 502 129
1 2461 502 128
1 2462 502 128
1 2463 502 128
1 2464 502 127
1 2465 502 122
1 2466 502 118
1 2467 502 122
1 2468 502 122
1 2469 502 127
1 2470 502 127
1 2471 502 126
1 2472 502 122
1 2473 502 127
1 2474 502 126
1 2475 502 125
1 2476 502 123
1 2477 502 110
1 2478 502 123
1 2479 502 108
1 2480 502 117
1 2481 502 110
1 2482 502 129
1 2483 502 131
1 2484 502 129
1 2485 557 138
1 2486 557 138
1 2487 557 142
1 2488 557 131
1 2489 557 133
1 2490 557 122
1 2491 557 116
1 2492 557 130
1 2493 557 130
1 2494 557 128
1 2495 557 125
1 2496 557 120
1 2497 557 122
1 2498 557 129
1 2499 557 129
1 2500 557 129
1 2501 557 127
1 2502 557 129
1 2503 557 118
1 2504 557 126
1 2505 557 117
1 2506 557 119
1 2507 557 128
1 2508 557 127
1 2509 557 120
1 2510 557 119
1 2511 557 127
1 2512 557 127
1 2513 557 134
1 2514 557 127
1 2515 557 115
1 2516 557 115
1 2517 557 116
1 2518 557 126
1 2519 557 122
1 2520 557 117
1 2521 557 121
1 2522 557 122
1 2523 557 126
1 2524 557 126
1 2525 557 125
1 2526 557 122
1 2527 557 114
1 2528 557 124
1 2529 557 114
1 2530 557 120
1 2531 557 116
1 2532 557 119
1 2533 557 117
1 2534 557 119
1 2535 557 115
1 2536 557 115
1 2537 557 119
1 2538 557 114
1 2539 557 113
1 2540 557 113
1 2541 557 124
1 2542 557 113
1 2543 557 112
1 2544 557 119
1 2545 557 117
1 2546 557 114
1 2547 557 115
1 2548 557 117
1 2549 557 114
1 2550 557 113
1 2551 557 115
1 2552 557 117
1 2553 557 112
1 2554 557 111
1 2555 557 118
1 2556 557 111
1 2557 557 115
1 2558 557 115
1 2559 557 113
1 2560 557 118
1 2561 557 112
1 2562 557 117
1 2563 557 112
1 2564 557 108
1 2565 557 105
1 2566 557 121
1 2567 557 117
1 2568 557 113
1  557 119
1 2569 557 115
1 2570 557 109
1 2571 557 112
1 2572 557 115
1 2573 557 115
1 2574 557 129
1 2575 557 127
1 2576 557 130
1 56 457 140
1 40 457 126
1 57 457 88
1 58 457 134
1 52 457 141
1 59 457 141
1 60 457 135
1 61 457 132
1 62 457 126
1 63 457 136
1 64 211 126
1 48 211 119
1 65 211 126
1 66 211 121
1 67 211 112
1 68 211 119
1 69 211 122
1 70 211 120
1 71 211 125
1 72 211 118
1 73 290 108
1 74 290 119
1 75 290 117
1 76 290 118
1 77 290 117
1 78 290 115
1 79 290 115
1 53 290 113
1 80 290 113
1 81 290 114
1 82 290 125
1 83 290 112
1 84 290 114
1 85 290 110
1 86 290 108
1 87 290 120
1 88 290 108
1 89 290 107
1 90 290 107
1 91 290 107
1 92 290 100
1 93 290 111
1 94 290 98
1 95 290 115
1 96 290 111
1 97 290 128
1 98 290 92
1 99 290 105
1 51 290 107
1 100 290 108
1 101 290 111
1 46 290 112
1 102 290 126
1 103 290 116
1 104 290 114
1 105 290 112
1 106 290 115
1 107 290 113
1 108 290 109
1 109 290 108
1 110 290 115
1 111 290 107
1 112 290 112
1 113 290 111
1 114 290 108
1 37 290 121
1 115 290 106
1 116 290 114
1 117 290 109
1 118 290 100
1 119 290 114
1 120 290 104
1 121 290 106
1 122 290 106
1 123 414 124
1 124 414 135
1 125 414 133
1 126 414 130
1 127 414 131
1 128 414 129
1 129 414 128
1 130 414 128
1 131 414 128
1 132 414 128
1 133 414 129
1 134 414 130
1 135 414 127
1 136 414 127
1 137 414 126
1 138 414 128
1 139 414 130
1 140 414 130
1 141 414 124
1 142 414 124
1 143 414 125
1 144 414 125
1 145 414 122
1 146 414 124
1 147 414 124
1 148 414 121
1 149 414 121
1 150 414 122
1 151 414 122
1 152 414 137
1 153 414 124
1 154 414 123
1 49 414 123
1 44 414 122
1 155 414 126
1 156 414 126
1 157 414 124
1 158 414 129
1 159 414 129
1 160 414 121
1 161 414 121
1 162 414 119
1 163 414 119
1 164 414 120
1 165 414 120
1 42 414 119
1 166 414 122
1 167 414 119
1 168 414 122
1 169 414 118
1 170 414 123
1 171 414 116
1 172 414 117
1 173 414 119
1 174 414 119
1 175 414 118
1 176 414 115
1 177 414 117
1 178 414 117
1 179 414 123
1 55 414 116
1 180 414 117
1 181 414 116
1 182 414 117
1 183 414 117
1 184 414 118
1 185 414 115
1 186 414 114
1 187 414 112
1 188 414 115
1 189 414 115
1 190 414 114
1 191 414 112
1 192 414 113
1 193 414 111
1 194 414 112
1 195 414 109
1 196 414 112
1 197 414 114
1 198 414 117
1 199 414 132
1 200 414 125
1 201 414 116
1 41 414 117
1 202 414 125
1 203 321 128
1 204 321 129
1 205 321 125
1 206 321 125
1 207 321 124
1 208 321 123
1 209 321 122
1 210 321 120
1 211 321 121
1 212 321 118
1 213 321 118
1 214 321 119
1 215 321 122
1 216 321 117
1 217 321 117
1 218 321 117
1 219 321 117
1 220 321 116
1 221 321 116
1 222 321 117
1 38 321 117
1 223 321 115
1 224 321 114
1 225 321 115
1 226 321 114
1 227 321 114
1 228 321 113
1 229 321 114
1 230 321 114
1 231 321 113
1 232 321 113
1 233 321 113
1 234 321 111
1 31 321 111
1 235 321 115
1 236 321 110
1 237 321 111
1 238 321 117
1 239 321 111
1 240 321 113
1 241 321 103
1 242 321 103
1 243 321 99
1 244 321 96
1 245 321 99
1 246 321 95
1 247 321 41
1 248 321 48
1 249 321 113
1 250 321 118
1 251 321 113
1 252 321 113
1 253 321 120
1 254 321 113
1 255 321 119
1 256 321 99
1 257 321 122
1 258 321 114
1 259 443 113
1 260 443 129
1 261 443 130
1 262 443 128
1 263 443 124
1 264 443 124
1 265 443 120
1 266 443 123
1 47 443 124
1 267 443 123
1 268 443 123
1 269 443 124
1 270 443 120
1 271 443 120
1 272 443 125
1 273 443 123
1 274 443 119
1 275 443 119
1 276 443 119
1 277 443 119
1 278 443 119
1 24 443 124
1 279 443 122
1 280 443 121
1 281 443 117
1 282 443 124
1 283 443 123
1 284 443 122
1 285 443 118
1 286 443 118
1 287 443 117
1 288 443 117
1 289 443 116
1 22 443 117
1 290 443 115
1 291 443 117
1 292 443 120
1 293 443 120
1 294 443 119
1 295 443 119
1 296 443 120
1 297 443 115
1 298 443 115
1 299 443 120
1 300 443 119
1 301 443 119
1 302 443 120
1 303 443 118
1 304 443 117
1 305 443 115
1 306 443 119
1 307 443 119
1 308 443 118
1 309 443 125
1 310 443 113
1 311 443 113
1 312 443 119
1 313 443 119
1 314 443 117
1 315 443 111
1 316 443 111
1 317 443 114
1 318 443 111
1 319 443 111
1 320 443 117
1 321 443 116
1 322 443 110
1 323 443 110
1 324 443 114
1 325 443 114
1 326 443 113
1 327 443 115
1 328 443 113
1 329 443 110
1 330 443 114
1 331 443 107
1 332 443 114
1 333 443 107
1 334 443 115
1 335 443 120
1 336 443 103
1 337 443 116
1 338 443 120
1 339 443 112
1 340 443 115
1 341 435 131
1 342 435 130
1 343 435 133
1 344 435 127
1 345 435 127
1 346 435 127
1 347 435 131
1 348 435 126
1 349 435 132
1 350 435 125
1 351 435 129
1 352 435 124
1 353 435 126
1 354 435 126
1 355 435 129
1 356 435 125
1 357 435 126
1 358 435 125
1 359 435 125
1 360 435 127
1 361 435 123
1 362 435 126
1 363 435 127
1 364 435 117
1 365 435 117
1 366 435 122
1 367 435 127
1 368 435 122
1 369 435 123
1 370 435 122
1 371 435 121
1 372 435 123
1 373 435 123
1 374 435 122
1 375 435 122
1 376 435 124
1 377 435 122
1 5 435 124
1 378 435 122
1 379 435 123
1 380 435 119
1 381 435 118
1 382 435 119
1 383 435 119
1 384 435 119
1 385 435 121
1 386 435 119
1 387 435 120
1 388 435 120
1 389 435 123
1 390 435 122
1 391 435 124
1 392 435 120
1 393 435 119
1 394 435 117
1 395 435 116
1 396 435 115
1 397 435 114
1 398 435 127
1 399 435 109
1 400 435 108
1 401 435 109
1 402 435 104
1 403 435 122
1 404 435 121
1 405 435 120
1 406 357 111
1 407 357 140
1 408 357 130
1 409 357 132
1 410 357 129
1 411 357 125
1 412 357 124
1 413 357 124
1 414 357 123
1 415 357 122
1 416 357 121
1 417 357 120
1 418 357 117
1 419 357 122
1 420 357 121
1 421 357 121
1 422 357 120
1 423 357 119
1 424 357 115
1 425 357 114
1 426 357 116
1 427 357 116
1 428 357 117
1 429 357 118
1 430 357 119
1 431 357 116
1 432 357 113
1 433 357 113
1 434 357 113
1 435 357 115
1 436 357 113
1 437 357 113
1 438 357 118
1 39 357 119
1 439 357 113
1 440 357 119
1 441 357 117
1 442 357 117
1 443 357 111
1 33 357 111
1 444 357 111
1 445 357 111
1 446 357 114
1 447 357 110
1 448 357 110
1 449 357 110
1 450 357 110
1 14 357 109
1 451 357 114
1 452 357 112
1 453 357 109
1 30 357 108
1 454 357 113
1 455 357 112
1 456 357 113
1 457 357 108
1 458 357 114
1 459 357 112
1 460 357 112
1 461 357 110
1 462 357 107
1 463 357 107
1 464 575 131
1 465 575 131
1 466 575 131
1 467 575 129
1 468 575 122
1 469 575 121
1 470 575 121
1 471 575 119
1 472 575 120
1 473 575 118
1 50 575 118
1 474 575 120
1 475 575 120
1 476 575 121
1 477 575 120
1 478 575 118
1 479 575 122
1 480 575 119
1 481 575 121
1 482 575 118
1 483 575 116
1 484 575 116
1 485 575 122
1 486 575 117
1 487 575 114
1 488 575 115
1 489 575 115
1 490 575 117
1 491 575 117
1 492 575 115
1 493 575 115
1 494 575 121
1 495 575 115
1 496 575 115
1 497 575 113
1 498 575 114
1 499 575 115
1 500 575 114
1 501 575 113
1 502 575 113
1 503 575 116
1 504 575 112
1 505 575 115
1 506 575 112
1 507 575 117
1 508 575 111
1 509 575 120
1 510 575 112
1 511 575 115
1 512 575 115
1 513 575 114
1 514 575 110
1 515 575 111
1 516 575 111
1 517 575 114
1 518 575 109
1 519 575 110
1 520 575 111
1 521 575 111
1 522 575 117
1 523 575 110
1 524 575 110
1 525 575 109
1 526 575 113
1 527 575 114
1 528 575 112
1 529 575 109
1 530 575 110
1 531 575 110
1 532 575 111
1 533 575 114
1 534 575 111
1 535 575 110
1 536 575 112
1 537 575 109
1 538 575 104
1 539 575 114
1 540 575 112
1 54 575 112
1 541 575 119
1 542 575 104
1 543 575 98
1 544 575 98
1 545 575 98
1 546 575 98
1 547 575 98
1 548 575 100
1 549 575 96
1 550 575 109
1 551 575 117
1 552 575 116
1 553 575 118
1 554 575 110
1 555 575 120
1 556 575 119
1 557 575 119
1 558 542 130
1 559 542 128
1 560 542 123
1 561 542 122
1 27 542 128
1 562 542 123
1 563 542 124
1 564 542 123
1 18 542 118
1 565 542 121
1 566 542 116
1 567 542 116
1 568 542 120
1 569 542 120
1 570 542 121
1 571 542 121
1 572 542 121
1 573 542 117
1 574 542 119
1 575 542 115
1 576 542 119
1 577 542 115
1 578 542 115
1 579 542 119
1 580 542 114
1 581 542 120
1 582 542 119
1 583 542 113
1 584 542 118
1 585 542 113
1 586 542 115
1 587 542 119
1 588 542 116
1 589 542 113
1 590 542 113
1 591 542 112
1 592 542 113
1 593 542 114
1 594 542 116
1 595 542 116
1 596 542 111
1 597 542 111
1 598 542 112
1 599 542 111
1 600 542 117
1 601 542 116
1 602 542 113
1 603 542 111
1 604 542 116
1 605 542 116
1 606 542 110
1 607 542 110
1 608 542 110
1 609 542 110
1 610 542 110
1 611 542 110
1 612 542 114
1 613 542 116
1 614 542 115
1 615 542 108
1 616 542 109
1 617 542 113
1 618 542 114
1 619 542 109
1 620 542 108
1 621 542 108
1 622 542 115
1 623 542 107
1 624 542 115
1 625 542 110
1 626 542 106
1 627 542 109
1 628 542 113
1 629 542 104
1 630 542 104
1 631 542 107
1 632 542 109
1 633 542 109
1 634 542 110
1 635 542 106
1 636 542 103
1 637 542 96
1 638 542 96
1 639 542 107
1 640 542 109
1 641 542 111
1 642 542 107
1 643 542 107
1 644 542 106
1 645 542 107
1 646 542 105
1 647 591 119
1 648 591 130
1 649 591 126
1 650 591 120
1 651 591 121
1 652 591 128
1 653 591 122
1 654 591 118
1 655 591 119
1 656 591 119
1 657 591 118
1 658 591 119
1 659 591 122
1 660 591 125
1 661 591 117
1 662 591 120
1 663 591 117
1 664 591 117
1 665 591 117
1 666 591 117
1 667 591 121
1 668 591 119
1 669 591 116
1 670 591 116
1 671 591 118
1 672 591 118
1 673 591 122
1 674 591 122
1 675 591 120
1 676 591 120
1 677 591 120
1 678 591 119
1 679 591 119
1 680 591 117
1 681 591 121
1 682 591 116
1 683 591 116
1 684 591 115
1 685 591 116
1 686 591 116
1 687 591 115
1 688 591 115
1 689 591 116
1 690 591 116
1 691 591 115
1 692 591 116
1 693 591 116
1 694 591 119
1 695 591 114
1 696 591 119
1 697 591 115
1 698 591 114
1 699 591 112
1 700 591 114
1 701 591 113
1 702 591 119
1 703 591 115
1 704 591 115
1 705 591 116
1 706 591 116
1 707 591 116
1 708 591 114
1 709 591 110
1 710 591 113
1 711 591 110
1 712 591 111
1 713 591 114
1 714 591 114
1 715 591 112
1 716 591 110
1 717 591 109
1 718 591 114
1 719 591 113
1 720 591 113
1 721 591 112
1 722 591 112
1 723 591 111
1 724 591 118
1 725 591 112
1 726 591 110
1 727 591 111
1 728 591 112
1 729 591 108
1 730 591 109
1 731 591 106
1 732 591 108
1 733 591 110
1 734 591 107
1 735 591 105
1 36 591 108
1 736 591 104
1 737 591 108
1 738 591 108
1 739 591 110
1 740 591 103
1 741 591 106
1 742 591 112
1 743 591 101
1 744 325 126
1 745 325 123
1 746 325 129
1 747 325 119
1 748 325 124
1 749 325 114
1 29 325 126
1 750 325 121
1 26 325 116
1 751 325 123
1 752 325 116
1 753 325 122
1 754 325 114
1 755 325 121
1 756 325 115
1 757 325 112
1 21 325 112
1 758 325 113
1 759 325 123
1 760 325 110
1 761 325 119
1 762 325 122
1 763 325 119
1 764 325 110
1 765 325 111
1 17 325 115
1 766 325 118
1 767 325 109
1 768 325 117
1 769 325 110
1 770 325 112
1 771 325 112
1 772 325 108
1 773 325 108
1 774 325 108
1 775 325 109
1 776 325 112
1 777 325 112
1 778 325 116
1 779 325 115
1 780 325 111
1 781 325 110
1 782 325 110
1 783 325 112
1 784 325 110
1 785 325 108
1 786 325 116
1 787 325 115
1 788 325 107
1 789 325 117
1 13 325 117
1 790 325 112
1 791 325 112
1 792 325 108
1 793 325 122
1 794 325 118
1 795 325 111
1 796 325 104
1 797 325 109
1 798 325 104
1 799 325 111
1 800 325 107
1 10 325 115
1 801 325 118
1 802 325 109
1 803 325 111
1 804 325 102
1 805 325 105
1 806 325 103
1 807 325 108
1 808 325 99
1 809 325 102
1 4 325 99
1 810 325 102
1 811 325 102
1 812 461 131
1 813 461 131
1 814 461 129
1 815 461 127
1 816 461 123
1 817 461 123
1 818 461 118
1 819 461 116
1 820 461 117
1 821 461 122
1 822 461 116
1 823 461 116
1 824 461 115
1 825 461 116
1 826 461 113
1 827 461 113
1 828 461 113
1 829 461 113
1 830 461 112
1 831 461 117
1 832 461 112
1 9 461 112
1 833 461 113
1 834 461 117
1 835 461 112
1 3 461 112
1 836 461 119
1 837 461 118
1 838 461 112
1 839 461 116
1 840 461 110
1 841 461 112
1 842 461 111
1 843 461 108
1 844 461 119
1 845 461 108
1 2 461 108
1 846 461 120
1 847 461 116
1 848 461 110
1 849 461 108
1 850 461 107
1 851 461 107
1 852 461 116
1 853 461 106
1 854 461 106
1 855 461 109
1 856 461 109
1 857 461 105
1 858 461 106
1 859 461 118
1 860 461 107
1 861 651 107
1 862 651 107
1 863 651 123
1 864 651 112
1 865 651 112
1 866 651 115
1 867 651 119
1 868 651 105
1 869 651 105
1 870 651 121
1 871 651 116
1 872 651 106
1 873 651 102
1 874 651 102
1 875 651 106
1 876 651 100
1 877 651 127
1 878 651 110
1 879 651 106
1 880 651 114
1 881 651 114
1 882 651 116
1 883 651 110
1 884 651 113
1 885 651 113
1 886 651 116
1 887 651 114
1 888 651 112
1 889 651 108
1 890 651 109
1 891 651 108
1 892 651 113
1 893 651 112
1 894 651 117
1 895 651 118
1 896 651 114
1 897 651 113
1 898 651 115
1 899 651 119
1 900 651 114
1 901 651 115
1 902 651 118
1 903 651 112
1 904 651 121
1 905 651 113
1 16 651 77
1 906 651 110
1 907 651 119
1 908 651 117
1 909 651 108
1 910 651 108
1 911 651 111
1 912 651 114
1 913 651 113
1 914 651 113
1 915 651 113
1 916 651 115
1 917 651 114
1 918 651 113
1 919 651 119
1 920 651 109
1 921 651 109
1 922 651 109
1 923 651 115
1 924 651 122
1 925 651 27
1 926 651 117
1 927 651 119
1 928 651 121
1 929 651 113
1 930 651 120
1 931 651 117
1 932 651 130
1 933 651 120
1 934 651 117
1 935 651 135
1 936 651 120
1 937 651 115
1 938 651 127
1 939 651 129
1 940 651 129
1 941 651 131
1 942 651 133
1 943 651 127
1 944 651 138
1 945 651 129
1 946 335 142
1 947 335 133
1 948 335 132
1 949 335 127
1 950 335 128
1 951 335 128
1 952 335 125
1 953 335 124
1 954 335 119
1 955 335 125
1 956 335 122
1 1 335 118
1 957 335 118
1 958 335 122
1 959 335 121
1 960 335 121
1 961 335 121
1 962 335 116
1 35 335 120
1 32 335 122
1 963 335 121
1 964 335 117
1 965 335 117
1 966 335 124
1 967 335 124
1 968 335 116
1 969 335 119
1 970 335 122
1 971 335 115
1 972 335 115
1 973 335 116
1 974 335 115
1 975 335 124
1 976 335 119
1 977 335 122
1 978 335 115
1 979 335 113
1 980 335 121
1 981 335 120
1 982 335 117
1 28 335 113
1 983 335 112
1 984 335 112
1 985 335 112
1 986 335 120
1 987 335 119
1 988 335 119
1 989 335 116
1 990 335 116
1 991 335 112
1 992 335 111
1 993 335 108
1 994 335 111
1 995 651 119
1 996 651 115
1 997 651 117
1 998 494 130
1 999 494 131
1 1000 494 124
1 1001 494 124
1 1002 494 128
1 1003 494 125
1 1004 494 122
1 1005 494 122
1 1006 494 122
1 1007 494 126
1 1008 494 120
1 1009 494 120
1 20 494 120
1 1010 494 120
1 1011 494 120
1 1012 494 122
1 1013 494 122
1 1014 494 121
1 1015 494 124
1 1016 494 118
1 1017 494 122
1 1018 494 120
1 1019 494 120
1 1020 494 119
1 1021 494 115
1 1022 494 116
1 1023 494 115
1 1024 494 122
1 1025 494 116
1 1026 494 115
1 1027 494 121
1 1028 494 113
1 1029 494 116
1 1030 494 116
1 12 494 118
1 1031 494 113
1 1032 494 117
1 1033 494 118
1 1034 494 118
1 1035 494 120
1 1036 494 121
1 1037 494 118
1 1038 494 111
1 1039 494 113
1 1040 494 110
1 1041 494 110
1 1042 494 112
1 1043 494 109
1 1044 494 110
1 1045 494 109
1 1046 494 111
1 1047 494 112
1 1048 494 111
1 1049 494 109
1 1050 494 108
1 1051 494 111
1 45 494 109
1 1052 494 108
1 1053 494 108
1 1054 494 106
1 1055 494 106
1 1056 494 107
1 1057 494 107
1 1058 494 107
1 1059 494 105
1 1060 494 105
1 1061 494 109
1 1062 494 109
1 1063 494 110
1 1064 494 103
1 1065 494 104
1 1066 494 116
1 1067 494 118
1 1068 494 113
1 8 494 113
1 1069 494 115
1 1070 494 107
1 1071 494 118
1 1072 494 103
1 1073 494 103
1 1074 494 100
1 1075 494 105
1 1076 494 121
1 1077 494 100
1 1078 494 128
1 1079 494 122
1 1080 494 121
1 1081 494 120
1 1082 494 117
1 1083 494 119
1 1084 494 116
1 1085 494 116
1 1086 494 115
1 1087 494 118
1 1088 494 114
1 1089 494 111
1 1090 494 114
1 1091 494 115
1 1092 494 116
1 1093 494 113
1 1094 494 108
1 1095 494 103
1 1096 494 77
1 34 671 135
1 1097 671 127
1 1098 671 127
1 1099 671 128
1 1100 671 126
1 1101 671 133
1 1102 671 124
1 1103 671 124
1 1104 671 131
1 1105 671 122
1 1106 671 128
1 1107 671 122
1 1108 671 121
1 1109 671 120
1 1110 671 121
1 1111 671 127
1 1112 671 127
1 1113 671 122
1 1114 671 127
1 1115 671 120
1 1116 671 118
1 1117 671 118
1 1118 671 118
1 1119 671 119
1 1120 671 124
1 1121 671 118
1 1122 671 116
1 1123 671 116
1 1124 671 116
1 1125 671 116
1 1126 671 117
1 1127 671 119
1 1128 671 119
1 1129 671 117
1 1130 671 117
1 1131 671 122
1 1132 671 117
1 1133 671 117
1 1134 671 117
1 1135 671 123
1 1136 671 118
1 1137 671 122
1 1138 671 122
1 1139 671 119
1 1140 671 114
1 1141 671 114
1 1142 671 114
1 1143 671 115
1 1144 671 113
1 1145 671 117
1 1146 671 114
1 1147 671 115
1 1148 671 115
1 1149 671 114
1 1150 671 117
1 1151 671 122
1 1152 671 114
1 1153 671 113
1 1154 671 113
1 1155 671 116
1 1156 671 111
1 1157 671 112
1 1158 671 114
1 1159 671 110
1 1160 671 118
1 1161 671 127
1 1162 671 113
1 1163 671 113
1 1164 671 113
1 1165 671 114
1 1166 671 110
1 1167 671 114
1 1168 671 108
1 1169 671 110
1 1170 671 115
1 1171 671 120
1 1172 671 110
1 1173 671 108
1 1174 671 110
1 1175 671 108
1 1176 671 111
1 1177 671 106
1 1178 671 106
1 1179 671 104
1 1180 671 113
1 1181 671 125
1 1182 671 127
1 1183 671 135
1 1184 671 123
1 1185 671 114
1 1186 671 100
1 1187 671 127
1 1188 671 128
1 1189 671 117
1 1190 671 117
1 1191 671 123
1 1192 671 120
1 1193 671 111
1 1194 671 104
1 1195 671 79
1 1196 671 92
1 1197 671 92
1 19 671 77
1 1198 405 146
1 1199 405 131
1 1200 405 131
1 1201 405 129
1 1202 405 128
1 11 405 126
1 1203 405 127
1 7 405 119
1 1204 405 117
1 1205 405 117
1 1206 405 115
1 1207 405 115
1 1208 405 123
1 1209 405 117
1 1210 405 115
1 1211 405 115
1 1212 405 114
1 1213 405 117
1 1214 405 115
1 1215 405 114
1 1216 405 112
1 1217 405 113
1 1218 405 112
1 1219 405 113
1 1220 405 113
1 1221 405 123
1 1222 405 117
1 1223 405 111
1 1224 405 112
1 1225 405 111
1 1226 405 114
1 43 405 110
1 1227 405 111
1 1228 405 110
1 1229 405 110
1 1230 405 110
1 1231 405 111
1 1232 405 109
1 1233 405 113
1 1234 405 109
1 1235 405 106
1 1236 405 109
1 1237 405 104
1 1238 405 106
1 1239 405 103
1 1240 405 125
1 1241 405 104
1 1242 405 99
1 1243 405 98
1 1244 467 122
1 1245 467 119
1 1246 467 116
1 1247 467 116
1 1248 467 123
1 1249 467 117
1 1250 467 116
1 1251 467 116
1 1252 467 116
1 1253 467 121
1 1254 467 121
1 1255 467 114
1 1256 467 112
1 1257 467 118
1 1258 467 114
1 25 467 118
1 1259 467 110
1 1260 467 109
1 1261 467 110
1 1262 467 110
1 1263 467 109
1 1264 467 112
1 1265 467 118
1 1266 467 120
1 1267 467 120
1 1268 467 108
1 1269 467 115
1 1270 467 108
1 1271 467 108
1 1272 467 110
1 1273 467 114
1 1274 467 107
1 1275 467 107
1 1276 467 107
1 1277 467 108
1 1278 467 106
1 1279 467 112
1 23 467 109
1 1280 467 114
1 1281 467 118
1 1282 467 106
1 1283 467 105
1 1284 467 104
1 1285 467 113
1 1286 467 113
1 1287 467 111
1 1288 467 103
1 1289 467 103
1 1290 467 105
1 1291 467 102
1 1292 467 109
1 1293 467 101
1 1294 467 109
1 1295 467 121
1 1296 467 108
1 1297 467 99
1 1298 467 99
1 1299 467 96
1 1300 467 114
1 1301 467 116
1 1302 467 112
1 1303 467 113
1 1304 447 130
1 1305 447 127
1 1306 447 122
1 1307 447 138
1 1308 447 119
1 1309 447 118
1 1310 447 117
1 1311 447 123
1 1312 447 121
1 1313 447 120
1 1314 447 116
1 1315 447 120
1 1316 447 115
1 1317 447 120
1 1318 447 118
1 1319 447 123
1 1320 447 121
1 1321 447 121
1 1322 447 114
1 1323 447 120
1 1324 447 114
1 1325 447 113
1 1326 447 121
1 1327 447 114
1 1328 447 121
1 1329 447 121
1 1330 447 113
1 1331 447 113
1 1332 447 113
1 1333 447 113
1 1334 447 119
1 1335 447 117
1 1336 447 116
1 1337 447 111
1 1338 447 113
1 1339 447 111
1 1340 447 112
1 1341 447 110
1 1342 447 112
1 1343 447 111
1 1344 447 112
1 1345 447 116
1 1346 447 109
1 1347 447 110
1 1348 447 115
1 1349 447 110
1 1350 447 110
1 1351 447 110
1 1352 447 120
1 1353 447 109
1 1354 447 109
1 1355 447 118
1 1356 447 115
1 1357 447 110
1 1358 447 117
1 1359 447 115
1 1360 447 111
1 1361 447 109
1 1362 447 108
1 1363 447 110
1 1364 447 116
1 15 447 113
1 1365 447 112
1 1366 447 110
1 1367 447 108
1 1368 447 111
1 1369 447 109
1 1370 447 117
1 1371 447 113
1 1372 447 115
1 1373 447 117
1 1374 447 112
1 1375 447 108
1 1376 447 108
1 1377 447 111
1 1378 447 116
1 1379 447 109
1 1380 447 106
1 1381 447 108
1 1382 447 112
1 1383 447 114
1 1384 447 113
1 1385 447 113
1 1386 447 112
1 1387 447 117
1 1388 447 104
1 1389 447 105
1 1390 447 108
1 1391 447 106
1 1392 447 105
1 1393 447 103
1 1394 447 103
1 1395 447 104
1 1396 447 104
1 1397 447 110
1 1398 447 108
1 1399 447 105
1 1400 447 97
1 1401 447 97
1 1402 447 101
1 1403 447 101
1 1404 447 113
1 1405 447 114
1 1406 567 125
1 1407 567 125
1 1408 567 122
1 1409 567 121
1 1410 567 119
1 1411 567 131
1 1412 567 116
1 1413 567 124
1 1414 567 116
1 1415 567 122
1 1416 567 120
1 1417 567 115
1 1418 567 121
1 1419 567 114
1 1420 567 116
1 1421 567 121
1 1422 567 123
1 1423 567 123
1 1424 567 121
1 1425 567 114
1 1426 567 117
1 1427 567 114
1 1428 567 114
1 1429 567 124
1 1430 567 113
1 1431 567 122
1 1432 567 112
1 1433 567 120
1 1434 567 114
1 1435 567 120
1 1436 567 120
1 1437 567 122
1 1438 567 112
1 1439 567 112
1 1440 567 120
1 1441 567 119
1 1442 567 119
1 1443 567 118
1 1444 567 112
1 1445 567 112
1 1446 567 112
1 1447 567 112
1 1448 567 111
1 1449 567 111
1 1450 567 120
1 1451 567 120
1 1452 567 111
1 1453 567 122
1 1454 567 119
1 1455 567 111
1 1456 567 118
1 1457 567 113
1 6 567 111
1 1458 567 111
1 1459 567 110
1 1460 567 110
1 1461 567 116
1 1462 567 109
1 1463 567 112
1 1464 567 112
1 1465 567 117
1 1466 567 111
1 1467 567 110
1 1468 567 110
1 1469 567 108
1 1470 567 111
1 1471 567 107
1 1472 567 107
1 1473 567 107
1 1474 567 118
1 1475 567 108
1 1476 567 119
1 1477 567 118
1 1478 567 107
1 1479 567 110
1 1480 567 107
1 1481 567 111
1 1482 567 110
1 1483 567 119
1 1484 567 108
1 1485 567 106
1 1486 567 106
1 1487 567 104
1 1488 567 106
1 1489 567 109
1 1490 567 102
1 1491 567 103
1 1492 567 119
1 1493 567 107
1 1494 567 119
1 1495 567 105
1 1496 567 100
1 1497 567 101
1 1498 567 116
1 1499 567 118
1 1500 567 121
1 1501 567 121
1 1502 617 140
1 1503 617 134
1 1504 617 133
1 1505 617 130
1 1506 617 135
1 1507 617 127
1 1508 617 127
1 1509 617 127
1 1510 617 127
1 1511 617 128
1 1512 617 130
1 1513 617 124
1 1514 617 130
1 1515 617 132
1 1516 617 124
1 1517 617 123
1 1518 617 127
1 1519 617 129
1 1520 617 129
1 1521 617 129
1 1522 617 123
1 1523 617 123
1 1524 617 122
1 1525 617 124
1 1526 617 124
1 1527 617 123
1 1528 617 116
1 1529 617 121
1 1530 617 120
1 1531 617 120
1 1532 617 118
1 1533 617 117
1 1534 617 117
1 1535 617 127
1 1536 617 117
1 1537 617 116
1 1538 617 116
1 1539 617 121
1 1540 617 116
1 1541 617 123
1 1542 617 115
1 1543 617 115
1 1544 617 117
1 1545 617 117
1 1546 617 125
1 1547 617 115
1 1548 617 120
1 1549 617 115
1 1550 617 117
1 1551 617 123
1 1552 617 132
1 1553 617 120
1 1554 617 121
1 1555 617 125
1 1556 617 129
1 1557 617 126
1 1558 617 123
1 1559 617 120
1 1560 617 121
1 1561 617 127
1 1562 617 128
1 1563 617 127
1 1564 617 123
1 1565 617 129
1 1566 617 129
1 1567 617 118
1 1568 617 121
1 1569 617 121
1 1570 617 124
1 1571 617 118
1 1572 617 119
1 1573 617 119
1 1574 617 125
1 1575 617 121
1 1576 617 118
1 1577 617 118
1 1578 617 120
1 1579 617 124
1 1580 617 125
1 1581 617 126
1 1582 617 113
1 1583 617 112
1 1584 617 112
1 1585 617 111
1 1586 617 114
1 1587 617 114
1 1588 617 121
1 1589 617 124
1 1590 617 112
1 1591 617 110
1 1592 617 110
1 1593 617 101
1 1594 617 128
1 1595 617 122
1 1596 672 137
1 1597 672 124
1 1598 672 131
1 1599 672 122
1 1600 672 123
1 1601 672 123
1 1602 672 123
1 1603 672 131
1 1604 672 124
1 1605 672 129
1 1606 672 120
1 1607 672 119
1 1608 672 119
1 1609 672 127
1 1610 672 118
1 1611 672 127
1 1612 672 127
1 1613 672 118
1 1614 672 117
1 1615 672 117
1 1616 672 127
1 1617 672 116
1 1618 672 123
1 1619 672 117
1 1620 672 115
1 1621 672 125
1 1622 672 117
1 1623 672 118
1 1624 672 118
1 1625 672 123
1 1626 672 114
1 1627 672 117
1 1628 672 114
1 1629 672 116
1 1630 672 114
1 1631 672 117
1 1632 672 116
1 1633 672 114
1 1634 672 114
1 1635 672 114
1 1636 672 113
1 1637 672 114
1 1638 672 115
1 1639 672 125
1 1640 672 116
1 1641 672 113
1 1642 672 115
1 1643 672 117
1 1644 672 122
1 1645 672 114
1 1646 672 113
1 1647 672 123
1 1648 672 114
1 1649 672 116
1 1650 672 121
1 1651 672 120
1 1652 672 120
1 1653 672 114
1 1654 672 120
1 1655 672 120
1 1656 672 111
1 1657 672 109
1 1658 672 111
1 1659 672 111
1 1660 672 110
1 1661 672 129
1 1662 672 111
1 1663 672 117
1 1664 672 118
1 1665 672 112
1 1666 672 111
1 1667 672 111
1 1668 672 120
1 1669 672 117
1 1670 672 123
1 1671 672 109
1 1672 672 109
1 1673 672 112
1 1674 672 120
1 1675 672 108
1 1676 672 108
1 1677 672 108
1 1678 672 108
1 1679 672 109
1 1680 672 114
1 1681 672 116
1 1682 672 108
1 1683 672 109
1 1684 672 124
1 1685 672 116
1 1686 672 123
1 1687 672 108
1 1688 672 107
1 1689 672 117
1 1690 672 118
1 1691 672 105
1 1692 672 104
1 1693 649 122
1 1694 649 120
1 1695 649 123
1 1696 649 123
1 1697 649 118
1 1698 649 116
1 1699 649 117
1 1700 649 116
1 1701 649 121
1 1702 649 115
1 1703 649 116
1 1704 649 115
1 1705 649 119
1 1706 649 115
1 1707 649 117
1 1708 649 120
1 1709 649 119
1 1710 649 116
1 1711 649 120
1 1712 649 117
1 1713 649 113
1 1714 649 115
1 1715 649 112
1 1716 649 114
1 1717 649 114
1 1718 649 113
1 1719 649 117
1 1720 649 119
1 1721 649 117
1 1722 649 118
1 1723 649 114
1 1724 649 112
1 1725 649 112
1 1726 649 112
1 1727 649 117
1 1728 649 112
1 1729 649 113
1 1730 649 113
1 1731 649 111
1 1732 649 112
1 1733 649 111
1 1734 649 111
1 1735 649 110
1 1736 649 110
1 1737 649 111
1 1738 649 116
1 1739 649 112
1 1740 649 110
1 1741 649 110
1 1742 649 119
1 1743 649 109
1 1744 649 109
1 1745 649 110
1 1746 649 110
1 1747 649 109
1 1748 649 113
1 1749 649 116
1 1750 649 112
1 1751 649 109
1 1752 649 109
1 1753 649 110
1 1754 649 111
1 1755 649 113
1 1756 649 108
1 1757 649 108
1 1758 649 109
1 1759 649 108
1 1760 649 110
1 1761 649 114
1 1762 649 114
1 1763 649 114
1 1764 649 108
1 1765 649 106
1 1766 649 109
1 1767 649 109
1 1768 649 118
1 1769 649 119
1 1770 649 103
1 1771 649 109
1 1772 649 115
1 1773 649 107
1 1774 649 112
1 1775 649 114
1 1776 362 127
1 1777 362 123
1 1778 362 121
1 1779 362 120
1 1780 362 121
1 1781 362 121
1 1782 362 116
1 1783 362 118
1 1784 362 119
1 1785 362 117
1 1786 362 117
1 1787 362 118
1 1788 362 126
1 1789 362 117
1 1790 362 115
1 1791 362 116
1 1792 362 114
1 1793 362 114
1 1794 362 123
1 1795 362 117
1 1796 362 122
1 1797 362 114
1 1798 362 113
1 1799 362 116
1 1800 362 113
1 1801 362 112
1 1802 362 113
1 1803 362 113
1 1804 362 116
1 1805 362 109
1 1806 362 111
1 1807 362 110
1 1808 362 110
1 1809 362 120
1 1810 362 114
1 1811 362 120
1 1812 362 111
1 1813 362 109
1 1814 362 111
1 1815 362 112
1 1816 362 116
1 1817 362 113
1 1818 362 106
1 1819 362 105
1 1820 362 107
1 1821 545 136
1 1822 545 133
1 1823 545 123
1 1824 545 123
1 1825 545 124
1 1826 545 124
1 1827 545 121
1 1828 545 119
1 1829 545 118
1 1830 545 125
1 1831 545 120
1 1832 545 127
1 1833 545 118
1 1834 545 120
1 1835 545 121
1 1836 545 121
1 1837 545 116
1 1838 545 120
1 1839 545 119
1 1840 545 117
1 1841 545 117
1 1842 545 120
1 1843 545 116
1 1844 545 125
1 1845 545 125
1 1846 545 116
1 1847 545 118
1 1848 545 116
1 1849 545 116
1 1850 545 116
1 1851 545 116
1 1852 545 116
1 1853 545 117
1 1854 545 117
1 1855 545 116
1 1856 545 114
1 1857 545 115
1 1858 545 118
1 1859 545 120
1 1860 545 118
1 1861 545 127
1 1862 545 124
1 1863 545 114
1 1864 545 114
1 1865 545 117
1 1866 545 124
1 1867 545 117
1 1868 545 115
1 1869 545 115
1 1870 545 115
1 1871 545 115
1 1872 545 116
1 1873 545 113
1 1874 545 113
1 1875 545 115
1 1876 545 112
1 1877 545 118
1 1878 545 121
1 1879 545 118
1 1880 545 119
1 1881 545 120
1 1882 545 120
1 1883 545 118
1 1884 545 114
1 1885 545 113
1 1886 545 114
1 1887 545 114
1 1888 545 120
1 1889 545 123
1 1890 545 123
1 1891 545 113
1 1892 545 109
1 1893 545 109
1 1894 545 121
1 1895 545 122
1 1896 545 112
1 1897 545 112
1 1898 545 110
1 1899 545 110
1 1900 545 113
1 1901 545 108
1 1902 545 107
1 1903 545 107
1 1904 545 110
1 1905 545 110
1 1906 545 117
1 1907 545 105
1 1908 545 108
1 1909 545 119
1 1910 545 101
1 1911 545 104
1 1912 545 105
1 1913 545 105
1 1914 545 117
1 1915 545 120
1 1916 545 120
1 1917 545 119
1 1918 545 119
1 1919 482 124
1 1920 482 127
1 1921 482 117
1 1922 482 121
1 1923 482 127
1 1924 482 119
1 1925 482 121
1 1926 482 117
1 1927 482 118
1 1928 482 124
1 1929 482 114
1 1930 482 113
1 1931 482 113
1 1932 482 122
1 1933 482 122
1 1934 482 122
1 1935 482 116
1 1936 482 116
1 1937 482 118
1 1938 482 111
1 1939 482 110
1 1940 482 121
1 1941 482 117
1 1942 482 112
1 1943 482 109
1 1944 482 113
1 1945 482 120
1 1946 482 120
1 1947 482 120
1 1948 482 110
1 1949 482 113
1 1950 482 110
1 1951 482 120
1 1952 482 119
1 1953 482 115
1 1954 482 115
1 1955 482 116
1 1956 482 108
1 1957 482 111
1 1958 482 111
1 1959 482 107
1 1960 482 118
1 1961 482 108
1 1962 482 111
1 1963 482 120
1 1964 482 107
1 1965 482 112
1 1966 482 117
1 1967 482 115
1 1968 482 121
1 1969 482 110
1 1970 482 107
1 1971 482 108
1 1972 482 108
1 1973 482 112
1 1974 482 112
1 1975 482 111
1 1976 482 118
1 1977 482 114
1 1978 482 116
1 1979 482 111
1 1980 482 107
1 1981 482 107
1 1982 482 109
1 1983 482 108
1 1984 482 105
1 1985 482 105
1 1986 482 111
1 1987 482 108
1 1988 482 111
1 1989 482 119
1 1990 482 109
1 1991 482 107
1 1992 482 113
1 1993 482 105
1 1994 482 112
1 1995 482 113
1 1996 482 105
1 1997 482 109
1 1998 482 102
1 1999 482 105
1 2000 482 111
1 2001 482 116
1 2002 482 120
1 2003 482 100
1 2004 482 103
1 2005 482 98
1 2006 482 106
1 2007 482 96
1 2008 482 96
