1 1945 482 101
1 1946 482 105
1 1947 482 92
1 1948 482 75
1 1949 513 134
1 1950 513 127
1 1951 513 118
1 1952 513 138
1 1953 513 117
1 1954 513 112
1 1955 513 99
1 1956 513 99
1 1957 513 119
1 1958 513 113
1 1959 513 109
1 1960 513 119
1 1961 513 120
1 1962 513 120
1 1963 513 102
1 1964 513 108
1 1965 513 108
1 1966 513 114
1 1967 513 108
1 1968 513 107
1 1969 513 107
1 1970 513 116
1 1971 513 109
1 1972 513 105
1 1973 513 105
1 1974 513 105
1 1975 513 106
1 1976 513 115
1 1977 513 105
1 1978 513 106
1 1979 513 106
1 1980 513 106
1 1981 513 114
1 1982 513 104
1 1983 513 104
1 1984 513 115
1 1985 513 115
1 1986 513 106
1 1987 513 103
1 1988 513 111
1 1989 513 111
1 1990 513 113
1 1991 513 114
1 1992 513 102
1 1993 513 103
1 1994 513 102
1 1995 513 105
1 1996 513 111
1 1997 513 118
1 1998 513 106
1 1999 513 106
1 2000 513 101
1 2001 513 113
1 2002 513 101
1 2003 513 105
1 2004 513 103
1 2005 513 104
1 2006 513 103
1 2007 513 100
1 2008 513 101
1 2009 513 101
1 2010 513 103
1 2011 513 105
1 2012 513 100
1 2013 513 101
1 2014 513 101
1 2015 513 100
1 2016 513 100
1 2017 513 110
1 2018 513 108
1 2019 513 110
1 2020 513 99
1 2021 513 109
1 2022 513 103
1 2023 513 102
1 2024 513 99
1 2025 513 104
1 2026 513 101
1 2027 513 109
1 2028 513 115
1 2029 513 99
1 2030 513 99
1 2031 513 100
1 2032 513 97
1 2033 513 108
1 2034 513 101
1 2035 513 100
1 2036 513 101
1 2037 513 108
1 2038 513 111
1 2039 513 97
1 2040 513 100
1 2041 513 104
1 2042 513 95
1 2043 513 98
1 2044 513 101
1 2045 513 98
1 2046 444 123
1 2047 444 119
1 2048 444 117
1 2049 444 111
1 2050 444 124
1 2051 444 115
1 2052 444 117
1 2053 444 115
1 2054 444 115
1 2055 444 120
1 2056 444 123
1 2057 444 113
1 2058 444 113
1 2059 444 113
1 2060 444 113
1 2061 444 119
1 2062 444 114
1 2063 444 113
1 2064 444 112
1 2065 444 112
1 2066 444 115
1 2067 444 112
1 2068 444 121
1 2069 444 111
1 2070 444 112
1 2071 444 112
1 2072 444 112
1 2073 444 116
1 2074 444 110
1 2075 444 115
1 2076 444 113
1 2077 444 112
1 2078 444 119
1 2079 444 116
1 2080 444 121
1 2081 444 117
1 2082 444 116
1 2083 444 110
1 2084 444 113
1 2085 444 117
1 2086 444 118
1 2087 444 111
1 2088 444 109
1 2089 444 112
1 2090 444 108
1 2091 444 114
1 2092 444 108
1 2093 444 114
1 2094 444 109
1 2095 444 109
1 2096 444 106
1 2097 444 115
1 2098 444 113
1 2099 444 114
1 2100 444 109
1 2101 444 109
1 2102 444 121
1 2103 444 113
1 2104 444 114
1 2105 444 112
1 2106 444 112
1 2107 444 108
1 2108 444 108
1 2109 444 105
1 2110 444 105
1 2111 444 105
1 2112 444 110
1 2113 444 110
1 2114 444 104
1 2115 444 102
1 2116 444 109
1 2117 444 102
1 2118 444 104
1 2119 444 98
1 2120 444 103
1 2121 444 100
1 2122 444 101
1 2123 444 100
1 2124 444 99
1 2125 444 106
1 2126 444 96
1 2127 444 101
1 2128 528 126
1 2129 528 132
1 2130 528 126
1 2131 528 130
1 2132 528 127
1 2133 528 127
1 2134 528 126
1 2135 528 120
1 2136 528 117
1 2137 528 115
1 2138 528 120
1 2139 528 127
1 2140 528 126
1 2141 528 124
1 2142 528 115
1 2143 528 114
1 2144 528 115
1 2145 528 118
1 2146 528 128
1 2147 528 122
1 2148 528 114
1 2149 528 114
1 2150 528 115
1 2151 528 123
1 2152 528 124
1 2153 528 124
1 2154 528 115
1 2155 528 115
1 2156 528 115
1 2157 528 113
1 2158 528 114
1 2159 528 113
1 2160 528 125
1 2161 528 123
1 2162 528 121
1 2163 528 116
1 2164 528 116
1 2165 528 115
1 2166 528 113
1 2167 528 113
1 2168 528 113
1 2169 528 119
1 2170 528 124
1 2171 528 124
1 2172 528 114
1 2173 528 115
1 2174 528 115
1 2175 528 120
1 2176 528 122
1 2177 528 115
1 2178 528 110
1 2179 528 119
1 2180 528 120
1 2181 528 117
1 2182 528 113
1 2183 528 112
1 2184 528 112
1 2185 528 119
1 2186 528 111
1 2187 528 109
1 2188 528 112
1 2189 528 116
1 2190 528 111
1 2191 528 108
1 2192 528 109
1 2193 528 108
1 2194 528 108
1 2195 528 107
1 2196 528 108
1 2197 528 118
1 2198 528 107
1 2199 528 109
1 2200 528 118
1 2201 528 116
1 2202 528 116
1 2203 528 106
1 2204 528 107
1 2205 528 110
1 2206 528 109
1 2207 528 113
1 2208 528 120
1 2209 528 113
1 2210 528 115
1 2211 528 106
1 2212 528 111
1 2213 528 108
1 2214 528 115
1 2215 528 110
1 2216 528 107
1 2217 528 111
1 2218 528 103
1 2219 528 105
1 2220 528 106
1 2221 528 113
1 2222 378 124
1 2223 378 122
1 2224 378 125
1 2225 378 128
1 2226 378 114
1 2227 378 117
1 2228 378 127
1 2229 378 116
1 2230 378 115
1 2231 378 116
1 2232 378 116
1 2233 378 115
1 2234 378 115
1 2235 378 114
1 2236 378 114
1 2237 378 113
1 2238 378 123
1 2239 378 114
1 2240 378 113
1 2241 378 117
1 2242 378 112
1 2243 378 113
1 2244 378 114
1 2245 378 111
1 2246 378 113
1 2247 378 112
1 2248 378 116
1 2249 378 117
1 2250 378 112
1 2251 378 113
1 2252 378 111
1 2253 378 117
1 2254 378 117
1 2255 378 111
1 2256 378 113
1 2257 378 110
1 2258 378 112
1 2259 378 119
1 2260 378 112
1 2261 378 115
1 2262 378 115
1 2263 378 109
1 2264 378 109
1 2265 378 114
1 2266 378 112
1 2267 378 111
1 2268 378 119
1 2269 378 113
1 2270 378 112
1 2271 378 112
1 2272 378 108
1 2273 378 120
1 2274 378 109
1 2275 378 115
1 2276 378 118
1 2277 378 107
1 2278 378 110
1 2279 378 110
1 2280 378 105
1 2281 378 106
1 2282 378 106
1 2283 378 111
1 2284 378 98
1 2285 378 110
1 2286 378 105
1 2287 378 105
1 2288 378 108
1 2289 378 104
1 2290 378 105
1 2291 508 128
1 2292 508 130
1 2293 508 123
1 2294 508 118
1 2295 508 119
1 2296 508 118
1 2297 508 123
1 2298 508 120
1 2299 508 120
1 2300 508 115
1 2301 508 119
1 2302 508 117
1 2303 508 122
1 2304 508 121
1 2305 508 121
1 2306 508 113
1 2307 508 116
1 2308 508 120
1 2309 508 113
1 2310 508 114
1 2311 508 112
1 2312 508 115
1 2313 508 118
1 2314 508 118
1 2315 508 112
1 2316 508 112
1 2317 508 118
1 2318 508 112
1 2319 508 113
1 2320 508 111
1 2321 508 110
1 2322 508 110
1 2323 508 110
1 2324 508 120
1 2325 508 112
1 2326 508 112
1 2327 508 113
1 2328 508 111
1 2329 508 111
1 2330 508 110
1 2331 508 110
1 2332 508 110
1 2333 508 110
1 2334 508 117
1 2335 508 117
1 2336 508 114
1 2337 508 117
1 2338 508 118
1 2339 508 109
1 2340 508 109
1 2341 508 108
1 2342 508 108
1 2343 508 115
1 2344 508 108
1 2345 508 107
1 2346 508 112
1 2347 508 111
1 2348 508 109
1 2349 508 107
1 2350 508 106
1 2351 508 106
1 2352 508 109
1 2353 508 109
1 2354 508 109
1 2355 508 106
1 2356 508 106
1 2357 508 105
1 2358 508 105
1 2359 508 111
1 2360 508 111
1 2361 508 111
1 2362 508 103
1 2363 508 106
1 2364 508 104
1 2365 508 104
1 2366 508 109
1 2367 508 101
1 2368 508 104
1 2369 508 93
1 2370 508 90
1 2371 508 90
1 2372 502 114
1 2373 502 127
1 2374 502 131
1 2375 502 129
1 2376 502 126
1 2377 502 121
1 2378 502 123
1 2379 502 103
1 2380 502 122
1 2381 502 122
1 2382 502 124
1 2383 502 124
1 2384 502 126
1 2385 502 120
1 2386 502 135
1 2387 502 133
1 2388 502 132
1 2389 502 130
1 2390 502 130
1 2391 502 130
1 2392 502 129
1 2393 502 118
1 2394 502 135
1 2395 502 129
1 2396 502 128
1 2397 502 128
1 2398 502 128
1 2399 502 127
1 2400 502 122
1 2401 502 118
1 2402 502 122
1 2403 502 122
1 2404 502 127
1 2405 502 127
1 2406 502 126
1 2407 502 122
1 2408 502 127
1 2409 502 126
1 2410 502 125
1 2411 502 123
1 2412 502 110
1 2413 502 123
1 2414 502 108
1 2415 502 117
1 2416 502 110
1 2417 502 129
1 2418 502 131
1 2419 502 129
1 2420 557 138
1 2421 557 138
1 2422 557 142
1 2423 557 131
1 2424 557 133
1 2425 557 122
1 2426 557 116
1 2427 557 130
1 2428 557 130
1 2429 557 128
1 2430 557 125
1 2431 557 120
1 2432 557 122
1 2433 557 129
1 2434 557 129
1 2435 557 129
1 2436 557 127
1 2437 557 129
1 2438 557 118
1 2439 557 126
1 2440 557 117
1 2441 557 119
1 2442 557 128
1 2443 557 127
1 2444 557 120
1 2445 557 119
1 2446 557 127
1 2447 557 127
1 2448 557 134
1 2449 557 127
1 2450 557 115
1 2451 557 115
1 2452 557 116
1 2453 557 126
1 2454 557 122
1 2455 557 117
1 2456 557 121
1 2457 557 122
1 2458 557 126
1 2459 557 126
1 2460 557 125
1 2461 557 122
1 2462 557 114
1 2463 557 124
1 2464 557 114
1 2465 557 120
1 2466 557 116
1 2467 557 119
1 2468 557 117
1 2469 557 119
1 2470 557 115
1 2471 557 115
1 2472 557 119
1 2473 557 114
1 2474 557 113
1 2475 557 113
1 2476 557 124
1 2477 557 113
1 2478 557 112
1 2479 557 119
1 2480 557 117
1 2481 557 114
1 2482 557 115
1 2483 557 117
1 2484 557 114
1 2485 557 113
1 2486 557 115
1 2487 557 117
1 2488 557 112
1 2489 557 111
1 2490 557 118
1 2491 557 111
1 2492 557 115
1 2493 557 115
1 2494 557 113
1 2495 557 118
1 2496 557 112
1 2497 557 117
1 2498 557 112
1 2499 557 108
1 2500 557 105
1 2501 557 121
1 2502 557 117
1 2503 557 113
1  557 119
1 2504 557 115
1 2505 557 109
1 2506 557 112
1 2507 557 115
1 2508 557 115
1 2509 557 129
1 2510 557 127
1 2511 557 130
1 55 457 140
1 39 457 126
1 56 457 88
1 57 457 134
1 51 457 141
1 58 457 141
1 59 457 135
1 60 457 132
1 61 457 126
1 62 457 136
1 63 211 126
1 47 211 119
1 64 211 126
1 65 211 121
1 66 211 112
1 67 211 119
1 68 211 122
1 69 211 120
1 70 211 125
1 71 211 118
1 72 290 108
1 73 290 119
1 74 290 117
1 75 290 118
1 76 290 117
1 77 290 115
1 78 290 115
1 52 290 113
1 79 290 113
1 80 290 114
1 81 290 125
1 82 290 112
1 83 290 114
1 84 290 110
1 85 290 108
1 86 290 120
1 87 290 108
1 88 290 107
1 89 290 107
1 90 290 107
1 91 290 100
1 92 290 111
1 93 290 98
1 94 290 115
1 95 290 111
1 96 290 128
1 97 290 92
1 98 290 105
1 50 290 107
1 99 290 108
1 100 290 111
1 45 290 112
1 101 290 126
1 102 290 116
1 103 290 114
1 104 290 112
1 105 290 115
1 106 290 113
1 107 290 109
1 108 290 108
1 109 290 115
1 110 290 107
1 111 290 112
1 112 290 111
1 113 290 108
1 36 290 121
1 114 290 106
1 115 290 114
1 116 290 109
1 117 290 100
1 118 290 114
1 119 290 104
1 120 290 106
1 121 290 106
1 122 414 124
1 123 414 135
1 124 414 133
1 125 414 130
1 126 414 131
1 127 414 129
1 128 414 128
1 129 414 128
1 130 414 128
1 131 414 128
1 132 414 129
1 133 414 130
1 134 414 127
1 135 414 127
1 136 414 126
1 137 414 128
1 138 414 130
1 139 414 130
1 140 414 124
1 141 414 124
1 142 414 125
1 143 414 125
1 144 414 122
1 145 414 124
1 146 414 124
1 147 414 121
1 148 414 121
1 149 414 122
1 150 414 122
1 151 414 137
1 152 414 124
1 153 414 123
1 48 414 123
1 43 414 122
1 154 414 126
1 155 414 126
1 156 414 124
1 157 414 129
1 158 414 129
1 159 414 121
1 160 414 121
1 161 414 119
1 162 414 119
1 163 414 120
1 164 414 120
1 41 414 119
1 165 414 122
1 166 414 119
1 167 414 122
1 168 414 118
1 169 414 123
1 170 414 116
1 171 414 117
1 172 414 119
1 173 414 119
1 174 414 118
1 175 414 115
1 176 414 117
1 177 414 117
1 178 414 123
1 54 414 116
1 179 414 117
1 180 414 116
1 181 414 117
1 182 414 117
1 183 414 118
1 184 414 115
1 185 414 114
1 186 414 112
1 187 414 115
1 188 414 115
1 189 414 114
1 190 414 112
1 191 414 113
1 192 414 111
1 193 414 112
1 194 414 109
1 195 414 112
1 196 414 114
1 197 414 117
1 198 414 132
1 199 414 125
1 200 414 116
1 40 414 117
1 201 414 125
1 202 321 128
1 203 321 129
1 204 321 125
1 205 321 125
1 206 321 124
1 207 321 123
1 208 321 122
1 209 321 120
1 210 321 121
1 211 321 118
1 212 321 118
1 213 321 119
1 214 321 122
1 215 321 117
1 216 321 117
1 217 321 117
1 218 321 117
1 219 321 116
1 220 321 116
1 221 321 117
1 37 321 117
1 222 321 115
1 223 321 114
1 224 321 115
1 225 321 114
1 226 321 114
1 227 321 113
1 228 321 114
1 229 321 114
1 230 321 113
1 231 321 113
1 232 321 113
1 233 321 111
1 30 321 111
1 234 321 115
1 235 321 110
1 236 321 111
1 237 321 117
1 238 321 111
1 239 321 113
1 240 321 103
1 241 321 103
1 242 321 99
1 243 321 96
1 244 321 99
1 245 321 95
1 246 321 41
1 247 321 48
1 248 321 113
1 249 321 118
1 250 321 113
1 251 321 113
1 252 321 120
1 253 321 113
1 254 321 119
1 255 321 99
1 256 321 122
1 257 321 114
1 258 443 113
1 259 443 129
1 260 443 130
1 261 443 128
1 262 443 124
1 263 443 124
1 264 443 120
1 265 443 123
1 46 443 124
1 266 443 123
1 267 443 123
1 268 443 124
1 269 443 120
1 270 443 120
1 271 443 125
1 272 443 123
1 273 443 119
1 274 443 119
1 275 443 119
1 276 443 119
1 277 443 119
1 23 443 124
1 278 443 122
1 279 443 121
1 280 443 117
1 281 443 124
1 282 443 123
1 283 443 122
1 284 443 118
1 285 443 118
1 286 443 117
1 287 443 117
1 288 443 116
1 21 443 117
1 289 443 115
1 290 443 117
1 291 443 120
1 292 443 120
1 293 443 119
1 294 443 119
1 295 443 120
1 296 443 115
1 297 443 115
1 298 443 120
1 299 443 119
1 300 443 119
1 301 443 120
1 302 443 118
1 303 443 117
1 304 443 115
1 305 443 119
1 306 443 119
1 307 443 118
1 308 443 125
1 309 443 113
1 310 443 113
1 311 443 119
1 312 443 119
1 313 443 117
1 314 443 111
1 315 443 111
1 316 443 114
1 317 443 111
1 318 443 111
1 319 443 117
1 320 443 116
1 321 443 110
1 322 443 110
1 323 443 114
1 324 443 114
1 325 443 113
1 326 443 115
1 327 443 113
1 328 443 110
1 329 443 114
1 330 443 107
1 331 443 114
1 332 443 107
1 333 443 115
1 334 443 120
1 335 443 103
1 336 443 116
1 337 443 120
1 338 443 112
1 339 443 115
1 340 435 125
1 341 357 111
1 342 357 140
1 343 357 130
1 344 357 132
1 345 357 129
1 346 357 125
1 347 357 124
1 348 357 124
1 349 357 123
1 350 357 122
1 351 357 121
1 352 357 120
1 353 357 117
1 354 357 122
1 355 357 121
1 356 357 121
1 357 357 120
1 358 357 119
1 359 357 115
1 360 357 114
1 361 357 116
1 362 357 116
1 363 357 117
1 364 357 118
1 365 357 119
1 366 357 116
1 367 357 113
1 368 357 113
1 369 357 113
1 370 357 115
1 371 357 113
1 372 357 113
1 373 357 118
1 38 357 119
1 374 357 113
1 375 357 119
1 376 357 117
1 377 357 117
1 378 357 111
1 32 357 111
1 379 357 111
1 380 357 111
1 381 357 114
1 382 357 110
1 383 357 110
1 384 357 110
1 385 357 110
1 13 357 109
1 386 357 114
1 387 357 112
1 388 357 109
1 29 357 108
1 389 357 113
1 390 357 112
1 391 357 113
1 392 357 108
1 393 357 114
1 394 357 112
1 395 357 112
1 396 357 110
1 397 357 107
1 398 357 107
1 399 575 131
1 400 575 131
1 401 575 131
1 402 575 129
1 403 575 122
1 404 575 121
1 405 575 121
1 406 575 119
1 407 575 120
1 408 575 118
1 49 575 118
1 409 575 120
1 410 575 120
1 411 575 121
1 412 575 120
1 413 575 118
1 414 575 122
1 415 575 119
1 416 575 121
1 417 575 118
1 418 575 116
1 419 575 116
1 420 575 122
1 421 575 117
1 422 575 114
1 423 575 115
1 424 575 115
1 425 575 117
1 426 575 117
1 427 575 115
1 428 575 115
1 429 575 121
1 430 575 115
1 431 575 115
1 432 575 113
1 433 575 114
1 434 575 115
1 435 575 114
1 436 575 113
1 437 575 113
1 438 575 116
1 439 575 112
1 440 575 115
1 441 575 112
1 442 575 117
1 443 575 111
1 444 575 120
1 445 575 112
1 446 575 115
1 447 575 115
1 448 575 114
1 449 575 110
1 450 575 111
1 451 575 111
1 452 575 114
1 453 575 109
1 454 575 110
1 455 575 111
1 456 575 111
1 457 575 117
1 458 575 110
1 459 575 110
1 460 575 109
1 461 575 113
1 462 575 114
1 463 575 112
1 464 575 109
1 465 575 110
1 466 575 110
1 467 575 111
1 468 575 114
1 469 575 111
1 470 575 110
1 471 575 112
1 472 575 109
1 473 575 104
1 474 575 114
1 475 575 112
1 53 575 112
1 476 575 119
1 477 575 104
1 478 575 98
1 479 575 98
1 480 575 98
1 481 575 98
1 482 575 98
1 483 575 100
1 484 575 96
1 485 575 109
1 486 575 117
1 487 575 116
1 488 575 118
1 489 575 110
1 490 575 120
1 491 575 119
1 492 575 119
1 493 542 130
1 494 542 128
1 495 542 123
1 496 542 122
1 26 542 128
1 497 542 123
1 498 542 124
1 499 542 123
1 17 542 118
1 500 542 121
1 501 542 116
1 502 542 116
1 503 542 120
1 504 542 120
1 505 542 121
1 506 542 121
1 507 542 121
1 508 542 117
1 509 542 119
1 510 542 115
1 511 542 119
1 512 542 115
1 513 542 115
1 514 542 119
1 515 542 114
1 516 542 120
1 517 542 119
1 518 542 113
1 519 542 118
1 520 542 113
1 521 542 115
1 522 542 119
1 523 542 116
1 524 542 113
1 525 542 113
1 526 542 112
1 527 542 113
1 528 542 114
1 529 542 116
1 530 542 116
1 531 542 111
1 532 542 111
1 533 542 112
1 534 542 111
1 535 542 117
1 536 542 116
1 537 542 113
1 538 542 111
1 539 542 116
1 540 542 116
1 541 542 110
1 542 542 110
1 543 542 110
1 544 542 110
1 545 542 110
1 546 542 110
1 547 542 114
1 548 542 116
1 549 542 115
1 550 542 108
1 551 542 109
1 552 542 113
1 553 542 114
1 554 542 109
1 555 542 108
1 556 542 108
1 557 542 115
1 558 542 107
1 559 542 115
1 560 542 110
1 561 542 106
1 562 542 109
1 563 542 113
1 564 542 104
1 565 542 104
1 566 542 107
1 567 542 109
1 568 542 109
1 569 542 110
1 570 542 106
1 571 542 103
1 572 542 96
1 573 542 96
1 574 542 107
1 575 542 109
1 576 542 111
1 577 542 107
1 578 542 107
1 579 542 106
1 580 542 107
1 581 542 105
1 582 591 119
1 583 591 130
1 584 591 126
1 585 591 120
1 586 591 121
1 587 591 128
1 588 591 122
1 589 591 118
1 590 591 119
1 591 591 119
1 592 591 118
1 593 591 119
1 594 591 122
1 595 591 125
1 596 591 117
1 597 591 120
1 598 591 117
1 599 591 117
1 600 591 117
1 601 591 117
1 602 591 121
1 603 591 119
1 604 591 116
1 605 591 116
1 606 591 118
1 607 591 118
1 608 591 122
1 609 591 122
1 610 591 120
1 611 591 120
1 612 591 120
1 613 591 119
1 614 591 119
1 615 591 117
1 616 591 121
1 617 591 116
1 618 591 116
1 619 591 115
1 620 591 116
1 621 591 116
1 622 591 115
1 623 591 115
1 624 591 116
1 625 591 116
1 626 591 115
1 627 591 116
1 628 591 116
1 629 591 119
1 630 591 114
1 631 591 119
1 632 591 115
1 633 591 114
1 634 591 112
1 635 591 114
1 636 591 113
1 637 591 119
1 638 591 115
1 639 591 115
1 640 591 116
1 641 591 116
1 642 591 116
1 643 591 114
1 644 591 110
1 645 591 113
1 646 591 110
1 647 591 111
1 648 591 114
1 649 591 114
1 650 591 112
1 651 591 110
1 652 591 109
1 653 591 114
1 654 591 113
1 655 591 113
1 656 591 112
1 657 591 112
1 658 591 111
1 659 591 118
1 660 591 112
1 661 591 110
1 662 591 111
1 663 591 112
1 664 591 108
1 665 591 109
1 666 591 106
1 667 591 108
1 668 591 110
1 669 591 107
1 670 591 105
1 35 591 108
1 671 591 104
1 672 591 108
1 673 591 108
1 674 591 110
1 675 591 103
1 676 591 106
1 677 591 112
1 678 591 101
1 679 325 126
1 680 325 123
1 681 325 129
1 682 325 119
1 683 325 124
1 684 325 114
1 28 325 126
1 685 325 121
1 25 325 116
1 686 325 123
1 687 325 116
1 688 325 122
1 689 325 114
1 690 325 121
1 691 325 115
1 692 325 112
1 20 325 112
1 693 325 113
1 694 325 123
1 695 325 110
1 696 325 119
1 697 325 122
1 698 325 119
1 699 325 110
1 700 325 111
1 16 325 115
1 701 325 118
1 702 325 109
1 703 325 117
1 704 325 110
1 705 325 112
1 706 325 112
1 707 325 108
1 708 325 108
1 709 325 108
1 710 325 109
1 711 325 112
1 712 325 112
1 713 325 116
1 714 325 115
1 715 325 111
1 716 325 110
1 717 325 110
1 718 325 112
1 719 325 110
1 720 325 108
1 721 325 116
1 722 325 115
1 723 325 107
1 724 325 117
1 12 325 117
1 725 325 112
1 726 325 112
1 727 325 108
1 728 325 122
1 729 325 118
1 730 325 111
1 731 325 104
1 732 325 109
1 733 325 104
1 734 325 111
1 735 325 107
1 9 325 115
1 736 325 118
1 737 325 109
1 738 325 111
1 739 325 102
1 740 325 105
1 741 325 103
1 742 325 108
1 743 325 99
1 744 325 102
1 4 325 99
1 745 325 102
1 746 325 102
1 747 461 131
1 748 461 131
1 749 461 129
1 750 461 127
1 751 461 123
1 752 461 123
1 753 461 118
1 754 461 116
1 755 461 117
1 756 461 122
1 757 461 116
1 758 461 116
1 759 461 115
1 760 461 116
1 761 461 113
1 762 461 113
1 763 461 113
1 764 461 113
1 765 461 112
1 766 461 117
1 767 461 112
1 8 461 112
1 768 461 113
1 769 461 117
1 770 461 112
1 3 461 112
1 771 461 119
1 772 461 118
1 773 461 112
1 774 461 116
1 775 461 110
1 776 461 112
1 777 461 111
1 778 461 108
1 779 461 119
1 780 461 108
1 2 461 108
1 781 461 120
1 782 461 116
1 783 461 110
1 784 461 108
1 785 461 107
1 786 461 107
1 787 461 116
1 788 461 106
1 789 461 106
1 790 461 109
1 791 461 109
1 792 461 105
1 793 461 106
1 794 461 118
1 795 461 107
1 796 651 107
1 797 651 107
1 798 651 123
1 799 651 112
1 800 651 112
1 801 651 115
1 802 651 119
1 803 651 105
1 804 651 105
1 805 651 121
1 806 651 116
1 807 651 106
1 808 651 102
1 809 651 102
1 810 651 106
1 811 651 100
1 812 651 127
1 813 651 110
1 814 651 106
1 815 651 114
1 816 651 114
1 817 651 116
1 818 651 110
1 819 651 113
1 820 651 113
1 821 651 116
1 822 651 114
1 823 651 112
1 824 651 108
1 825 651 109
1 826 651 108
1 827 651 113
1 828 651 112
1 829 651 117
1 830 651 118
1 831 651 114
1 832 651 113
1 833 651 115
1 834 651 119
1 835 651 114
1 836 651 115
1 837 651 118
1 838 651 112
1 839 651 121
1 840 651 113
1 15 651 77
1 841 651 110
1 842 651 119
1 843 651 117
1 844 651 108
1 845 651 108
1 846 651 111
1 847 651 114
1 848 651 113
1 849 651 113
1 850 651 113
1 851 651 115
1 852 651 114
1 853 651 113
1 854 651 119
1 855 651 109
1 856 651 109
1 857 651 109
1 858 651 115
1 859 651 122
1 860 651 27
1 861 651 117
1 862 651 119
1 863 651 121
1 864 651 113
1 865 651 120
1 866 651 117
1 867 651 130
1 868 651 120
1 869 651 117
1 870 651 135
1 871 651 120
1 872 651 115
1 873 651 127
1 874 651 129
1 875 651 129
1 876 651 131
1 877 651 133
1 878 651 127
1 879 651 138
1 880 651 129
1 881 335 142
1 882 335 133
1 883 335 132
1 884 335 127
1 885 335 128
1 886 335 128
1 887 335 125
1 888 335 124
1 889 335 119
1 890 335 125
1 891 335 122
1 1 335 118
1 892 335 118
1 893 335 122
1 894 335 121
1 895 335 121
1 896 335 121
1 897 335 116
1 34 335 120
1 31 335 122
1 898 335 121
1 899 335 117
1 900 335 117
1 901 335 124
1 902 335 124
1 903 335 116
1 904 335 119
1 905 335 122
1 906 335 115
1 907 335 115
1 908 335 116
1 909 335 115
1 910 335 124
1 911 335 119
1 912 335 122
1 913 335 115
1 914 335 113
1 915 335 121
1 916 335 120
1 917 335 117
1 27 335 113
1 918 335 112
1 919 335 112
1 920 335 112
1 921 335 120
1 922 335 119
1 923 335 119
1 924 335 116
1 925 335 116
1 926 335 112
1 927 335 111
1 928 335 108
1 929 335 111
1 930 651 119
1 931 651 115
1 932 651 117
1 933 494 130
1 934 494 131
1 935 494 124
1 936 494 124
1 937 494 128
1 938 494 125
1 939 494 122
1 940 494 122
1 941 494 122
1 942 494 126
1 943 494 120
1 944 494 120
1 19 494 120
1 945 494 120
1 946 494 120
1 947 494 122
1 948 494 122
1 949 494 121
1 950 494 124
1 951 494 118
1 952 494 122
1 953 494 120
1 954 494 120
1 955 494 119
1 956 494 115
1 957 494 116
1 958 494 115
1 959 494 122
1 960 494 116
1 961 494 115
1 962 494 121
1 963 494 113
1 964 494 116
1 965 494 116
1 11 494 118
1 966 494 113
1 967 494 117
1 968 494 118
1 969 494 118
1 970 494 120
1 971 494 121
1 972 494 118
1 973 494 111
1 974 494 113
1 975 494 110
1 976 494 110
1 977 494 112
1 978 494 109
1 979 494 110
1 980 494 109
1 981 494 111
1 982 494 112
1 983 494 111
1 984 494 109
1 985 494 108
1 986 494 111
1 44 494 109
1 987 494 108
1 988 494 108
1 989 494 106
1 990 494 106
1 991 494 107
1 992 494 107
1 993 494 107
1 994 494 105
1 995 494 105
1 996 494 109
1 997 494 109
1 998 494 110
1 999 494 103
1 1000 494 104
1 1001 494 116
1 1002 494 118
1 1003 494 113
1 7 494 113
1 1004 494 115
1 1005 494 107
1 1006 494 118
1 1007 494 103
1 1008 494 103
1 1009 494 100
1 1010 494 105
1 1011 494 121
1 1012 494 100
1 1013 494 128
1 1014 494 122
1 1015 494 121
1 1016 494 120
1 1017 494 117
1 1018 494 119
1 1019 494 116
1 1020 494 116
1 1021 494 115
1 1022 494 118
1 1023 494 114
1 1024 494 111
1 1025 494 114
1 1026 494 115
1 1027 494 116
1 1028 494 113
1 1029 494 108
1 1030 494 103
1 1031 494 77
1 33 671 135
1 1032 671 127
1 1033 671 127
1 1034 671 128
1 1035 671 126
1 1036 671 133
1 1037 671 124
1 1038 671 124
1 1039 671 131
1 1040 671 122
1 1041 671 128
1 1042 671 122
1 1043 671 121
1 1044 671 120
1 1045 671 121
1 1046 671 127
1 1047 671 127
1 1048 671 122
1 1049 671 127
1 1050 671 120
1 1051 671 118
1 1052 671 118
1 1053 671 118
1 1054 671 119
1 1055 671 124
1 1056 671 118
1 1057 671 116
1 1058 671 116
1 1059 671 116
1 1060 671 116
1 1061 671 117
1 1062 671 119
1 1063 671 119
1 1064 671 117
1 1065 671 117
1 1066 671 122
1 1067 671 117
1 1068 671 117
1 1069 671 117
1 1070 671 123
1 1071 671 118
1 1072 671 122
1 1073 671 122
1 1074 671 119
1 1075 671 114
1 1076 671 114
1 1077 671 114
1 1078 671 115
1 1079 671 113
1 1080 671 117
1 1081 671 114
1 1082 671 115
1 1083 671 115
1 1084 671 114
1 1085 671 117
1 1086 671 122
1 1087 671 114
1 1088 671 113
1 1089 671 113
1 1090 671 116
1 1091 671 111
1 1092 671 112
1 1093 671 114
1 1094 671 110
1 1095 671 118
1 1096 671 127
1 1097 671 113
1 1098 671 113
1 1099 671 113
1 1100 671 114
1 1101 671 110
1 1102 671 114
1 1103 671 108
1 1104 671 110
1 1105 671 115
1 1106 671 120
1 1107 671 110
1 1108 671 108
1 1109 671 110
1 1110 671 108
1 1111 671 111
1 1112 671 106
1 1113 671 106
1 1114 671 104
1 1115 671 113
1 1116 671 125
1 1117 671 127
1 1118 671 135
1 1119 671 123
1 1120 671 114
1 1121 671 100
1 1122 671 127
1 1123 671 128
1 1124 671 117
1 1125 671 117
1 1126 671 123
1 1127 671 120
1 1128 671 111
1 1129 671 104
1 1130 671 79
1 1131 671 92
1 1132 671 92
1 18 671 77
1 1133 405 146
1 1134 405 131
1 1135 405 131
1 1136 405 129
1 1137 405 128
1 10 405 126
1 1138 405 127
1 6 405 119
1 1139 405 117
1 1140 405 117
1 1141 405 115
1 1142 405 115
1 1143 405 123
1 1144 405 117
1 1145 405 115
1 1146 405 115
1 1147 405 114
1 1148 405 117
1 1149 405 115
1 1150 405 114
1 1151 405 112
1 1152 405 113
1 1153 405 112
1 1154 405 113
1 1155 405 113
1 1156 405 123
1 1157 405 117
1 1158 405 111
1 1159 405 112
1 1160 405 111
1 1161 405 114
1 42 405 110
1 1162 405 111
1 1163 405 110
1 1164 405 110
1 1165 405 110
1 1166 405 111
1 1167 405 109
1 1168 405 113
1 1169 405 109
1 1170 405 106
1 1171 405 109
1 1172 405 104
1 1173 405 106
1 1174 405 103
1 1175 405 125
1 1176 405 104
1 1177 405 99
1 1178 405 98
1 1179 467 122
1 1180 467 119
1 1181 467 116
1 1182 467 116
1 1183 467 123
1 1184 467 117
1 1185 467 116
1 1186 467 116
1 1187 467 116
1 1188 467 121
1 1189 467 121
1 1190 467 114
1 1191 467 112
1 1192 467 118
1 1193 467 114
1 24 467 118
1 1194 467 110
1 1195 467 109
1 1196 467 110
1 1197 467 110
1 1198 467 109
1 1199 467 112
1 1200 467 118
1 1201 467 120
1 1202 467 120
1 1203 467 108
1 1204 467 115
1 1205 467 108
1 1206 467 108
1 1207 467 110
1 1208 467 114
1 1209 467 107
1 1210 467 107
1 1211 467 107
1 1212 467 108
1 1213 467 106
1 1214 467 112
1 22 467 109
1 1215 467 114
1 1216 467 118
1 1217 467 106
1 1218 467 105
1 1219 467 104
1 1220 467 113
1 1221 467 113
1 1222 467 111
1 1223 467 103
1 1224 467 103
1 1225 467 105
1 1226 467 102
1 1227 467 109
1 1228 467 101
1 1229 467 109
1 1230 467 121
1 1231 467 108
1 1232 467 99
1 1233 467 99
1 1234 467 96
1 1235 467 114
1 1236 467 116
1 1237 467 112
1 1238 467 113
1 1239 447 130
1 1240 447 127
1 1241 447 122
1 1242 447 138
1 1243 447 119
1 1244 447 118
1 1245 447 117
1 1246 447 123
1 1247 447 121
1 1248 447 120
1 1249 447 116
1 1250 447 120
1 1251 447 115
1 1252 447 120
1 1253 447 118
1 1254 447 123
1 1255 447 121
1 1256 447 121
1 1257 447 114
1 1258 447 120
1 1259 447 114
1 1260 447 113
1 1261 447 121
1 1262 447 114
1 1263 447 121
1 1264 447 121
1 1265 447 113
1 1266 447 113
1 1267 447 113
1 1268 447 113
1 1269 447 119
1 1270 447 117
1 1271 447 116
1 1272 447 111
1 1273 447 113
1 1274 447 111
1 1275 447 112
1 1276 447 110
1 1277 447 112
1 1278 447 111
1 1279 447 112
1 1280 447 116
1 1281 447 109
1 1282 447 110
1 1283 447 115
1 1284 447 110
1 1285 447 110
1 1286 447 110
1 1287 447 120
1 1288 447 109
1 1289 447 109
1 1290 447 118
1 1291 447 115
1 1292 447 110
1 1293 447 117
1 1294 447 115
1 1295 447 111
1 1296 447 109
1 1297 447 108
1 1298 447 110
1 1299 447 116
1 14 447 113
1 1300 447 112
1 1301 447 110
1 1302 447 108
1 1303 447 111
1 1304 447 109
1 1305 447 117
1 1306 447 113
1 1307 447 115
1 1308 447 117
1 1309 447 112
1 1310 447 108
1 1311 447 108
1 1312 447 111
1 1313 447 116
1 1314 447 109
1 1315 447 106
1 1316 447 108
1 1317 447 112
1 1318 447 114
1 1319 447 113
1 1320 447 113
1 1321 447 112
1 1322 447 117
1 1323 447 104
1 1324 447 105
1 1325 447 108
1 1326 447 106
1 1327 447 105
1 1328 447 103
1 1329 447 103
1 1330 447 104
1 1331 447 104
1 1332 447 110
1 1333 447 108
1 1334 447 105
1 1335 447 97
1 1336 447 97
1 1337 447 101
1 1338 447 101
1 1339 447 113
1 1340 447 114
1 1341 567 125
1 1342 567 125
1 1343 567 122
1 1344 567 121
1 1345 567 119
1 1346 567 131
1 1347 567 116
1 1348 567 124
1 1349 567 116
1 1350 567 122
1 1351 567 120
1 1352 567 115
1 1353 567 121
1 1354 567 114
1 1355 567 116
1 1356 567 121
1 1357 567 123
1 1358 567 123
1 1359 567 121
1 1360 567 114
1 1361 567 117
1 1362 567 114
1 1363 567 114
1 1364 567 124
1 1365 567 113
1 1366 567 122
1 1367 567 112
1 1368 567 120
1 1369 567 114
1 1370 567 120
1 1371 567 120
1 1372 567 122
1 1373 567 112
1 1374 567 112
1 1375 567 120
1 1376 567 119
1 1377 567 119
1 1378 567 118
1 1379 567 112
1 1380 567 112
1 1381 567 112
1 1382 567 112
1 1383 567 111
1 1384 567 111
1 1385 567 120
1 1386 567 120
1 1387 567 111
1 1388 567 122
1 1389 567 119
1 1390 567 111
1 1391 567 118
1 1392 567 113
1 5 567 111
1 1393 567 111
1 1394 567 110
1 1395 567 110
1 1396 567 116
1 1397 567 109
1 1398 567 112
1 1399 567 112
1 1400 567 117
1 1401 567 111
1 1402 567 110
1 1403 567 110
1 1404 567 108
1 1405 567 111
1 1406 567 107
1 1407 567 107
1 1408 567 107
1 1409 567 118
1 1410 567 108
1 1411 567 119
1 1412 567 118
1 1413 567 107
1 1414 567 110
1 1415 567 107
1 1416 567 111
1 1417 567 110
1 1418 567 119
1 1419 567 108
1 1420 567 106
1 1421 567 106
1 1422 567 104
1 1423 567 106
1 1424 567 109
1 1425 567 102
1 1426 567 103
1 1427 567 119
1 1428 567 107
1 1429 567 119
1 1430 567 105
1 1431 567 100
1 1432 567 101
1 1433 567 116
1 1434 567 118
1 1435 567 121
1 1436 567 121
1 1437 617 140
1 1438 617 134
1 1439 617 133
1 1440 617 130
1 1441 617 135
1 1442 617 127
1 1443 617 127
1 1444 617 127
1 1445 617 127
1 1446 617 128
1 1447 617 130
1 1448 617 124
1 1449 617 130
1 1450 617 132
1 1451 617 124
1 1452 617 123
1 1453 617 127
1 1454 617 129
1 1455 617 129
1 1456 617 129
1 1457 617 123
1 1458 617 123
1 1459 617 122
1 1460 617 124
1 1461 617 124
1 1462 617 123
1 1463 617 116
1 1464 617 121
1 1465 617 120
1 1466 617 120
1 1467 617 118
1 1468 617 117
1 1469 617 117
1 1470 617 127
1 1471 617 117
1 1472 617 116
1 1473 617 116
1 1474 617 121
1 1475 617 116
1 1476 617 123
1 1477 617 115
1 1478 617 115
1 1479 617 117
1 1480 617 117
1 1481 617 125
1 1482 617 115
1 1483 617 120
1 1484 617 115
1 1485 617 117
1 1486 617 123
1 1487 617 132
1 1488 617 120
1 1489 617 121
1 1490 617 125
1 1491 617 129
1 1492 617 126
1 1493 617 123
1 1494 617 120
1 1495 617 121
1 1496 617 127
1 1497 617 128
1 1498 617 127
1 1499 617 123
1 1500 617 129
1 1501 617 129
1 1502 617 118
1 1503 617 121
1 1504 617 121
1 1505 617 124
1 1506 617 118
1 1507 617 119
1 1508 617 119
1 1509 617 125
1 1510 617 121
1 1511 617 118
1 1512 617 118
1 1513 617 120
1 1514 617 124
1 1515 617 125
1 1516 617 126
1 1517 617 113
1 1518 617 112
1 1519 617 112
1 1520 617 111
1 1521 617 114
1 1522 617 114
1 1523 617 121
1 1524 617 124
1 1525 617 112
1 1526 617 110
1 1527 617 110
1 1528 617 101
1 1529 617 128
1 1530 617 122
1 1531 672 137
1 1532 672 124
1 1533 672 131
1 1534 672 122
1 1535 672 123
1 1536 672 123
1 1537 672 123
1 1538 672 131
1 1539 672 124
1 1540 672 129
1 1541 672 120
1 1542 672 119
1 1543 672 119
1 1544 672 127
1 1545 672 118
1 1546 672 127
1 1547 672 127
1 1548 672 118
1 1549 672 117
1 1550 672 117
1 1551 672 127
1 1552 672 116
1 1553 672 123
1 1554 672 117
1 1555 672 115
1 1556 672 125
1 1557 672 117
1 1558 672 118
1 1559 672 118
1 1560 672 123
1 1561 672 114
1 1562 672 117
1 1563 672 114
1 1564 672 116
1 1565 672 114
1 1566 672 117
1 1567 672 116
1 1568 672 114
1 1569 672 114
1 1570 672 114
1 1571 672 113
1 1572 672 114
1 1573 672 115
1 1574 672 125
1 1575 672 116
1 1576 672 113
1 1577 672 115
1 1578 672 117
1 1579 672 122
1 1580 672 114
1 1581 672 113
1 1582 672 123
1 1583 672 114
1 1584 672 116
1 1585 672 121
1 1586 672 120
1 1587 672 120
1 1588 672 114
1 1589 672 120
1 1590 672 120
1 1591 672 111
1 1592 672 109
1 1593 672 111
1 1594 672 111
1 1595 672 110
1 1596 672 129
1 1597 672 111
1 1598 672 117
1 1599 672 118
1 1600 672 108
1 1601 672 112
1 1602 672 111
1 1603 672 111
1 1604 672 120
1 1605 672 117
1 1606 672 123
1 1607 672 109
1 1608 672 109
1 1609 672 112
1 1610 672 120
1 1611 672 108
1 1612 672 108
1 1613 672 108
1 1614 672 108
1 1615 672 109
1 1616 672 114
1 1617 672 116
1 1618 672 108
1 1619 672 109
1 1620 672 124
1 1621 672 116
1 1622 672 123
1 1623 672 108
1 1624 672 107
1 1625 672 117
1 1626 672 118
1 1627 672 105
1 1628 672 104
1 1629 649 122
1 1630 649 120
1 1631 649 123
1 1632 649 123
1 1633 649 118
1 1634 649 116
1 1635 649 117
1 1636 649 116
1 1637 649 121
1 1638 649 115
1 1639 649 116
1 1640 649 115
1 1641 649 119
1 1642 649 115
1 1643 649 117
1 1644 649 120
1 1645 649 119
1 1646 649 116
1 1647 649 120
1 1648 649 117
1 1649 649 113
1 1650 649 115
1 1651 649 112
1 1652 649 114
1 1653 649 114
1 1654 649 113
1 1655 649 117
1 1656 649 119
1 1657 649 117
1 1658 649 118
1 1659 649 114
1 1660 649 112
1 1661 649 112
1 1662 649 112
1 1663 649 117
1 1664 649 112
1 1665 649 113
1 1666 649 113
1 1667 649 111
1 1668 649 112
1 1669 649 111
1 1670 649 111
1 1671 649 110
1 1672 649 110
1 1673 649 111
1 1674 649 116
1 1675 649 112
1 1676 649 110
1 1677 649 110
1 1678 649 119
1 1679 649 109
1 1680 649 109
1 1681 649 110
1 1682 649 110
1 1683 649 109
1 1684 649 113
1 1685 649 116
1 1686 649 112
1 1687 649 109
1 1688 649 109
1 1689 649 110
1 1690 649 111
1 1691 649 113
1 1692 649 108
1 1693 649 108
1 1694 649 109
1 1695 649 108
1 1696 649 110
1 1697 649 114
1 1698 649 114
1 1699 649 114
1 1700 649 108
1 1701 649 106
1 1702 649 109
1 1703 649 109
1 1704 649 118
1 1705 649 119
1 1706 649 103
1 1707 649 109
1 1708 649 115
1 1709 649 107
1 1710 649 112
1 1711 649 114
1 1712 362 127
1 1713 362 123
1 1714 362 121
1 1715 362 120
1 1716 362 121
1 1717 362 121
1 1718 362 116
1 1719 362 118
1 1720 362 119
1 1721 362 117
1 1722 362 117
1 1723 362 118
1 1724 362 126
1 1725 362 117
1 1726 362 115
1 1727 362 116
1 1728 362 114
1 1729 362 114
1 1730 362 123
1 1731 362 117
1 1732 362 122
1 1733 362 114
1 1734 362 113
1 1735 362 116
1 1736 362 113
1 1737 362 112
1 1738 362 113
1 1739 362 113
1 1740 362 116
1 1741 362 109
1 1742 362 111
1 1743 362 110
1 1744 362 110
1 1745 362 120
1 1746 362 114
1 1747 362 120
1 1748 362 111
1 1749 362 109
1 1750 362 111
1 1751 362 112
1 1752 362 116
1 1753 362 113
1 1754 362 106
1 1755 362 105
1 1756 362 107
1 1757 545 136
1 1758 545 133
1 1759 545 123
1 1760 545 123
1 1761 545 124
1 1762 545 124
1 1763 545 121
1 1764 545 119
1 1765 545 118
1 1766 545 125
1 1767 545 120
1 1768 545 127
1 1769 545 118
1 1770 545 120
1 1771 545 121
1 1772 545 121
1 1773 545 116
1 1774 545 120
1 1775 545 119
1 1776 545 117
1 1777 545 117
1 1778 545 120
1 1779 545 116
1 1780 545 125
1 1781 545 125
1 1782 545 116
1 1783 545 118
1 1784 545 116
1 1785 545 116
1 1786 545 116
1 1787 545 116
1 1788 545 116
1 1789 545 117
1 1790 545 117
1 1791 545 116
1 1792 545 114
1 1793 545 115
1 1794 545 118
1 1795 545 120
1 1796 545 118
1 1797 545 127
1 1798 545 124
1 1799 545 114
1 1800 545 114
1 1801 545 117
1 1802 545 124
1 1803 545 117
1 1804 545 115
1 1805 545 115
1 1806 545 115
1 1807 545 115
1 1808 545 116
1 1809 545 113
1 1810 545 113
1 1811 545 115
1 1812 545 112
1 1813 545 118
1 1814 545 121
1 1815 545 118
1 1816 545 119
1 1817 545 120
1 1818 545 120
1 1819 545 118
1 1820 545 114
1 1821 545 113
1 1822 545 114
1 1823 545 114
1 1824 545 120
1 1825 545 123
1 1826 545 123
1 1827 545 113
1 1828 545 109
1 1829 545 109
1 1830 545 121
1 1831 545 122
1 1832 545 112
1 1833 545 112
1 1834 545 110
1 1835 545 110
1 1836 545 113
1 1837 545 108
1 1838 545 107
1 1839 545 107
1 1840 545 110
1 1841 545 110
1 1842 545 117
1 1843 545 105
1 1844 545 108
1 1845 545 119
1 1846 545 101
1 1847 545 104
1 1848 545 105
1 1849 545 105
1 1850 545 117
1 1851 545 120
1 1852 545 120
1 1853 545 119
1 1854 545 119
1 1855 482 124
1 1856 482 127
1 1857 482 117
1 1858 482 121
1 1859 482 127
1 1860 482 119
1 1861 482 121
1 1862 482 117
1 1863 482 118
1 1864 482 124
1 1865 482 114
1 1866 482 113
1 1867 482 113
1 1868 482 122
1 1869 482 122
1 1870 482 122
1 1871 482 116
1 1872 482 116
1 1873 482 118
1 1874 482 111
1 1875 482 110
1 1876 482 121
1 1877 482 117
1 1878 482 112
1 1879 482 109
1 1880 482 113
1 1881 482 120
1 1882 482 120
1 1883 482 120
1 1884 482 110
1 1885 482 113
1 1886 482 110
1 1887 482 120
1 1888 482 119
1 1889 482 115
1 1890 482 115
1 1891 482 116
1 1892 482 108
1 1893 482 111
1 1894 482 111
1 1895 482 107
1 1896 482 118
1 1897 482 108
1 1898 482 111
1 1899 482 120
1 1900 482 107
1 1901 482 112
1 1902 482 117
1 1903 482 115
1 1904 482 121
1 1905 482 110
1 1906 482 107
1 1907 482 108
1 1908 482 108
1 1909 482 112
1 1910 482 112
1 1911 482 111
1 1912 482 118
1 1913 482 114
1 1914 482 116
1 1915 482 111
1 1916 482 107
1 1917 482 107
1 1918 482 109
1 1919 482 108
1 1920 482 105
1 1921 482 105
1 1922 482 111
1 1923 482 108
1 1924 482 111
1 1925 482 119
1 1926 482 109
1 1927 482 107
1 1928 482 113
1 1929 482 105
1 1930 482 112
1 1931 482 113
1 1932 482 105
1 1933 482 109
1 1934 482 102
1 1935 482 105
1 1936 482 111
1 1937 482 116
1 1938 482 120
1 1939 482 100
1 1940 482 103
1 1941 482 98
1 1942 482 106
1 1943 482 96
1 1944 482 96
