FID  CapYear MumID
1 1945 2014 8800
1 1946 2014 7692
1 1947 2014 7486
1 1948 2014 9023
1 1949 2015 8358
1 1950 2015 7205
1 1951 2015 6690
1 1952 2015 6408
1 1953 2015 7108
1 1954 2015 7109
1 1955 2015 7185
1 1956 2015 7185
1 1957 2015 6666
1 1958 2015 7560
1 1959 2015 6625
1 1960 2015 8714
1 1961 2015 8731
1 1962 2015 10451
1 1963 2015 7172
1 1964 2015 7576
1 1965 2015 8798
1 1966 2015 6118
1 1967 2015 8240
1 1968 2015 6644
1 1969 2015 8312
1 1970 2015 7262
1 1971 2015 8716
1 1972 2015 7472
1 1973 2015 8730
1 1974 2015 8751
1 1975 2015 6678
1 1976 2015 6866
1 1977 2015 6937
1 1978 2015 7230
1 1979 2015 7230
1 1980 2015 8758
1 1981 2015 10449
1 1982 2015 7476
1 1983 2015 7241
1 1984 2015 8265
1 1985 2015 8265
1 1986 2015 7267
1 1987 2015 7245
1 1988 2015 7131
1 1989 2015 7131
1 1990 2015 8762
1 1991 2015 9119
1 1992 2015 6930
1 1993 2015 6724
1 1994 2015 6958
1 1995 2015 8734
1 1996 2015 9169
1 1997 2015 7593
1 1998 2015 6827
1 1999 2015 6827
1 2000 2015 8258
1 2001 2015 9212
1 2002 2015 6938
1 2003 2015 6683
1 2004 2015 8790
1 2005 2015 6851
1 2006 2015 8794
1 2007 2015 6929
1 2008 2015 8974
1 2009 2015 8811
1 2010 2015 9036
1 2011 2015 9023
1 2012 2015 6679
1 2013 2015 7043
1 2014 2015 7157
1 2015 2015 6945
1 2016 2015 6945
1 2017 2015 7215
1 2018 2015 7115
1 2019 2015 7053
1 2020 2015 7575
1 2021 2015 8804
1 2022 2015 6770
1 2023 2015 5490
1 2024 2015 7542
1 2025 2015 8812
1 2026 2015 6900
1 2027 2015 9240
1 2028 2015 10450
1 2029 2015 6969
1 2030 2015 6969
1 2031 2015 8965
1 2032 2015 8327
1 2033 2015 9211
1 2034 2015 6726
1 2035 2015 8506
1 2036 2015 6663
1 2037 2015 6916
1 2038 2015 7206
1 2039 2015 6948
1 2040 2015 7163
1 2041 2015 6962
1 2042 2015 6682
1 2043 2015 6967
1 2044 2015 7692
1 2045 2015 6348
1 2046 2016 8958
1 2047 2016 6690
1 2048 2016 8734
1 2049 2016 8780
1 2050 2016 9093
1 2051 2016 8811
1 2052 2016 8729
1 2053 2016 9246
1 2054 2016 9207
1 2055 2016 10451
1 2056 2016 8759
1 2057 2016 7241
1 2058 2016 8730
1 2059 2016 8731
1 2060 2016 7574
1 2061 2016 8718
1 2062 2016 6777
1 2063 2016 8240
1 2064 2016 8751
1 2065 2016 7172
1 2066 2016 8715
1 2067 2016 9086
1 2068 2016 9242
1 2069 2016 7560
1 2070 2016 7576
1 2071 2016 7576
1 2072 2016 7476
1 2073 2016 9214
1 2074 2016 6930
1 2075 2016 8265
1 2076 2016 6644
1 2077 2016 8758
1 2078 2016 6827
1 2079 2016 6866
1 2080 2016 8756
1 2081 2016 9119
1 2082 2016 6892
1 2083 2016 8965
1 2084 2016 8510
1 2085 2016 7143
1 2086 2016 9212
1 2087 2016 8790
1 2088 2016 7472
1 2089 2016 9805
1 2090 2016 6982
1 2091 2016 8749
1 2092 2016 8783
1 2093 2016 9258
1 2094 2016 7185
1 2095 2016 7185
1 2096 2016 7575
1 2097 2016 9240
1 2098 2016 9169
1 2099 2016 8720
1 2100 2016 9841
1 2101 2016 9769
1 2102 2016 8712
1 2103 2016 9083
1 2104 2016 11077
1 2105 2016 8725
1 2106 2016 9208
1 2107 2016 6945
1 2108 2016 7486
1 2109 2016 7542
1 2110 2016 8258
1 2111 2016 8744
1 2112 2016 6851
1 2113 2016 7228
1 2114 2016 6938
1 2115 2016 7262
1 2116 2016 10448
1 2117 2016 8812
1 2118 2016 9074
1 2119 2016 7454
1 2120 2016 6969
1 2121 2016 6679
1 2122 2016 7230
1 2123 2016 6348
1 2124 2016 6967
1 2125 2016 7227
1 2126 2016 9023
1 2127 2016 9165
1 2128 2017 7262
1 2129 2017 9759
1 2130 2017 9075
1 2131 2017 9843
1 2132 2017 11121
1 2133 2017 7055
1 2134 2017 9093
1 2135 2017 6644
1 2136 2017 8800
1 2137 2017 8721
1 2138 2017 8734
1 2139 2017 8714
1 2140 2017 8787
1 2141 2017 7700
1 2142 2017 7560
1 2143 2017 8730
1 2144 2017 7459
1 2145 2017 10180
1 2146 2017 10115
1 2147 2017 6827
1 2148 2017 8729
1 2149 2017 9246
1 2150 2017 9797
1 2151 2017 9833
1 2152 2017 9793
1 2153 2017 8731
1 2154 2017 9165
1 2155 2017 8811
1 2156 2017 8811
1 2157 2017 8751
1 2158 2017 7205
1 2159 2017 7133
1 2160 2017 9251
1 2161 2017 8725
1 2162 2017 9214
1 2163 2017 6937
1 2164 2017 9769
1 2165 2017 6348
1 2166 2017 7230
1 2167 2017 7230
1 2168 2017 9827
1 2169 2017 10347
1 2170 2017 8762
1 2171 2017 7063
1 2172 2017 6938
1 2173 2017 8240
1 2174 2017 8240
1 2175 2017 8749
1 2176 2017 9208
1 2177 2017 7194
1 2178 2017 9086
1 2179 2017 7131
1 2180 2017 9211
1 2181 2017 8785
1 2182 2017 8758
1 2183 2017 7576
1 2184 2017 7576
1 2185 2017 10191
1 2186 2017 10231
1 2187 2017 6958
1 2188 2017 9036
1 2189 2017 9849
1 2190 2017 6930
1 2191 2017 8780
1 2192 2017 7486
1 2193 2017 8783
1 2194 2017 9030
1 2195 2017 9074
1 2196 2017 7142
1 2197 2017 9838
1 2198 2017 6969
1 2199 2017 7144
1 2200 2017 9016
1 2201 2017 7056
1 2202 2017 7056
1 2203 2017 5490
1 2204 2017 6679
1 2205 2017 6690
1 2206 2017 8812
1 2207 2017 7252
1 2208 2017 7053
1 2209 2017 10190
1 2210 2017 8804
1 2211 2017 9060
1 2212 2017 7596
1 2213 2017 7542
1 2214 2017 9834
1 2215 2017 9768
1 2216 2017 10443
1 2217 2017 9125
1 2218 2017 7458
1 2219 2017 8807
1 2220 2017 6967
1 2221 2017 7587
1 2222 2018 9246
1 2223 2018 8729
1 2224 2018 8714
1 2225 2018 9843
1 2226 2018 11076
1 2227 2018 6837
1 2228 2018 9093
1 2229 2018 8721
1 2230 2018 8744
1 2231 2018 9822
1 2232 2018 10220
1 2233 2018 9207
1 2234 2018 7205
1 2235 2018 9216
1 2236 2018 10180
1 2237 2018 7133
1 2238 2018 8749
1 2239 2018 8751
1 2240 2018 6583
1 2241 2018 10191
1 2242 2018 9060
1 2243 2018 10293
1 2244 2018 10443
1 2245 2018 9023
1 2246 2018 7560
1 2247 2018 10237
1 2248 2018 10347
1 2249 2018 11388
1 2250 2018 8780
1 2251 2018 8794
1 2252 2018 9030
1 2253 2018 11389
1 2254 2018 11389
1 2255 2018 8510
1 2256 2018 7576
1 2257 2018 7142
1 2258 2018 8790
1 2259 2018 9833
1 2260 2018 10575
1 2261 2018 11075
1 2262 2018 7587
1 2263 2018 10438
1 2264 2018 9827
1 2265 2018 8258
1 2266 2018 6945
1 2267 2018 8758
1 2268 2018 8506
1 2269 2018 6990
1 2270 2018 8811
1 2271 2018 8811
1 2272 2018 7486
1 2273 2018 9016
1 2274 2018 8327
1 2275 2018 10243
1 2276 2018 9029
1 2277 2018 6969
1 2278 2018 9805
1 2279 2018 9805
1 2280 2018 6943
1 2281 2018 10448
1 2282 2018 9074
1 2283 2018 11386
1 2284 2018 8730
1 2285 2018 11390
1 2286 2018 7574
1 2287 2018 7542
1 2288 2018 9075
1 2289 2018 9784
1 2290 2018 9795
1 2291 2019 9257
1 2292 2019 8714
1 2293 2019 9165
1 2294 2019 7454
1 2295 2019 9822
1 2296 2019 9246
1 2297 2019 11389
1 2298 2019 9207
1 2299 2019 9207
1 2300 2019 7576
1 2301 2019 10613
1 2302 2019 9769
1 2303 2019 10642
1 2304 2019 10347
1 2305 2019 8486
1 2306 2019 7205
1 2307 2019 6644
1 2308 2019 11076
1 2309 2019 10515
1 2310 2019 7142
1 2311 2019 8751
1 2312 2019 10567
1 2313 2019 8731
1 2314 2019 8731
1 2315 2019 10231
1 2316 2019 9060
1 2317 2019 10575
1 2318 2019 9083
1 2319 2019 7486
1 2320 2019 10220
1 2321 2019 8780
1 2322 2019 10180
1 2323 2019 9023
1 2324 2019 9817
1 2325 2019 7560
1 2326 2019 7560
1 2327 2019 10293
1 2328 2019 10255
1 2329 2019 8758
1 2330 2019 10527
1 2331 2019 11597
1 2332 2019 9841
1 2333 2019 9841
1 2334 2019 9805
1 2335 2019 9805
1 2336 2019 8510
1 2337 2019 11541
1 2338 2019 10351
1 2339 2019 10594
1 2340 2019 10594
1 2341 2019 10622
1 2342 2019 9784
1 2343 2019 11806
1 2344 2019 9216
1 2345 2019 10190
1 2346 2019 8730
1 2347 2019 10237
1 2348 2019 8327
1 2349 2019 9827
1 2350 2019 7458
1 2351 2019 9169
1 2352 2019 9795
1 2353 2019 8506
1 2354 2019 8506
1 2355 2019 6969
1 2356 2019 6969
1 2357 2019 8811
1 2358 2019 8811
1 2359 2019 8744
1 2360 2019 10618
1 2361 2019 11561
1 2362 2019 9074
1 2363 2019 9904
1 2364 2019 6663
1 2365 2019 6663
1 2366 2019 11077
1 2367 2019 6967
1 2368 2019 9093
1 2369 2019 8807
1 2370 2019 10626
1 2371 2019 10626
1 2372 2020 8798
1 2373 2020 9822
1 2374 2020 8729
1 2375 2020 8730
1 2376 2020 10220
1 2377 2020 10527
1 2378 2020 9827
1 2379 2020 8327
1 2380 2020 10594
1 2381 2020 10594
1 2382 2020 8751
1 2383 2020 8751
1 2384 2020 11620
1 2385 2020 7542
1 2386 2020 10632
1 2387 2020 10443
1 2388 2020 11568
1 2389 2020 11076
1 2390 2020 10347
1 2391 2020 11202
1 2392 2020 9246
1 2393 2020 11189
1 2394 2020 8721
1 2395 2020 10633
1 2396 2020 9817
1 2397 2020 11805
1 2398 2020 11508
1 2399 2020 11621
1 2400 2020 10180
1 2401 2020 11228
1 2402 2020 10438
1 2403 2020 10438
1 2404 2020 11812
1 2405 2020 11806
1 2406 2020 7587
1 2407 2020 11571
1 2408 2020 9060
1 2409 2020 11390
1 2410 2020 11575
1 2411 2020 9086
1 2412 2020 8510
1 2413 2020 10549
1 2414 2020 9904
1 2415 2020 8780
1 2416 2020 10293
1 2417 2020 11389
1 2418 2020 9769
1 2419 2020 10613
1 2420 2021 10191
1 2421 2021 10191
1 2422 2021 8714
1 2423 2021 11222
1 2424 2021 11891
1 2425 2021 -2703
1 2426 2021 9023
1 2427 2021 11388
1 2428 2021 11393
1 2429 2021 11819
1 2430 2021 11508
1 2431 2021 10642
1 2432 2021 10443
1 2433 2021 8759
1 2434 2021 11568
1 2435 2021 11803
1 2436 2021 11549
1 2437 2021 11805
1 2438 2021 8751
1 2439 2021 9211
1 2440 2021 10567
1 2441 2021 10575
1 2442 2021 11635
1 2443 2021 11521
1 2444 2021 11915
1 2445 2021 10347
1 2446 2021 11075
1 2447 2021 11075
1 2448 2021 9759
1 2449 2021 10251
1 2450 2021 8730
1 2451 2021 11998
1 2452 2021 11228
1 2453 2021 11606
1 2454 2021 10527
1 2455 2021 11571
1 2456 2021 11618
1 2457 2021 11604
1 2458 2021 11582
1 2459 2021 11812
1 2460 2021 11202
1 2461 2021 11569
1 2462 2021 10180
1 2463 2021 9240
1 2464 2021 10220
1 2465 2021 10518
1 2466 2021 9030
1 2467 2021 9216
1 2468 2021 11949
1 2469 2021 9075
1 2470 2021 8790
1 2471 2021 8790
1 2472 2021 11799
1 2473 2021 9827
1 2474 2021 10438
1 2475 2021 10438
1 2476 2021 11560
1 2477 2021 8811
1 2478 2021 7542
1 2479 2021 10216
1 2480 2021 8258
1 2481 2021 9795
1 2482 2021 11631
1 2483 2021 11594
1 2484 2021 11974
1 2485 2021 11989
1 2486 2021 11580
1 2487 2021 8758
1 2488 2021 8780
1 2489 2021 9904
1 2490 2021 9769
1 2491 2021 10255
1 2492 2021 11597
1 2493 2021 10628
1 2494 2021 11581
1 2495 2021 9812
1 2496 2021 10190
1 2497 2021 10237
1 2498 2021 10622
1 2499 2021 10594
1 2500 2021 9822
1 2501 2021 11987
1 2502 2021 9217
1 2503 2021 7157
1  2021 11950
1 2504 2021 10115
1 2505 2021 12513
1 2506 2021 10451
1 2507 2021 11923
1 2508 2021 11972
1 2509 2021 8712
1 2510 2021 10348
1 2511 2021 12038
1 55 1988 1089
1 39 1988 1072
1 56 1988 899
1 57 1988 904
1 51 1988 1095
1 58 1988 1246
1 59 1988 747
1 60 1988 905
1 61 1988 1554
1 62 1988 29
1 63 1989 1073
1 47 1989 577
1 64 1989 1887
1 65 1989 1082
1 66 1989 1109
1 67 1989 1251
1 68 1989 1079
1 69 1989 1082
1 70 1989 1586
1 71 1989 1072
1 72 1990 1226
1 73 1990 1741
1 74 1990 1094
1 75 1990 1662
1 76 1990 1080
1 77 1990 906
1 78 1990 1259
1 52 1990 1664
1 79 1990 1664
1 80 1990 29
1 81 1990 1109
1 82 1990 1082
1 83 1990 1821
1 84 1990 1255
1 85 1990 1079
1 86 1990 2053
1 87 1990 1877
1 88 1990 2175
1 89 1990 2120
1 90 1990 1251
1 91 1990 2169
1 92 1990 749
1 93 1990 2171
1 94 1990 577
1 95 1990 1225
1 96 1990 1243
1 97 1990 2067
1 98 1990 2179
1 50 1990 21
1 99 1990 1586
1 100 1990 1083
1 45 1990 1660
1 101 1990 2105
1 102 1990 36
1 103 1990 29
1 104 1990 1077
1 105 1990 1078
1 106 1990 1769
1 107 1990 2164
1 108 1990 2178
1 109 1990 2163
1 110 1990 1251
1 111 1990 1082
1 112 1990 1891
1 113 1990 1877
1 36 1990 755
1 114 1990 2214
1 115 1990 1252
1 116 1990 2167
1 117 1990 1757
1 118 1990 1252
1 119 1990 1784
1 120 1990 2073
1 121 1990 1880
1 122 1991 1080
1 123 1991 1835
1 124 1991 2245
1 125 1991 425
1 126 1991 2176
1 127 1991 2165
1 128 1991 904
1 129 1991 577
1 130 1991 577
1 131 1991 2163
1 132 1991 1288
1 133 1991 2273
1 134 1991 755
1 135 1991 2066
1 136 1991 2363
1 137 1991 1097
1 138 1991 1825
1 139 1991 1825
1 140 1991 1899
1 141 1991 1899
1 142 1991 2143
1 143 1991 1098
1 144 1991 2291
1 145 1991 1101
1 146 1991 1101
1 147 1991 1242
1 148 1991 1242
1 149 1991 2164
1 150 1991 2164
1 151 1991 2341
1 152 1991 2178
1 153 1991 2172
1 48 1991 1741
1 43 1991 1259
1 154 1991 1090
1 155 1991 1090
1 156 1991 567
1 157 1991 906
1 158 1991 906
1 159 1991 1664
1 160 1991 1664
1 161 1991 1757
1 162 1991 1757
1 163 1991 1887
1 164 1991 1887
1 41 1991 2076
1 165 1991 2177
1 166 1991 1095
1 167 1991 1769
1 168 1991 1769
1 169 1991 36
1 170 1991 1072
1 171 1991 2167
1 172 1991 1255
1 173 1991 54
1 174 1991 29
1 175 1991 2353
1 176 1991 1109
1 177 1991 1109
1 178 1991 1262
1 54 1991 2366
1 179 1991 1660
1 180 1991 1083
1 181 1991 1820
1 182 1991 1820
1 183 1991 2374
1 184 1991 1880
1 185 1991 2064
1 186 1991 1554
1 187 1991 1663
1 188 1991 2175
1 189 1991 2073
1 190 1991 1079
1 191 1991 1252
1 192 1991 2262
1 193 1991 2315
1 194 1991 751
1 195 1991 1784
1 196 1991 2073
1 197 1991 1885
1 198 1991 1225
1 199 1991 749
1 200 1991 30
1 40 1991 2120
1 201 1991 905
1 202 1992 2245
1 203 1992 2349
1 204 1992 2178
1 205 1992 2323
1 206 1992 2375
1 207 1992 2262
1 208 1992 1741
1 209 1992 1882
1 210 1992 577
1 211 1992 1757
1 212 1992 1097
1 213 1992 2260
1 214 1992 2164
1 215 1992 1259
1 216 1992 2143
1 217 1992 2075
1 218 1992 1256
1 219 1992 1552
1 220 1992 905
1 221 1992 2363
1 37 1992 1080
1 222 1992 2353
1 223 1992 1258
1 224 1992 1885
1 225 1992 1662
1 226 1992 1072
1 227 1992 910
1 228 1992 1255
1 229 1992 1649
1 230 1992 1880
1 231 1992 1663
1 232 1992 1288
1 233 1992 1251
1 30 1992 1244
1 234 1992 1891
1 235 1992 2167
1 236 1992 1553
1 237 1992 2169
1 238 1992 2076
1 239 1992 2177
1 240 1992 1246
1 241 1992 1246
1 242 1992 2292
1 243 1992 36
1 244 1992 1877
1 245 1992 21
1 246 1992 2369
1 247 1992 30
1 248 1992 2073
1 249 1992 1664
1 250 1992 2073
1 251 1992 1089
1 252 1992 2164
1 253 1992 1660
1 254 1992 2066
1 255 1992 1877
1 256 1992 415
1 257 1992 2071
1 258 1993 2223
1 259 1993 2431
1 260 1993 2379
1 261 1993 2176
1 262 1993 2460
1 263 1993 2260
1 264 1993 2356
1 265 1993 2356
1 46 1993 2364
1 266 1993 2164
1 267 1993 2164
1 268 1993 2363
1 269 1993 1246
1 270 1993 1246
1 271 1993 2146
1 272 1993 2479
1 273 1993 2409
1 274 1993 2172
1 275 1993 2163
1 276 1993 577
1 277 1993 577
1 23 1993 2462
1 278 1993 2066
1 279 1993 2170
1 280 1993 2353
1 281 1993 1255
1 282 1993 1664
1 283 1993 2236
1 284 1993 2323
1 285 1993 2323
1 286 1993 1225
1 287 1993 2366
1 288 1993 2643
1 21 1993 2572
1 289 1993 2341
1 290 1993 2349
1 291 1993 1899
1 292 1993 1899
1 293 1993 1259
1 294 1993 2252
1 295 1993 2374
1 296 1993 2214
1 297 1993 2214
1 298 1993 2169
1 299 1993 2368
1 300 1993 2368
1 301 1993 2523
1 302 1993 2167
1 303 1993 2706
1 304 1993 2355
1 305 1993 2465
1 306 1993 2177
1 307 1993 2069
1 308 1993 1660
1 309 1993 1242
1 310 1993 1242
1 311 1993 1262
1 312 1993 1262
1 313 1993 2278
1 314 1993 2536
1 315 1993 1880
1 316 1993 2245
1 317 1993 1288
1 318 1993 1288
1 319 1993 2342
1 320 1993 2534
1 321 1993 1554
1 322 1993 1554
1 323 1993 2663
1 324 1993 1877
1 325 1993 2447
1 326 1993 1079
1 327 1993 2358
1 328 1993 2073
1 329 1993 1784
1 330 1993 1834
1 331 1993 2641
1 332 1993 2608
1 333 1993 2698
1 334 1993 2351
1 335 1993 2707
1 336 1993 2076
1 337 1993 2365
1 338 1993 2377
1 339 1993 2073
1 340 1994 2362
1 341 1995 2339
1 342 1995 2364
1 343 1995 2323
1 344 1995 2379
1 345 1995 2245
1 346 1995 2479
1 347 1995 2363
1 348 1995 2066
1 349 1995 2167
1 350 1995 2807
1 351 1995 2829
1 352 1995 2172
1 353 1995 2178
1 354 1995 2218
1 355 1995 1741
1 356 1995 2460
1 357 1995 2908
1 358 1995 2361
1 359 1995 2617
1 360 1995 2409
1 361 1995 2262
1 362 1995 2262
1 363 1995 2607
1 364 1995 2177
1 365 1995 2375
1 366 1995 2572
1 367 1995 2163
1 368 1995 2706
1 369 1995 2572
1 370 1995 1664
1 371 1995 2353
1 372 1995 2536
1 373 1995 2369
1 38 1995 30
1 374 1995 2075
1 375 1995 2644
1 376 1995 2365
1 377 1995 2365
1 378 1995 2631
1 32 1995 2421
1 379 1995 2421
1 380 1995 1876
1 381 1995 1649
1 382 1995 2071
1 383 1995 2073
1 384 1995 2073
1 385 1995 2707
1 13 1995 2377
1 386 1995 2699
1 387 1995 2641
1 388 1995 2417
1 29 1995 2658
1 389 1995 2698
1 390 1995 2695
1 391 1995 2830
1 392 1995 2637
1 393 1995 2376
1 394 1995 2447
1 395 1995 1757
1 396 1995 2064
1 397 1995 2686
1 398 1995 2545
1 399 1996 2170
1 400 1996 2341
1 401 1996 2341
1 402 1996 2176
1 403 1996 2853
1 404 1996 2623
1 405 1996 2623
1 406 1996 2443
1 407 1996 1664
1 408 1996 2260
1 49 1996 3009
1 409 1996 2375
1 410 1996 2363
1 411 1996 2807
1 412 1996 2245
1 413 1996 2800
1 414 1996 2861
1 415 1996 2697
1 416 1996 2903
1 417 1996 2376
1 418 1996 3111
1 419 1996 3088
1 420 1996 3237
1 421 1996 3259
1 422 1996 2409
1 423 1996 2178
1 424 1996 2178
1 425 1996 2163
1 426 1996 2163
1 427 1996 2572
1 428 1996 2688
1 429 1996 3241
1 430 1996 2842
1 431 1996 2842
1 432 1996 2963
1 433 1996 2368
1 434 1996 2612
1 435 1996 2834
1 436 1996 2707
1 437 1996 2931
1 438 1996 3260
1 439 1996 2536
1 440 1996 2169
1 441 1996 2631
1 442 1996 2830
1 443 1996 2064
1 444 1996 3250
1 445 1996 2637
1 446 1996 2172
1 447 1996 3201
1 448 1996 1891
1 449 1996 2377
1 450 1996 2658
1 451 1996 2658
1 452 1996 3123
1 453 1996 2523
1 454 1996 2799
1 455 1996 2073
1 456 1996 2073
1 457 1996 2069
1 458 1996 2421
1 459 1996 2421
1 460 1996 2843
1 461 1996 3299
1 462 1996 1255
1 463 1996 2379
1 464 1996 3226
1 465 1996 2641
1 466 1996 2641
1 467 1996 2695
1 468 1996 3280
1 469 1996 3298
1 470 1996 2214
1 471 1996 3209
1 472 1996 2571
1 473 1996 2698
1 474 1996 3293
1 475 1996 2353
1 53 1996 2076
1 476 1996 2365
1 477 1996 3291
1 478 1996 2617
1 479 1996 2617
1 480 1996 2373
1 481 1996 2373
1 482 1996 2611
1 483 1996 3324
1 484 1996 2676
1 485 1996 2632
1 486 1996 2847
1 487 1996 2460
1 488 1996 2610
1 489 1996 1880
1 490 1996 3248
1 491 1996 2369
1 492 1996 2342
1 493 1997 2245
1 494 1997 2064
1 495 1997 2443
1 496 1997 2379
1 26 1997 2365
1 497 1997 3123
1 498 1997 2640
1 499 1997 3121
1 17 1997 3236
1 500 1997 3222
1 501 1997 1741
1 502 1997 1741
1 503 1997 2323
1 504 1997 2323
1 505 1997 3199
1 506 1997 2697
1 507 1997 2697
1 508 1997 2611
1 509 1997 2623
1 510 1997 2834
1 511 1997 2460
1 512 1997 2409
1 513 1997 2409
1 514 1997 3263
1 515 1997 2631
1 516 1997 2612
1 517 1997 3129
1 518 1997 2572
1 519 1997 2607
1 520 1997 2829
1 521 1997 3250
1 522 1997 3282
1 523 1997 2169
1 524 1997 2366
1 525 1997 2366
1 526 1997 2853
1 527 1997 2842
1 528 1997 3260
1 529 1997 2167
1 530 1997 2841
1 531 1997 2178
1 532 1997 2178
1 533 1997 2223
1 534 1997 2941
1 535 1997 2898
1 536 1997 3076
1 537 1997 2695
1 538 1997 2377
1 539 1997 2908
1 540 1997 2908
1 541 1997 2658
1 542 1997 2658
1 543 1997 2536
1 544 1997 2617
1 545 1997 2617
1 546 1997 2353
1 547 1997 2873
1 548 1997 2177
1 549 1997 3009
1 550 1997 2214
1 551 1997 2686
1 552 1997 2799
1 553 1997 2860
1 554 1997 2292
1 555 1997 2073
1 556 1997 1666
1 557 1997 2374
1 558 1997 2698
1 559 1997 2076
1 560 1997 2787
1 561 1997 1891
1 562 1997 2899
1 563 1997 3533
1 564 1997 2358
1 565 1997 2358
1 566 1997 3027
1 567 1997 2673
1 568 1997 2341
1 569 1997 2707
1 570 1997 2676
1 571 1997 1880
1 572 1997 2641
1 573 1997 2641
1 574 1997 3255
1 575 1997 2342
1 576 1997 3203
1 577 1997 54
1 578 1997 54
1 579 1997 2963
1 580 1997 3111
1 581 1997 2942
1 582 1998 2861
1 583 1998 2066
1 584 1998 2176
1 585 1998 3123
1 586 1998 3260
1 587 1998 2623
1 588 1998 3552
1 589 1998 2617
1 590 1998 2421
1 591 1998 2421
1 592 1998 2163
1 593 1998 3276
1 594 1998 3222
1 595 1998 3577
1 596 1998 2572
1 597 1998 2847
1 598 1998 2178
1 599 1998 2706
1 600 1998 2409
1 601 1998 3239
1 602 1998 3300
1 603 1998 3214
1 604 1998 2637
1 605 1998 2637
1 606 1998 2353
1 607 1998 2353
1 608 1998 3478
1 609 1998 2245
1 610 1998 2460
1 611 1998 2963
1 612 1998 2963
1 613 1998 2260
1 614 1998 3236
1 615 1998 75
1 616 1998 2369
1 617 1998 2834
1 618 1998 2834
1 619 1998 2853
1 620 1998 2941
1 621 1998 2941
1 622 1998 2073
1 623 1998 2073
1 624 1998 3009
1 625 1998 2476
1 626 1998 3289
1 627 1998 2640
1 628 1998 2860
1 629 1998 2830
1 630 1998 3291
1 631 1998 2861
1 632 1998 3255
1 633 1998 2707
1 634 1998 2536
1 635 1998 3307
1 636 1998 2695
1 637 1998 2479
1 638 1998 2262
1 639 1998 2262
1 640 1998 2931
1 641 1998 2607
1 642 1998 3428
1 643 1998 2168
1 644 1998 2597
1 645 1998 3326
1 646 1998 2534
1 647 1998 2799
1 648 1998 2873
1 649 1998 3282
1 650 1998 2787
1 651 1998 3490
1 652 1998 2075
1 653 1998 3027
1 654 1998 2699
1 655 1998 2906
1 656 1998 2236
1 657 1998 2376
1 658 1998 3564
1 659 1998 2683
1 660 1998 2892
1 661 1998 3203
1 662 1998 2361
1 663 1998 2278
1 664 1998 2377
1 665 1998 3111
1 666 1998 2964
1 667 1998 2673
1 668 1998 1880
1 669 1998 2292
1 670 1998 2358
1 35 1998 3567
1 671 1998 3273
1 672 1998 2378
1 673 1998 2899
1 674 1998 3592
1 675 1998 2942
1 676 1998 3198
1 677 1998 3538
1 678 1998 2612
1 679 1999 2379
1 680 1999 2829
1 681 1999 2479
1 682 1999 3440
1 683 1999 3201
1 684 1999 2853
1 28 1999 3552
1 685 1999 3214
1 25 1999 3571
1 686 1999 3002
1 687 1999 3330
1 688 1999 3300
1 689 1999 3202
1 690 1999 3259
1 691 1999 3048
1 692 1999 2323
1 20 1999 3471
1 693 1999 3469
1 694 1999 2800
1 695 1999 3111
1 696 1999 3414
1 697 1999 2668
1 698 1999 3009
1 699 1999 3291
1 700 1999 3282
1 16 1999 2841
1 701 1999 3248
1 702 1999 2706
1 703 1999 3129
1 704 1999 3203
1 705 1999 2834
1 706 1999 2834
1 707 1999 2597
1 708 1999 2787
1 709 1999 3564
1 710 1999 3255
1 711 1999 53
1 712 1999 2931
1 713 1999 2860
1 714 1999 3420
1 715 1999 3076
1 716 1999 3250
1 717 1999 2342
1 718 1999 54
1 719 1999 2799
1 720 1999 2908
1 721 1999 2908
1 722 1999 3237
1 723 1999 3224
1 724 1999 2699
1 12 1999 3538
1 725 1999 3443
1 726 1999 2873
1 727 1999 3607
1 728 1999 2460
1 729 1999 2659
1 730 1999 2892
1 731 1999 2942
1 732 1999 3589
1 733 1999 3273
1 734 1999 2703
1 735 1999 3704
1 9 1999 3316
1 736 1999 3759
1 737 1999 4301
1 738 1999 3567
1 739 1999 3198
1 740 1999 2927
1 741 1999 2784
1 742 1999 3473
1 743 1999 3303
1 744 1999 3738
1 4 1999 2066
1 745 1999 2223
1 746 1999 2223
1 747 2000 2941
1 748 2000 2941
1 749 2000 3248
1 750 2000 3440
1 751 2000 75
1 752 2000 3659
1 753 2000 3202
1 754 2000 3968
1 755 2000 3469
1 756 2000 3759
1 757 2000 3954
1 758 2000 2549
1 759 2000 4217
1 760 2000 3725
1 761 2000 2834
1 762 2000 2834
1 763 2000 3123
1 764 2000 3250
1 765 2000 3203
1 766 2000 3300
1 767 2000 2706
1 8 2000 2706
1 768 2000 3885
1 769 2000 3303
1 770 2000 3471
1 3 2000 3471
1 771 2000 3316
1 772 2000 2819
1 773 2000 4103
1 774 2000 3641
1 775 2000 3564
1 776 2000 3111
1 777 2000 3762
1 778 2000 3268
1 779 2000 2627
1 780 2000 3255
1 2 2000 3255
1 781 2000 3209
1 782 2000 3592
1 783 2000 2963
1 784 2000 2377
1 785 2000 2787
1 786 2000 3490
1 787 2000 3260
1 788 2000 3291
1 789 2000 3291
1 790 2000 3567
1 791 2000 3567
1 792 2000 2342
1 793 2000 2223
1 794 2000 4170
1 795 2000 3307
1 796 2001 2941
1 797 2001 2941
1 798 2001 3203
1 799 2001 3268
1 800 2001 3268
1 801 2001 3968
1 802 2001 3291
1 803 2001 3471
1 804 2001 3471
1 805 2001 2861
1 806 2001 4217
1 807 2001 4395
1 808 2001 3255
1 809 2001 4051
1 810 2001 3589
1 811 2001 2686
1 812 2001 2597
1 813 2001 2706
1 814 2001 2683
1 815 2001 2460
1 816 2001 3428
1 817 2001 4243
1 818 2001 3641
1 819 2001 3607
1 820 2001 3704
1 821 2001 2847
1 822 2001 4366
1 823 2001 4193
1 824 2001 3255
1 825 2001 4261
1 826 2001 3250
1 827 2001 2873
1 828 2001 4158
1 829 2001 3636
1 830 2001 2847
1 831 2001 3316
1 832 2001 3121
1 833 2001 4517
1 834 2001 2640
1 835 2001 3316
1 836 2001 4161
1 837 2001 4242
1 838 2001 4244
1 839 2001 4104
1 840 2001 4241
1 15 2001 3265
1 841 2001 2703
1 842 2001 4256
1 843 2001 -2650
1 844 2001 3490
1 845 2001 2784
1 846 2001 2787
1 847 2001 3738
1 848 2001 3692
1 849 2001 3692
1 850 2001 4238
1 851 2001 3198
1 852 2001 3330
1 853 2001 4212
1 854 2001 4227
1 855 2001 2908
1 856 2001 3473
1 857 2001 2607
1 858 2001 4309
1 859 2001 30
1 860 2001 4266
1 861 2001 3121
1 862 2001 3202
1 863 2001 2861
1 864 2001 53
1 865 2001 4153
1 866 2001 3954
1 867 2001 3248
1 868 2001 3414
1 869 2001 4314
1 870 2001 3009
1 871 2001 2860
1 872 2001 4239
1 873 2001 4166
1 874 2001 3659
1 875 2001 3659
1 876 2001 3469
1 877 2001 3224
1 878 2001 4183
1 879 2001 4259
1 880 2001 3748
1 881 2002 3209
1 882 2002 3681
1 883 2002 3201
1 884 2002 3881
1 885 2002 3533
1 886 2002 3428
1 887 2002 3076
1 888 2002 3214
1 889 2002 3289
1 890 2002 3725
1 891 2002 3589
1 1 2002 3250
1 892 2002 2706
1 893 2002 4242
1 894 2002 4008
1 895 2002 3259
1 896 2002 3259
1 897 2002 3607
1 34 2002 3248
1 31 2002 3319
1 898 2002 4004
1 899 2002 4308
1 900 2002 4308
1 901 2002 4103
1 902 2002 4103
1 903 2002 3445
1 904 2002 4193
1 905 2002 4407
1 906 2002 3564
1 907 2002 3198
1 908 2002 3692
1 909 2002 3704
1 910 2002 4184
1 911 2002 3662
1 912 2002 4301
1 913 2002 4051
1 914 2002 3762
1 915 2002 4223
1 916 2002 4255
1 917 2002 4361
1 27 2002 3282
1 918 2002 3490
1 919 2002 2787
1 920 2002 3291
1 921 2002 4155
1 922 2002 3592
1 923 2002 3734
1 924 2002 3268
1 925 2002 3268
1 926 2002 3279
1 927 2002 4386
1 928 2002 3303
1 929 2002 3567
1 930 2001 2379
1 931 2001 3279
1 932 2001 -2650
1 933 2003 4184
1 934 2003 3237
1 935 2003 4575
1 936 2003 5326
1 937 2003 4190
1 938 2003 2640
1 939 2003 4195
1 940 2003 4195
1 941 2003 4161
1 942 2003 3881
1 943 2003 3202
1 944 2003 3202
1 19 2003 4407
1 945 2003 2787
1 946 2003 2787
1 947 2003 3201
1 948 2003 3201
1 949 2003 4517
1 950 2003 5250
1 951 2003 5076
1 952 2003 3533
1 953 2003 4385
1 954 2003 4314
1 955 2003 4396
1 956 2003 3279
1 957 2003 4467
1 958 2003 2597
1 959 2003 4259
1 960 2003 4051
1 961 2003 3738
1 962 2003 5669
1 963 2003 4258
1 964 2003 5120
1 965 2003 4456
1 11 2003 3214
1 966 2003 3589
1 967 2003 4410
1 968 2003 3076
1 969 2003 3076
1 970 2003 5133
1 971 2003 4359
1 972 2003 4420
1 973 2003 4395
1 974 2003 3319
1 975 2003 3250
1 976 2003 3250
1 977 2003 3885
1 978 2003 4378
1 979 2003 3268
1 980 2003 3255
1 981 2003 5150
1 982 2003 3303
1 983 2003 5063
1 984 2003 4635
1 985 2003 3490
1 986 2003 4416
1 44 2003 3564
1 987 2003 4193
1 988 2003 5141
1 989 2003 4386
1 990 2003 2784
1 991 2003 3291
1 992 2003 3291
1 993 2003 2377
1 994 2003 3559
1 995 2003 5084
1 996 2003 3771
1 997 2003 3771
1 998 2003 4473
1 999 2003 5137
1 1000 2003 2927
1 1001 2003 3782
1 1002 2003 2699
1 1003 2003 2800
1 7 2003 2800
1 1004 2003 4257
1 1005 2003 3704
1 1006 2003 4226
1 1007 2003 5226
1 1008 2003 5107
1 1009 2003 4468
1 1010 2003 5121
1 1011 2003 4335
1 1012 2003 3563
1 1013 2003 5241
1 1014 2003 4399
1 1015 2003 5276
1 1016 2003 3636
1 1017 2003 4432
1 1018 2003 4170
1 1019 2003 4472
1 1020 2003 3748
1 1021 2003 4244
1 1022 2003 4244
1 1023 2003 4004
1 1024 2003 3203
1 1025 2003 3538
1 1026 2003 4346
1 1027 2003 2860
1 1028 2003 2830
1 1029 2003 3945
1 1030 2003 3273
1 1031 2003 5235
1 33 2004 3641
1 1032 2004 3291
1 1033 2004 3291
1 1034 2004 2377
1 1035 2004 4184
1 1036 2004 5152
1 1037 2004 5150
1 1038 2004 3201
1 1039 2004 2640
1 1040 2004 5326
1 1041 2004 4162
1 1042 2004 4335
1 1043 2004 5076
1 1044 2004 4407
1 1045 2004 4346
1 1046 2004 4308
1 1047 2004 4308
1 1048 2004 5232
1 1049 2004 5144
1 1050 2004 2800
1 1051 2004 4004
1 1052 2004 5130
1 1053 2004 3445
1 1054 2004 4420
1 1055 2004 4241
1 1056 2004 3738
1 1057 2004 3268
1 1058 2004 3268
1 1059 2004 4454
1 1060 2004 4454
1 1061 2004 4395
1 1062 2004 4217
1 1063 2004 4217
1 1064 2004 5135
1 1065 2004 4529
1 1066 2004 5635
1 1067 2004 3289
1 1068 2004 3250
1 1069 2004 3250
1 1070 2004 3248
1 1071 2004 4169
1 1072 2004 4103
1 1073 2004 4103
1 1074 2004 4051
1 1075 2004 2706
1 1076 2004 3279
1 1077 2004 5137
1 1078 2004 3589
1 1079 2004 4635
1 1080 2004 4238
1 1081 2004 5111
1 1082 2004 2834
1 1083 2004 2834
1 1084 2004 5107
1 1085 2004 3636
1 1086 2004 4460
1 1087 2004 4467
1 1088 2004 4459
1 1089 2004 4468
1 1090 2004 3564
1 1091 2004 2787
1 1092 2004 4734
1 1093 2004 5495
1 1094 2004 3490
1 1095 2004 4378
1 1096 2004 4305
1 1097 2004 4386
1 1098 2004 4386
1 1099 2004 5061
1 1100 2004 5084
1 1101 2004 3651
1 1102 2004 5141
1 1103 2004 3303
1 1104 2004 4631
1 1105 2004 4258
1 1106 2004 3431
1 1107 2004 5535
1 1108 2004 3563
1 1109 2004 5634
1 1110 2004 5510
1 1111 2004 5471
1 1112 2004 3567
1 1113 2004 3567
1 1114 2004 2784
1 1115 2004 5548
1 1116 2004 3265
1 1117 2004 4155
1 1118 2004 5241
1 1119 2004 5434
1 1120 2004 5121
1 1121 2004 4473
1 1122 2004 4322
1 1123 2004 3796
1 1124 2004 3009
1 1125 2004 2860
1 1126 2004 4008
1 1127 2004 3538
1 1128 2004 5226
1 1129 2004 3236
1 1130 2004 4193
1 1131 2004 2927
1 1132 2004 2927
1 18 2004 4410
1 1133 2005 6083
1 1134 2005 4166
1 1135 2005 5597
1 1136 2005 3571
1 1137 2005 3725
1 10 2005 4432
1 1138 2005 5060
1 6 2005 4314
1 1139 2005 5248
1 1140 2005 5089
1 1141 2005 4407
1 1142 2005 4468
1 1143 2005 4460
1 1144 2005 3607
1 1145 2005 4456
1 1146 2005 5555
1 1147 2005 5107
1 1148 2005 5552
1 1149 2005 3214
1 1150 2005 3250
1 1151 2005 3490
1 1152 2005 5443
1 1153 2005 4193
1 1154 2005 3268
1 1155 2005 3268
1 1156 2005 5596
1 1157 2005 3420
1 1158 2005 4575
1 1159 2005 5662
1 1160 2005 4459
1 1161 2005 4217
1 42 2005 5535
1 1162 2005 5520
1 1163 2005 4051
1 1164 2005 5466
1 1165 2005 5141
1 1166 2005 5137
1 1167 2005 5490
1 1168 2005 5510
1 1169 2005 3564
1 1170 2005 4386
1 1171 2005 4454
1 1172 2005 5084
1 1173 2005 4467
1 1174 2005 5326
1 1175 2005 5456
1 1176 2005 4346
1 1177 2005 5226
1 1178 2005 4223
1 1179 2006 5063
1 1180 2006 5547
1 1181 2006 4407
1 1182 2006 5107
1 1183 2006 3945
1 1184 2006 5232
1 1185 2006 4359
1 1186 2006 5439
1 1187 2006 5089
1 1188 2006 3533
1 1189 2006 3533
1 1190 2006 4051
1 1191 2006 3268
1 1192 2006 4420
1 1193 2006 5626
1 24 2006 5433
1 1194 2006 5150
1 1195 2006 3490
1 1196 2006 4395
1 1197 2006 4395
1 1198 2006 4575
1 1199 2006 4223
1 1200 2006 4410
1 1201 2006 5250
1 1202 2006 6529
1 1203 2006 4459
1 1204 2006 5427
1 1205 2006 4386
1 1206 2006 4386
1 1207 2006 5486
1 1208 2006 5741
1 1209 2006 5520
1 1210 2006 5490
1 1211 2006 5555
1 1212 2006 4454
1 1213 2006 4468
1 1214 2006 5670
1 22 2006 5121
1 1215 2006 5491
1 1216 2006 5144
1 1217 2006 5525
1 1218 2006 5510
1 1219 2006 5137
1 1220 2006 5604
1 1221 2006 5122
1 1222 2006 4628
1 1223 2006 5531
1 1224 2006 5084
1 1225 2006 5141
1 1226 2006 5141
1 1227 2006 5326
1 1228 2006 5535
1 1229 2006 3009
1 1230 2006 3552
1 1231 2006 4193
1 1232 2006 5501
1 1233 2006 5444
1 1234 2006 4467
1 1235 2006 5648
1 1236 2006 6782
1 1237 2006 4472
1 1238 2006 5831
1 1239 2007 4404
1 1240 2007 5103
1 1241 2007 5547
1 1242 2007 6083
1 1243 2007 5232
1 1244 2007 5447
1 1245 2007 5100
1 1246 2007 3571
1 1247 2007 6529
1 1248 2007 5076
1 1249 2007 5076
1 1250 2007 5242
1 1251 2007 5631
1 1252 2007 6099
1 1253 2007 5455
1 1254 2007 5433
1 1255 2007 5469
1 1256 2007 5469
1 1257 2007 4407
1 1258 2007 6089
1 1259 2007 5421
1 1260 2007 5652
1 1261 2007 6136
1 1262 2007 5125
1 1263 2007 4361
1 1264 2007 4361
1 1265 2007 4395
1 1266 2007 5107
1 1267 2007 5150
1 1268 2007 4335
1 1269 2007 5250
1 1270 2007 4359
1 1271 2007 5152
1 1272 2007 5443
1 1273 2007 5555
1 1274 2007 4420
1 1275 2007 4454
1 1276 2007 5531
1 1277 2007 6196
1 1278 2007 5543
1 1279 2007 6100
1 1280 2007 4241
1 1281 2007 5137
1 1282 2007 6151
1 1283 2007 5431
1 1284 2007 5439
1 1285 2007 4468
1 1286 2007 5127
1 1287 2007 4410
1 1288 2007 4217
1 1289 2007 4217
1 1290 2007 5456
1 1291 2007 5506
1 1292 2007 5111
1 1293 2007 5648
1 1294 2007 4470
1 1295 2007 5542
1 1296 2007 5632
1 1297 2007 5430
1 1298 2007 5248
1 1299 2007 6193
1 14 2007 5094
1 1300 2007 5491
1 1301 2007 5535
1 1302 2007 5490
1 1303 2007 5510
1 1304 2007 4473
1 1305 2007 5759
1 1306 2007 5606
1 1307 2007 5514
1 1308 2007 5589
1 1309 2007 5486
1 1310 2007 5520
1 1311 2007 5520
1 1312 2007 5626
1 1313 2007 6120
1 1314 2007 5741
1 1315 2007 3692
1 1316 2007 4238
1 1317 2007 5089
1 1318 2007 4456
1 1319 2007 5130
1 1320 2007 5130
1 1321 2007 5593
1 1322 2007 6147
1 1323 2007 5526
1 1324 2007 5466
1 1325 2007 5460
1 1326 2007 5525
1 1327 2007 3564
1 1328 2007 5501
1 1329 2007 5084
1 1330 2007 5141
1 1331 2007 5444
1 1332 2007 5121
1 1333 2007 5459
1 1334 2007 5326
1 1335 2007 4575
1 1336 2007 4575
1 1337 2007 5144
1 1338 2007 5552
1 1339 2007 6528
1 1340 2007 6780
1 1341 2008 5469
1 1342 2008 5469
1 1343 2008 5063
1 1344 2008 3659
1 1345 2008 5421
1 1346 2008 6083
1 1347 2008 4361
1 1348 2008 6193
1 1349 2008 5107
1 1350 2008 4190
1 1351 2008 5144
1 1352 2008 3662
1 1353 2008 5076
1 1354 2008 5076
1 1355 2008 6127
1 1356 2008 4004
1 1357 2008 4399
1 1358 2008 4399
1 1359 2008 5250
1 1360 2008 4359
1 1361 2008 5552
1 1362 2008 6189
1 1363 2008 5248
1 1364 2008 5433
1 1365 2008 5741
1 1366 2008 5562
1 1367 2008 5525
1 1368 2008 5530
1 1369 2008 5427
1 1370 2008 5593
1 1371 2008 6147
1 1372 2008 5100
1 1373 2008 4395
1 1374 2008 4395
1 1375 2008 5122
1 1376 2008 6145
1 1377 2008 6145
1 1378 2008 5486
1 1379 2008 6084
1 1380 2008 5604
1 1381 2008 5604
1 1382 2008 6452
1 1383 2008 5510
1 1384 2008 4420
1 1385 2008 6369
1 1386 2008 6118
1 1387 2008 5662
1 1388 2008 6455
1 1389 2008 6525
1 1390 2008 5137
1 1391 2008 6529
1 1392 2008 5089
1 5 2008 5466
1 1393 2008 5531
1 1394 2008 5084
1 1395 2008 4407
1 1396 2008 5631
1 1397 2008 6196
1 1398 2008 6150
1 1399 2008 6150
1 1400 2008 5146
1 1401 2008 6159
1 1402 2008 5506
1 1403 2008 5506
1 1404 2008 5150
1 1405 2008 5555
1 1406 2008 4575
1 1407 2008 4575
1 1408 2008 6155
1 1409 2008 6331
1 1410 2008 4529
1 1411 2008 6435
1 1412 2008 5152
1 1413 2008 5444
1 1414 2008 5535
1 1415 2008 5891
1 1416 2008 5547
1 1417 2008 4598
1 1418 2008 5595
1 1419 2008 6124
1 1420 2008 4465
1 1421 2008 6348
1 1422 2008 5490
1 1423 2008 4468
1 1424 2008 5495
1 1425 2008 5501
1 1426 2008 6459
1 1427 2008 5505
1 1428 2008 5326
1 1429 2008 6779
1 1430 2008 5125
1 1431 2008 3564
1 1432 2008 4335
1 1433 2008 6186
1 1434 2008 5485
1 1435 2008 4628
1 1436 2008 5648
1 1437 2009 5103
1 1438 2009 5242
1 1439 2009 5421
1 1440 2009 6690
1 1441 2009 5447
1 1442 2009 5248
1 1443 2009 6588
1 1444 2009 5150
1 1445 2009 6452
1 1446 2009 6605
1 1447 2009 5431
1 1448 2009 5107
1 1449 2009 5542
1 1450 2009 5433
1 1451 2009 5119
1 1452 2009 4410
1 1453 2009 6583
1 1454 2009 5751
1 1455 2009 6136
1 1456 2009 6338
1 1457 2009 5130
1 1458 2009 5130
1 1459 2009 4395
1 1460 2009 5427
1 1461 2009 5427
1 1462 2009 6189
1 1463 2009 5466
1 1464 2009 6459
1 1465 2009 5631
1 1466 2009 5631
1 1467 2009 5111
1 1468 2009 5535
1 1469 2009 5535
1 1470 2009 6593
1 1471 2009 5501
1 1472 2009 5525
1 1473 2009 6155
1 1474 2009 5141
1 1475 2009 5141
1 1476 2009 5530
1 1477 2009 5520
1 1478 2009 5520
1 1479 2009 6196
1 1480 2009 6196
1 1481 2009 6435
1 1482 2009 5084
1 1483 2009 5232
1 1484 2009 4631
1 1485 2009 6656
1 1486 2009 6168
1 1487 2009 6164
1 1488 2009 4407
1 1489 2009 6176
1 1490 2009 5137
1 1491 2009 6666
1 1492 2009 4190
1 1493 2009 6625
1 1494 2009 5510
1 1495 2009 5555
1 1496 2009 4359
1 1497 2009 5144
1 1498 2009 4399
1 1499 2009 6362
1 1500 2009 6608
1 1501 2009 6145
1 1502 2009 4575
1 1503 2009 6644
1 1504 2009 6724
1 1505 2009 5439
1 1506 2009 6124
1 1507 2009 5531
1 1508 2009 6441
1 1509 2009 5133
1 1510 2009 4004
1 1511 2009 6348
1 1512 2009 6695
1 1513 2009 4238
1 1514 2009 5430
1 1515 2009 5604
1 1516 2009 5589
1 1517 2009 6615
1 1518 2009 5444
1 1519 2009 5444
1 1520 2009 5490
1 1521 2009 5632
1 1522 2009 6697
1 1523 2009 6723
1 1524 2009 6455
1 1525 2009 6679
1 1526 2009 6682
1 1527 2009 6646
1 1528 2009 5528
1 1529 2009 4420
1 1530 2009 4456
1 1531 2010 5276
1 1532 2010 5107
1 1533 2010 6646
1 1534 2010 5444
1 1535 2010 6605
1 1536 2010 5421
1 1537 2010 6690
1 1538 2010 6585
1 1539 2010 6827
1 1540 2010 5597
1 1541 2010 6724
1 1542 2010 6189
1 1543 2010 6348
1 1544 2010 6666
1 1545 2010 5248
1 1546 2010 5469
1 1547 2010 5469
1 1548 2010 4407
1 1549 2010 6168
1 1550 2010 6644
1 1551 2010 6691
1 1552 2010 6151
1 1553 2010 5144
1 1554 2010 6608
1 1555 2010 6171
1 1556 2010 6860
1 1557 2010 6100
1 1558 2010 5741
1 1559 2010 6680
1 1560 2010 6127
1 1561 2010 5127
1 1562 2010 6910
1 1563 2010 6124
1 1564 2010 5751
1 1565 2010 6425
1 1566 2010 6588
1 1567 2010 6583
1 1568 2010 6625
1 1569 2010 5443
1 1570 2010 5443
1 1571 2010 6196
1 1572 2010 5543
1 1573 2010 6125
1 1574 2010 6892
1 1575 2010 4575
1 1576 2010 6938
1 1577 2010 6929
1 1578 2010 6990
1 1579 2010 6408
1 1580 2010 5652
1 1581 2010 5530
1 1582 2010 6688
1 1583 2010 6159
1 1584 2010 5562
1 1585 2010 5604
1 1586 2010 6776
1 1587 2010 6525
1 1588 2010 5662
1 1589 2010 5133
1 1590 2010 5133
1 1591 2010 5632
1 1592 2010 5490
1 1593 2010 5535
1 1594 2010 5535
1 1595 2010 5891
1 1596 2010 6089
1 1597 2010 5137
1 1598 2010 6435
1 1599 2010 5631
1 1600 2010 6663
1 1601 2010 6969
1 1602 2010 6155
1 1603 2010 5528
1 1604 2010 6537
1 1605 2010 5917
1 1606 2010 6866
1 1607 2010 5510
1 1608 2010 6615
1 1609 2010 6937
1 1610 2010 6909
1 1611 2010 5520
1 1612 2010 5520
1 1613 2010 5466
1 1614 2010 5525
1 1615 2010 6930
1 1616 2010 6900
1 1617 2010 6907
1 1618 2010 6679
1 1619 2010 6718
1 1620 2010 6193
1 1621 2010 6979
1 1622 2010 6831
1 1623 2010 6958
1 1624 2010 6678
1 1625 2010 7063
1 1626 2010 7078
1 1627 2010 6834
1 1628 2010 6617
1 1629 2011 5107
1 1630 2011 6086
1 1631 2011 6605
1 1632 2011 6833
1 1633 2011 6348
1 1634 2011 6644
1 1635 2011 6781
1 1636 2011 4361
1 1637 2011 6829
1 1638 2011 5662
1 1639 2011 6909
1 1640 2011 6625
1 1641 2011 6189
1 1642 2011 7267
1 1643 2011 6168
1 1644 2011 7124
1 1645 2011 6831
1 1646 2011 6971
1 1647 2011 7131
1 1648 2011 6867
1 1649 2011 6124
1 1650 2011 6680
1 1651 2011 6155
1 1652 2011 7230
1 1653 2011 7157
1 1654 2011 6176
1 1655 2011 6692
1 1656 2011 6369
1 1657 2011 7205
1 1658 2011 6593
1 1659 2011 6151
1 1660 2011 6730
1 1661 2011 6588
1 1662 2011 6588
1 1663 2011 6713
1 1664 2011 6945
1 1665 2011 5443
1 1666 2011 5443
1 1667 2011 5510
1 1668 2011 6928
1 1669 2011 6679
1 1670 2011 6930
1 1671 2011 6969
1 1672 2011 6948
1 1673 2011 7043
1 1674 2011 6452
1 1675 2011 6723
1 1676 2011 5127
1 1677 2011 6150
1 1678 2011 6585
1 1679 2011 5520
1 1680 2011 6617
1 1681 2011 5530
1 1682 2011 7046
1 1683 2011 6718
1 1684 2011 6408
1 1685 2011 6920
1 1686 2011 6972
1 1687 2011 7172
1 1688 2011 6859
1 1689 2011 7163
1 1690 2011 6441
1 1691 2011 6717
1 1692 2011 5490
1 1693 2011 5444
1 1694 2011 6938
1 1695 2011 6682
1 1696 2011 6770
1 1697 2011 6118
1 1698 2011 5595
1 1699 2011 5595
1 1700 2011 6967
1 1701 2011 5525
1 1702 2011 6683
1 1703 2011 6663
1 1704 2011 6780
1 1705 2011 5593
1 1706 2011 6615
1 1707 2011 7201
1 1708 2011 6609
1 1709 2011 5094
1 1710 2011 7215
1 1711 2011 6776
1 1712 2012 6690
1 1713 2012 6625
1 1714 2012 7262
1 1715 2012 5662
1 1716 2012 6605
1 1717 2012 6990
1 1718 2012 6348
1 1719 2012 7185
1 1720 2012 6408
1 1721 2012 7206
1 1722 2012 7205
1 1723 2012 6723
1 1724 2012 7142
1 1725 2012 7230
1 1726 2012 6929
1 1727 2012 7454
1 1728 2012 6945
1 1729 2012 6927
1 1730 2012 6857
1 1731 2012 7201
1 1732 2012 6435
1 1733 2012 6938
1 1734 2012 7157
1 1735 2012 6425
1 1736 2012 6151
1 1737 2012 7043
1 1738 2012 7267
1 1739 2012 7232
1 1740 2012 7215
1 1741 2012 5490
1 1742 2012 7172
1 1743 2012 6969
1 1744 2012 6617
1 1745 2012 6911
1 1746 2012 6678
1 1747 2012 7118
1 1748 2012 7051
1 1749 2012 6682
1 1750 2012 7476
1 1751 2012 6176
1 1752 2012 6680
1 1753 2012 7574
1 1754 2012 6679
1 1755 2012 5528
1 1756 2012 6967
1 1757 2013 6680
1 1758 2013 6691
1 1759 2013 7459
1 1760 2013 7454
1 1761 2013 6644
1 1762 2013 6644
1 1763 2013 6724
1 1764 2013 7576
1 1765 2013 7185
1 1766 2013 6777
1 1767 2013 7157
1 1768 2013 6911
1 1769 2013 6348
1 1770 2013 7205
1 1771 2013 6625
1 1772 2013 6625
1 1773 2013 7476
1 1774 2013 8258
1 1775 2013 6938
1 1776 2013 7230
1 1777 2013 7230
1 1778 2013 8362
1 1779 2013 6937
1 1780 2013 6827
1 1781 2013 6827
1 1782 2013 7172
1 1783 2013 6155
1 1784 2013 7267
1 1785 2013 7267
1 1786 2013 7262
1 1787 2013 6678
1 1788 2013 6678
1 1789 2013 7560
1 1790 2013 7560
1 1791 2013 8730
1 1792 2013 6151
1 1793 2013 6608
1 1794 2013 7486
1 1795 2013 8240
1 1796 2013 7232
1 1797 2013 8718
1 1798 2013 7593
1 1799 2013 6930
1 1800 2013 6930
1 1801 2013 7142
1 1802 2013 7133
1 1803 2013 6929
1 1804 2013 7051
1 1805 2013 7261
1 1806 2013 7261
1 1807 2013 6834
1 1808 2013 6948
1 1809 2013 7198
1 1810 2013 7542
1 1811 2013 6969
1 1812 2013 6969
1 1813 2013 8327
1 1814 2013 8358
1 1815 2013 8765
1 1816 2013 7109
1 1817 2013 6874
1 1818 2013 7257
1 1819 2013 8771
1 1820 2013 7472
1 1821 2013 6945
1 1822 2013 6196
1 1823 2013 6196
1 1824 2013 5594
1 1825 2013 6127
1 1826 2013 6127
1 1827 2013 7575
1 1828 2013 5528
1 1829 2013 6916
1 1830 2013 8740
1 1831 2013 8720
1 1832 2013 6679
1 1833 2013 4465
1 1834 2013 6617
1 1835 2013 6617
1 1836 2013 8793
1 1837 2013 7043
1 1838 2013 6682
1 1839 2013 6682
1 1840 2013 6425
1 1841 2013 6425
1 1842 2013 8506
1 1843 2013 6967
1 1844 2013 6967
1 1845 2013 8745
1 1846 2013 7574
1 1847 2013 6615
1 1848 2013 8780
1 1849 2013 7194
1 1850 2013 6990
1 1851 2013 7056
1 1852 2013 6776
1 1853 2013 6831
1 1854 2013 6860
1 1855 2014 8265
1 1856 2014 6690
1 1857 2014 6168
1 1858 2014 6691
1 1859 2014 6833
1 1860 2014 8716
1 1861 2014 8787
1 1862 2014 7108
1 1863 2014 8714
1 1864 2014 6837
1 1865 2014 8785
1 1866 2014 7194
1 1867 2014 7230
1 1868 2014 7133
1 1869 2014 7143
1 1870 2014 6583
1 1871 2014 6827
1 1872 2014 6827
1 1873 2014 8312
1 1874 2014 8730
1 1875 2014 6348
1 1876 2014 6982
1 1877 2014 7055
1 1878 2014 8240
1 1879 2014 8327
1 1880 2014 7565
1 1881 2014 7118
1 1882 2014 6688
1 1883 2014 7144
1 1884 2014 6937
1 1885 2014 6938
1 1886 2014 7454
1 1887 2014 6990
1 1888 2014 7459
1 1889 2014 6605
1 1890 2014 6605
1 1891 2014 8717
1 1892 2014 6929
1 1893 2014 7172
1 1894 2014 7043
1 1895 2014 6945
1 1896 2014 6874
1 1897 2014 7476
1 1898 2014 7142
1 1899 2014 6831
1 1900 2014 7157
1 1901 2014 6608
1 1902 2014 7593
1 1903 2014 7063
1 1904 2014 8762
1 1905 2014 7576
1 1906 2014 7576
1 1907 2014 7560
1 1908 2014 7560
1 1909 2014 7261
1 1910 2014 7261
1 1911 2014 7232
1 1912 2014 6866
1 1913 2014 7071
1 1914 2014 7458
1 1915 2014 6726
1 1916 2014 8780
1 1917 2014 8965
1 1918 2014 6770
1 1919 2014 6930
1 1920 2014 6969
1 1921 2014 5490
1 1922 2014 8744
1 1923 2014 6851
1 1924 2014 7687
1 1925 2014 6145
1 1926 2014 6900
1 1927 2014 8506
1 1928 2014 6943
1 1929 2014 6679
1 1930 2014 9239
1 1931 2014 5597
1 1932 2014 8812
1 1933 2014 6598
1 1934 2014 7575
1 1935 2014 7574
1 1936 2014 7202
1 1937 2014 6666
1 1938 2014 10113
1 1939 2014 7542
1 1940 2014 6916
1 1941 2014 6682
1 1942 2014 6948
1 1943 2014 6967
1 1944 2014 6967
