1 2009 2 0
1 2010 2 0
1 2011 1 0
1 2012 2 0
1 2013 2 0
1 2014 1 0
1 2015 1 0
1 2016 1 0
1 2017 1 0
1 2018 2 0
1 2019 2 1
1 2020 1 1
1 2021 1 0
1 2022 2 0
1 2023 1 0
1 2024 2 0
1 2025 1 0
1 2026 1 0
1 2027 2 0
1 2028 2 1
1 2029 1 0
1 2030 1 0
1 2031 2 0
1 2032 2 0
1 2033 1 0
1 2034 2 0
1 2035 2 0
1 2036 1 0
1 2037 2 0
1 2038 1 0
1 2039 2 0
1 2040 2 0
1 2041 1 0
1 2042 1 1
1 2043 2 1
1 2044 1 0
1 2045 2 0
1 2046 2 0
1 2047 2 0
1 2048 1 1
1 2049 2 1
1 2050 1 0
1 2051 1 0
1 2052 1 1
1 2053 1 1
1 2054 1 0
1 2055 2 0
1 2056 2 0
1 2057 1 1
1 2058 1 0
1 2059 1 0
1 2060 1 0
1 2061 1 0
1 2062 1 1
1 2063 1 1
1 2064 1 0
1 2065 1 0
1 2066 2 0
1 2067 2 0
1 2068 1 0
1 2069 2 0
1 2070 2 0
1 2071 1 0
1 2072 1 0
1 2073 2 0
1 2074 1 0
1 2075 1 0
1 2076 1 0
1 2077 2 0
1 2078 2 0
1 2079 1 1
1 2080 2 1
1 2081 1 0
1 2082 1 0
1 2083 1 0
1 2084 2 0
1 2085 1 0
1 2086 1 0
1 2087 2 0
1 2088 1 0
1 2089 1 0
1 2090 2 0
1 2091 1 0
1 2092 2 1
1 2093 2 1
1 2094 1 1
1 2095 2 0
1 2096 1 0
1 2097 2 0
1 2098 1 0
1 2099 2 1
1 2100 1 0
1 2101 1 0
1 2102 2 1
1 2103 2 0
1 2104 1 1
1 2105 2 0
1 2106 2 0
1 2107 1 0
1 2108 1 0
1 2109 1 0
1 2110 2 0
1 2111 2 0
1 2112 2 1
1 2113 1 0
1 2114 2 0
1 2115 1 0
1 2116 1 0
1 2117 2 0
1 2118 1 0
1 2119 2 0
1 2120 1 0
1 2121 2 0
1 2122 2 0
1 2123 2 0
1 2124 2 0
1 2125 1 0
1 2126 2 0
1 2127 2 0
1 2128 2 0
1 2129 1 0
1 2130 1 0
1 2131 2 0
1 2132 1 0
1 2133 1 0
1 2134 2 0
1 2135 1 1
1 2136 2 1
1 2137 1 0
1 2138 2 0
1 2139 1 0
1 2140 2 0
1 2141 1 1
1 2142 2 0
1 2143 1 1
1 2144 1 0
1 2145 1 0
1 2146 1 0
1 2147 1 0
1 2148 1 0
1 2149 2 0
1 2150 2 0
1 2151 2 0
1 2152 2 0
1 2153 1 0
1 2154 2 0
1 2155 2 0
1 2156 1 0
1 2157 2 0
1 2158 1 0
1 2159 1 1
1 2160 2 1
1 2161 1 0
1 2162 2 0
1 2163 1 0
1 2164 1 0
1 2165 2 0
1 2166 2 0
1 2167 1 0
1 2168 1 0
1 2169 1 0
1 2170 2 0
1 2171 1 0
1 2172 1 0
1 2173 2 0
1 2174 1 0
1 2175 1 0
1 2176 2 0
1 2177 2 0
1 2178 1 0
1 2179 2 0
1 2180 1 0
1 2181 2 0
1 2182 1 0
1 2183 1 0
1 2184 1 0
1 2185 2 1
1 2186 1 0
1 2187 2 0
1 2188 1 0
1 2189 2 0
1 2190 1 0
1 2191 1 0
1 2192 1 0
1 2193 2 0
1 2194 2 0
1 2195 1 0
1 2196 2 0
1 2197 1 0
1 2198 1 0
1 2199 1 0
1 2200 2 1
1 2201 2 0
1 2202 2 0
1 2203 1 0
1 2204 2 0
1 2205 1 0
1 2206 1 0
1 2207 2 0
1 2208 2 0
1 2209 2 0
1 2210 2 0
1 2211 2 0
1 2212 2 1
1 2213 2 0
1 2214 2 0
1 2215 2 0
1 2216 1 0
1 2217 1 0
1 2218 1 0
1 2219 2 0
1 2220 1 1
1 2221 2 1
1 2222 1 0
1 2223 2 0
1 2224 1 0
1 2225 1 0
1 2226 1 0
1 2227 1 0
1 2228 1 0
1 2229 1 0
1 2230 1 0
1 2231 1 1
1 2232 1 1
1 2233 2 0
1 2234 2 0
1 2235 2 0
1 2236 1 0
1 2237 2 0
1 2238 1 1
1 2239 1 1
1 2240 2 0
1 2241 2 0
1 2242 2 0
1 2243 2 0
1 2244 1 0
1 2245 2 0
1 2246 1 0
1 2247 1 0
1 2248 1 1
1 2249 2 1
1 2250 1 0
1 2251 2 0
1 2252 1 1
1 2253 2 0
1 2254 1 0
1 2255 1 0
1 2256 2 0
1 2257 1 0
1 2258 1 0
1 2259 2 0
1 2260 1 0
1 2261 2 0
1 2262 1 0
1 2263 1 0
1 2264 2 0
1 2265 1 0
1 2266 2 1
1 2267 1 1
1 2268 2 0
1 2269 2 0
1 2270 1 0
1 2271 1 0
1 2272 2 0
1 2273 2 0
1 2274 2 0
1 2275 1 0
1 2276 2 0
1 2277 1 0
1 2278 1 0
1 2279 2 0
1 2280 1 0
1 2281 1 0
1 2282 1 0
1 2283 2 0
1 2284 2 0
1 2285 2 1
1 2286 1 0
1 2287 1 1
1 2288 2 0
1 2289 2 0
1 2290 1 0
1 2291 2 0
1 2292 2 0
1 2293 2 0
1 2294 2 0
1 2295 2 0
1 2296 2 0
1 2297 1 0
1 2298 2 0
1 2299 2 1
1 2300 1 0
1 2301 1 0
1 2302 1 0
1 2303 2 0
1 2304 2 0
1 2305 2 0
1 2306 1 0
1 2307 1 0
1 2308 1 0
1 2309 2 0
1 2310 1 0
1 2311 2 0
1 2312 2 0
1 2313 1 0
1 2314 1 0
1 2315 1 0
1 2316 2 0
1 2317 2 0
1 2318 1 1
1 2319 1 1
1 2320 1 0
1 2321 2 1
1 2322 1 0
1 2323 1 0
1 2324 1 0
1 2325 2 0
1 2326 2 0
1 2327 2 0
1 2328 1 0
1 2329 1 0
1 2330 2 0
1 2331 1 0
1 2332 2 0
1 2333 2 1
1 2334 1 0
1 2335 1 1
1 2336 1 1
1 2337 2 0
1 2338 1 0
1 2339 1 0
1 2340 1 0
1 2341 1 0
1 2342 2 0
1 2343 2 1
1 2344 1 1
1 2345 1 0
1 2346 2 1
1 2347 1 0
1 2348 1 0
1 2349 1 0
1 2350 1 0
1 2351 2 0
1 2352 1 0
1 2353 2 0
1 2354 1 0
1 2355 1 0
1 2356 2 0
1 2357 2 0
1 2358 1 0
1 2359 1 0
1 2360 2 0
1 2361 1 0
1 2362 2 0
1 2363 1 1
1 2364 2 1
1 2365 1 0
1 2366 2 0
1 2367 2 0
1 2368 2 0
1 2369 2 0
1 2370 1 0
1 2371 2 0
1 2372 2 1
1 2373 2 0
1 2374 1 0
1 2375 2 0
1 2376 1 0
1 2377 1 0
1 2378 2 1
1 2379 1 1
1 2380 2 0
1 2381 2 0
1 2382 2 0
1 2383 1 0
1 2384 1 0
1 2385 2 0
1 2386 2 0
1 2387 2 0
1 2388 1 0
1 2389 2 0
1 2390 1 1
1 2391 2 1
1 2392 2 0
1 2393 2 0
1 2394 1 0
1 2395 2 0
1 2396 1 0
1 2397 1 1
1 2398 1 1
1 2399 2 1
1 2400 2 1
1 2401 1 1
1 2402 1 0
1 2403 1 0
1 2404 1 1
1 2405 1 1
1 2406 2 0
1 2407 1 0
1 2408 2 0
1 2409 2 0
1 2410 1 0
1 2411 2 0
1 2412 2 0
1 2413 1 0
1 2414 1 0
1 2415 1 0
1 2416 2 0
1 2417 1 0
1 2418 2 1
1 2419 1 1
1 2420 1 1
1 2421 2 1
1 2422 1 1
1 2423 1 1
1 2424 2 0
1 2425 1 0
1 2426 1 0
1 2427 2 0
1 2428 2 0
1 2429 2 1
1 2430 2 1
1 2431 2 0
1 2432 2 1
1 2433 1 0
1 2434 1 0
1 2435 2 1
1 2436 2 1
1 2437 1 1
1 2438 2 0
1 2439 2 1
1 2440 1 0
1 2441 1 0
1 2442 2 0
1 2443 2 1
1 2444 2 0
1 2445 1 1
1 2446 1 1
1 2447 2 1
1 2448 2 1
1 2449 1 0
1 2450 2 1
1 2451 2 0
1 2452 1 0
1 2453 1 0
1 2454 2 0
1 2455 1 0
1 2456 2 0
1 2457 1 1
1 2458 2 0
1 2459 2 0
1 2460 2 0
1 2461 2 0
1 2462 1 0
1 2463 1 0
1 2464 1 0
1 2465 1 0
1 2466 1 0
1 2467 1 1
1 2468 1 1
1 2469 1 0
1 2470 1 0
1 2471 1 0
1 2472 1 0
1 2473 1 0
1 2474 2 0
1 2475 2 0
1 2476 2 1
1 2477 1 0
1 2478 2 0
1 2479 2 0
1 2480 1 1
1 2481 2 1
1 2482 2 0
1 2483 1 1
1 2484 2 0
1 2485 1 1
1 2486 1 1
1 2487 1 0
1 2488 2 0
1 2489 1 0
1 2490 1 0
1 2491 2 0
1 2492 2 0
1 2493 1 0
1 2494 2 0
1 2495 2 0
1 2496 1 0
1 2497 1 0
1 2498 2 1
1 2499 1 0
1 2500 2 0
1 2501 2 1
1 2502 2 0
1 2503 1 0
1 2504 1 0
1 2505 1 0
1 2506 2 0
1 2507 2 0
1 2508 2 0
1 2509 1 0
1 2510 2 0
1 2511 1 1
1 2512 2 1
1 2513 2 0
1 2514 1 0
1 2515 2 0
1 2516 2 0
1 2517 1 0
1 2518 1 0
1 2519 1 0
1 2520 2 0
1 2521 1 0
1 2522 1 0
1 2523 1 0
1 2524 1 0
1 2525 1 0
1 2526 1 0
1 2527 1 0
1 2528 2 0
1 2529 2 0
1 2530 2 0
1 2531 2 0
1 2532 1 0
1 2533 2 0
1 2534 2 0
1 2535 2 1
1 2536 1 1
1 2537 1 0
1 2538 1 0
1 2539 2 1
1 2540 1 1
1 2541 2 0
1 2542 2 1
1 2543 1 0
1 2544 1 0
1 2545 2 0
1 2546 2 0
1 2547 1 0
1 2548 2 0
1 2549 2 0
1 2550 1 0
1 2551 1 0
1 2552 2 0
1 2553 2 0
1 2554 1 0
1 2555 1 0
1 2556 2 0
1 2557 1 0
1 2558 1 0
1 2559 1 0
1 2560 1 0
1 2561 1 0
1 2562 2 0
1 2563 2 1
1 2564 2 0
1 2565 2 0
1 2566 1 0
1 2567 2 0
1 2568 1 0
1  2 0
1 2569 2 1
1 2570 1 0
1 2571 1 0
1 2572 1 0
1 2573 1 0
1 2574 2 0
1 2575 2 0
1 2576 2 0
1 56 2 0
1 40 1 0
1 57 1 0
1 58 1 1
1 52 1 0
1 59 1 0
1 60 1 0
1 61 1 0
1 62 1 0
1 63 1 1
1 64 2 0
1 48 2 0
1 65 1 0
1 66 1 1
1 67 2 1
1 68 1 0
1 69 1 0
1 70 1 1
1 71 2 0
1 72 1 0
1 73 1 0
1 74 1 0
1 75 2 0
1 76 1 0
1 77 2 0
1 78 2 0
1 79 2 0
1 53 1 1
1 80 2 1
1 81 2 1
1 82 1 1
1 83 2 1
1 84 2 0
1 85 2 1
1 86 2 0
1 87 2 0
1 88 2 1
1 89 2 0
1 90 1 0
1 91 2 1
1 92 1 0
1 93 2 0
1 94 2 0
1 95 1 0
1 96 2 0
1 97 2 0
1 98 1 0
1 99 2 0
1 51 1 0
1 100 1 1
1 101 1 0
1 46 1 0
1 102 1 0
1 103 1 0
1 104 1 1
1 105 1 0
1 106 1 0
1 107 2 0
1 108 1 0
1 109 2 0
1 110 1 0
1 111 2 1
1 112 1 1
1 113 1 0
1 114 1 1
1 37 1 0
1 115 1 0
1 116 1 1
1 117 1 0
1 118 1 0
1 119 1 1
1 120 1 0
1 121 1 0
1 122 1 0
1 123 2 0
1 124 2 0
1 125 1 0
1 126 1 0
1 127 1 0
1 128 1 0
1 129 1 0
1 130 1 1
1 131 1 1
1 132 2 0
1 133 2 1
1 134 1 0
1 135 1 0
1 136 2 0
1 137 2 0
1 138 2 0
1 139 1 1
1 140 1 1
1 141 2 1
1 142 1 1
1 143 1 0
1 144 2 0
1 145 2 0
1 146 1 1
1 147 2 1
1 148 1 1
1 149 2 1
1 150 1 1
1 151 2 1
1 152 1 0
1 153 1 0
1 154 1 0
1 49 2 0
1 44 1 0
1 155 1 1
1 156 1 1
1 157 1 0
1 158 1 1
1 159 1 1
1 160 2 1
1 161 2 1
1 162 1 1
1 163 1 1
1 164 2 1
1 165 1 1
1 42 1 0
1 166 1 0
1 167 2 1
1 168 1 1
1 169 1 1
1 170 1 0
1 171 2 0
1 172 2 0
1 173 1 0
1 174 1 0
1 175 2 0
1 176 1 0
1 177 2 1
1 178 2 1
1 179 1 0
1 55 2 0
1 180 1 0
1 181 1 0
1 182 1 1
1 183 2 1
1 184 1 0
1 185 2 0
1 186 2 0
1 187 2 0
1 188 2 0
1 189 2 0
1 190 2 1
1 191 1 0
1 192 2 0
1 193 1 0
1 194 1 0
1 195 2 0
1 196 1 0
1 197 2 1
1 198 2 0
1 199 1 0
1 200 1 0
1 201 1 0
1 41 1 0
1 202 1 0
1 203 2 0
1 204 2 0
1 205 2 0
1 206 1 0
1 207 1 0
1 208 2 0
1 209 2 0
1 210 2 0
1 211 1 0
1 212 2 0
1 213 1 0
1 214 2 0
1 215 1 1
1 216 2 1
1 217 1 0
1 218 1 0
1 219 1 1
1 220 2 0
1 221 1 0
1 222 2 0
1 38 1 0
1 223 1 0
1 224 2 0
1 225 1 0
1 226 1 0
1 227 2 0
1 228 2 0
1 229 2 0
1 230 2 0
1 231 2 0
1 232 1 0
1 233 1 0
1 234 2 0
1 31 2 0
1 235 2 0
1 236 1 0
1 237 1 0
1 238 2 0
1 239 1 0
1 240 2 0
1 241 2 1
1 242 1 1
1 243 2 0
1 244 2 0
1 245 2 1
1 246 1 0
1 247 2 0
1 248 1 0
1 249 2 1
1 250 1 1
1 251 1 1
1 252 2 0
1 253 1 1
1 254 1 0
1 255 1 0
1 256 2 1
1 257 1 0
1 258 1 0
1 259 1 0
1 260 1 0
1 261 2 0
1 262 2 0
1 263 1 0
1 264 2 0
1 265 2 1
1 266 1 1
1 47 1 0
1 267 2 1
1 268 1 1
1 269 1 0
1 270 2 1
1 271 1 1
1 272 2 0
1 273 2 0
1 274 2 0
1 275 2 0
1 276 2 0
1 277 1 1
1 278 1 1
1 24 1 0
1 279 1 0
1 280 1 0
1 281 1 0
1 282 1 0
1 283 1 0
1 284 1 0
1 285 2 1
1 286 1 1
1 287 2 0
1 288 2 0
1 289 2 0
1 22 1 0
1 290 1 0
1 291 1 0
1 292 2 1
1 293 2 1
1 294 1 0
1 295 2 0
1 296 2 0
1 297 1 1
1 298 1 1
1 299 1 0
1 300 2 1
1 301 1 1
1 302 1 0
1 303 1 0
1 304 2 0
1 305 1 0
1 306 1 0
1 307 1 0
1 308 1 1
1 309 2 1
1 310 1 1
1 311 2 1
1 312 1 1
1 313 1 1
1 314 1 0
1 315 1 0
1 316 2 0
1 317 2 0
1 318 1 1
1 319 2 1
1 320 2 0
1 321 2 0
1 322 1 1
1 323 2 1
1 324 2 0
1 325 2 1
1 326 1 0
1 327 1 1
1 328 2 0
1 329 2 1
1 330 2 0
1 331 2 0
1 332 1 0
1 333 1 0
1 334 1 0
1 335 1 0
1 336 1 0
1 337 2 0
1 338 2 0
1 339 1 0
1 340 1 1
1 341 2 0
1 342 1 0
1 343 1 0
1 344 1 0
1 345 2 0
1 346 1 0
1 347 1 0
1 348 2 0
1 349 1 0
1 350 2 0
1 351 2 0
1 352 2 0
1 353 1 0
1 354 2 0
1 355 2 0
1 356 1 0
1 357 2 0
1 358 1 0
1 359 1 0
1 360 2 0
1 361 2 0
1 362 1 1
1 363 2 1
1 364 1 0
1 365 1 0
1 366 1 0
1 367 1 1
1 368 1 0
1 369 1 0
1 370 1 0
1 371 1 0
1 372 1 1
1 373 1 1
1 374 2 0
1 375 1 0
1 376 2 1
1 377 2 0
1 5 1 0
1 378 1 0
1 379 2 1
1 380 1 0
1 381 2 0
1 382 1 0
1 383 1 1
1 384 2 1
1 385 1 0
1 386 2 1
1 387 2 1
1 388 1 1
1 389 1 0
1 390 1 0
1 391 2 0
1 392 1 1
1 393 2 1
1 394 2 1
1 395 2 0
1 396 1 0
1 397 2 0
1 398 2 1
1 399 2 0
1 400 1 0
1 401 2 1
1 402 1 0
1 403 1 0
1 404 1 0
1 405 1 0
1 406 1 0
1 407 1 0
1 408 1 0
1 409 1 0
1 410 2 0
1 411 1 0
1 412 2 0
1 413 1 0
1 414 1 0
1 415 1 0
1 416 1 0
1 417 2 0
1 418 1 0
1 419 1 0
1 420 2 0
1 421 1 0
1 422 1 0
1 423 2 0
1 424 1 0
1 425 2 0
1 426 1 1
1 427 1 1
1 428 1 0
1 429 1 0
1 430 1 0
1 431 1 1
1 432 1 0
1 433 2 0
1 434 2 1
1 435 2 1
1 436 1 0
1 437 2 0
1 438 1 0
1 39 1 0
1 439 1 0
1 440 2 0
1 441 1 1
1 442 2 1
1 443 2 0
1 33 1 1
1 444 1 1
1 445 2 0
1 446 1 0
1 447 1 0
1 448 1 1
1 449 2 1
1 450 2 0
1 14 1 0
1 451 1 0
1 452 2 0
1 453 2 0
1 30 2 0
1 454 2 0
1 455 1 0
1 456 1 0
1 457 1 0
1 458 2 0
1 459 1 0
1 460 2 0
1 461 2 0
1 462 1 0
1 463 1 0
1 464 2 0
1 465 1 1
1 466 2 1
1 467 2 0
1 468 2 0
1 469 1 1
1 470 2 1
1 471 2 0
1 472 2 1
1 473 2 0
1 50 1 0
1 474 2 0
1 475 2 0
1 476 1 0
1 477 2 0
1 478 1 0
1 479 2 0
1 480 2 0
1 481 2 1
1 482 1 0
1 483 2 0
1 484 2 0
1 485 1 0
1 486 2 0
1 487 2 0
1 488 1 1
1 489 2 1
1 490 2 1
1 491 2 1
1 492 1 0
1 493 1 0
1 494 1 0
1 495 1 1
1 496 1 1
1 497 1 0
1 498 1 0
1 499 1 0
1 500 1 0
1 501 1 0
1 502 1 0
1 503 1 0
1 504 2 0
1 505 1 1
1 506 2 0
1 507 1 0
1 508 1 0
1 509 1 0
1 510 2 1
1 511 2 0
1 512 1 0
1 513 1 0
1 514 1 0
1 515 1 1
1 516 2 1
1 517 2 1
1 518 2 0
1 519 2 0
1 520 2 1
1 521 1 1
1 522 2 0
1 523 2 1
1 524 2 1
1 525 2 0
1 526 1 0
1 527 2 0
1 528 2 0
1 529 1 0
1 530 2 1
1 531 1 1
1 532 2 0
1 533 2 0
1 534 1 0
1 535 1 0
1 536 1 0
1 537 2 0
1 538 2 0
1 539 1 0
1 540 2 0
1 54 1 0
1 541 1 0
1 542 2 0
1 543 1 1
1 544 2 1
1 545 2 1
1 546 2 1
1 547 2 0
1 548 1 0
1 549 1 0
1 550 2 0
1 551 1 0
1 552 2 0
1 553 2 0
1 554 2 0
1 555 1 0
1 556 2 0
1 557 2 0
1 558 2 0
1 559 2 0
1 560 1 0
1 561 2 0
1 27 2 0
1 562 2 0
1 563 2 0
1 564 1 0
1 18 1 0
1 565 1 0
1 566 2 1
1 567 1 1
1 568 1 1
1 569 2 1
1 570 2 0
1 571 2 1
1 572 2 1
1 573 1 0
1 574 1 0
1 575 2 0
1 576 1 0
1 577 2 1
1 578 2 1
1 579 1 0
1 580 1 0
1 581 2 0
1 582 1 0
1 583 2 0
1 584 2 0
1 585 1 0
1 586 2 0
1 587 2 0
1 588 2 0
1 589 1 1
1 590 2 1
1 591 2 0
1 592 2 0
1 593 2 0
1 594 1 0
1 595 2 0
1 596 1 1
1 597 1 1
1 598 1 0
1 599 2 0
1 600 2 0
1 601 1 0
1 602 2 0
1 603 1 0
1 604 1 1
1 605 1 1
1 606 1 1
1 607 1 1
1 608 1 0
1 609 2 1
1 610 2 1
1 611 2 0
1 612 2 0
1 613 2 0
1 614 1 0
1 615 2 0
1 616 1 0
1 617 2 0
1 618 1 0
1 619 1 0
1 620 2 1
1 621 2 0
1 622 2 0
1 623 1 0
1 624 2 0
1 625 2 0
1 626 2 0
1 627 2 0
1 628 1 0
1 629 1 1
1 630 2 1
1 631 1 0
1 632 2 0
1 633 1 0
1 634 2 0
1 635 2 1
1 636 2 0
1 637 2 1
1 638 2 1
1 639 2 0
1 640 2 0
1 641 2 0
1 642 1 1
1 643 2 1
1 644 2 0
1 645 1 0
1 646 2 0
1 647 1 1
1 648 1 0
1 649 1 0
1 650 2 0
1 651 1 0
1 652 2 0
1 653 1 0
1 654 2 1
1 655 1 1
1 656 2 1
1 657 2 0
1 658 1 0
1 659 2 0
1 660 2 0
1 661 1 0
1 662 2 0
1 663 1 0
1 664 1 0
1 665 1 0
1 666 2 0
1 667 2 0
1 668 1 0
1 669 2 1
1 670 1 1
1 671 2 1
1 672 1 1
1 673 1 0
1 674 2 0
1 675 2 0
1 676 1 1
1 677 1 1
1 678 1 0
1 679 1 0
1 680 2 0
1 681 2 0
1 682 1 1
1 683 1 1
1 684 1 1
1 685 1 1
1 686 2 1
1 687 2 1
1 688 2 1
1 689 2 0
1 690 1 0
1 691 2 0
1 692 1 0
1 693 1 0
1 694 2 0
1 695 2 0
1 696 1 1
1 697 1 0
1 698 2 1
1 699 1 0
1 700 1 0
1 701 1 0
1 702 2 0
1 703 2 1
1 704 1 1
1 705 1 0
1 706 2 0
1 707 2 0
1 708 2 0
1 709 2 0
1 710 2 0
1 711 2 0
1 712 1 0
1 713 1 0
1 714 2 0
1 715 2 0
1 716 2 0
1 717 2 0
1 718 1 0
1 719 1 0
1 720 2 0
1 721 1 0
1 722 2 0
1 723 2 0
1 724 2 0
1 725 1 0
1 726 1 0
1 727 1 0
1 728 2 0
1 729 2 0
1 730 1 0
1 731 2 0
1 732 1 0
1 733 2 0
1 734 2 0
1 735 2 0
1 36 1 0
1 736 1 0
1 737 2 0
1 738 2 0
1 739 2 0
1 740 1 0
1 741 1 0
1 742 2 0
1 743 2 0
1 744 2 0
1 745 1 0
1 746 1 0
1 747 1 0
1 748 1 0
1 749 2 0
1 29 1 0
1 750 2 0
1 26 1 0
1 751 2 0
1 752 2 1
1 753 1 0
1 754 2 0
1 755 2 0
1 756 1 0
1 757 2 0
1 21 2 0
1 758 1 0
1 759 2 0
1 760 2 0
1 761 2 0
1 762 1 0
1 763 2 0
1 764 1 0
1 765 2 0
1 17 1 0
1 766 1 0
1 767 1 0
1 768 2 0
1 769 2 0
1 770 2 1
1 771 2 1
1 772 2 0
1 773 2 0
1 774 2 0
1 775 2 0
1 776 2 0
1 777 1 0
1 778 2 0
1 779 1 0
1 780 2 0
1 781 1 0
1 782 2 0
1 783 2 0
1 784 1 0
1 785 2 1
1 786 2 1
1 787 1 0
1 788 1 0
1 789 2 0
1 13 2 0
1 790 1 0
1 791 1 0
1 792 2 0
1 793 2 0
1 794 2 0
1 795 1 0
1 796 2 0
1 797 1 0
1 798 1 0
1 799 1 0
1 800 1 0
1 10 1 0
1 801 2 0
1 802 2 1
1 803 1 0
1 804 2 0
1 805 2 0
1 806 2 0
1 807 1 0
1 808 1 0
1 809 1 0
1 4 1 0
1 810 2 1
1 811 1 1
1 812 1 1
1 813 1 1
1 814 2 0
1 815 2 0
1 816 2 0
1 817 2 0
1 818 1 0
1 819 1 0
1 820 2 0
1 821 1 0
1 822 1 0
1 823 2 0
1 824 1 0
1 825 1 0
1 826 1 1
1 827 2 1
1 828 2 0
1 829 1 0
1 830 2 0
1 831 1 0
1 832 1 1
1 9 1 1
1 833 1 0
1 834 1 0
1 835 2 1
1 3 2 1
1 836 2 0
1 837 2 0
1 838 2 0
1 839 2 0
1 840 1 0
1 841 2 0
1 842 2 0
1 843 1 1
1 844 1 0
1 845 2 1
1 2 2 1
1 846 1 0
1 847 2 0
1 848 1 0
1 849 1 0
1 850 1 0
1 851 2 0
1 852 2 0
1 853 1 1
1 854 2 1
1 855 1 1
1 856 1 1
1 857 1 0
1 858 2 0
1 859 1 0
1 860 2 0
1 861 1 1
1 862 1 1
1 863 2 0
1 864 2 1
1 865 1 1
1 866 2 0
1 867 2 0
1 868 2 1
1 869 2 1
1 870 2 1
1 871 1 0
1 872 2 0
1 873 1 1
1 874 1 0
1 875 2 1
1 876 1 0
1 877 1 0
1 878 1 0
1 879 2 0
1 880 2 0
1 881 1 0
1 882 1 0
1 883 1 0
1 884 2 0
1 885 2 0
1 886 2 1
1 887 1 0
1 888 1 0
1 889 1 1
1 890 1 0
1 891 1 0
1 892 1 0
1 893 2 0
1 894 1 0
1 895 1 1
1 896 2 1
1 897 1 1
1 898 1 0
1 899 2 0
1 900 2 1
1 901 2 0
1 902 1 0
1 903 1 0
1 904 1 0
1 905 1 0
1 16 1 0
1 906 2 0
1 907 1 0
1 908 1 1
1 909 1 0
1 910 1 0
1 911 1 0
1 912 1 0
1 913 1 1
1 914 2 1
1 915 2 0
1 916 2 0
1 917 1 1
1 918 1 0
1 919 2 0
1 920 2 0
1 921 2 0
1 922 1 0
1 923 2 0
1 924 2 0
1 925 1 0
1 926 2 1
1 927 2 0
1 928 2 1
1 929 2 0
1 930 2 0
1 931 1 0
1 932 2 0
1 933 1 0
1 934 1 0
1 935 1 0
1 936 1 0
1 937 1 0
1 938 2 0
1 939 2 1
1 940 1 1
1 941 1 0
1 942 1 0
1 943 2 0
1 944 2 0
1 945 2 0
1 946 2 0
1 947 2 0
1 948 1 0
1 949 2 0
1 950 2 0
1 951 2 0
1 952 1 0
1 953 1 0
1 954 2 0
1 955 1 1
1 956 1 0
1 1 2 0
1 957 2 0
1 958 1 0
1 959 2 0
1 960 2 1
1 961 1 1
1 962 1 0
1 35 2 0
1 32 2 1
1 963 1 0
1 964 1 1
1 965 2 1
1 966 1 1
1 967 1 1
1 968 2 0
1 969 2 0
1 970 1 0
1 971 2 0
1 972 1 0
1 973 1 0
1 974 2 0
1 975 2 0
1 976 2 0
1 977 2 0
1 978 1 0
1 979 1 0
1 980 2 0
1 981 2 0
1 982 1 0
1 28 2 0
1 983 1 0
1 984 2 1
1 985 1 0
1 986 1 0
1 987 2 0
1 988 2 0
1 989 1 1
1 990 2 1
1 991 2 0
1 992 2 0
1 993 2 0
1 994 1 0
1 995 1 0
1 996 2 0
1 997 2 1
1 998 1 0
1 999 2 1
1 1000 2 0
1 1001 1 0
1 1002 1 0
1 1003 2 1
1 1004 2 1
1 1005 1 1
1 1006 2 0
1 1007 1 0
1 1008 2 1
1 1009 2 1
1 20 2 0
1 1010 1 1
1 1011 1 1
1 1012 1 1
1 1013 1 1
1 1014 1 0
1 1015 2 0
1 1016 2 0
1 1017 2 1
1 1018 2 0
1 1019 2 0
1 1020 2 0
1 1021 2 0
1 1022 2 0
1 1023 1 0
1 1024 2 0
1 1025 1 0
1 1026 2 0
1 1027 1 0
1 1028 1 0
1 1029 2 0
1 1030 1 0
1 12 2 0
1 1031 2 0
1 1032 1 0
1 1033 1 1
1 1034 2 1
1 1035 1 0
1 1036 1 0
1 1037 2 0
1 1038 1 0
1 1039 1 1
1 1040 2 1
1 1041 2 1
1 1042 1 0
1 1043 2 0
1 1044 2 0
1 1045 1 0
1 1046 2 0
1 1047 2 0
1 1048 1 0
1 1049 2 0
1 1050 1 0
1 1051 2 1
1 45 1 0
1 1052 1 0
1 1053 1 0
1 1054 1 0
1 1055 1 0
1 1056 2 1
1 1057 1 1
1 1058 1 0
1 1059 2 0
1 1060 1 0
1 1061 2 1
1 1062 2 1
1 1063 1 0
1 1064 1 0
1 1065 1 0
1 1066 1 0
1 1067 1 0
1 1068 2 1
1 8 1 1
1 1069 1 0
1 1070 2 0
1 1071 1 0
1 1072 2 0
1 1073 1 0
1 1074 1 0
1 1075 1 0
1 1076 1 0
1 1077 1 0
1 1078 1 0
1 1079 1 0
1 1080 1 0
1 1081 1 0
1 1082 1 0
1 1083 1 0
1 1084 1 0
1 1085 1 0
1 1086 2 1
1 1087 2 1
1 1088 1 0
1 1089 2 0
1 1090 2 0
1 1091 2 0
1 1092 1 0
1 1093 2 0
1 1094 1 0
1 1095 1 0
1 1096 1 0
1 34 1 0
1 1097 2 1
1 1098 2 1
1 1099 2 0
1 1100 1 0
1 1101 2 0
1 1102 1 0
1 1103 1 0
1 1104 1 0
1 1105 1 0
1 1106 1 0
1 1107 2 0
1 1108 1 0
1 1109 2 0
1 1110 1 0
1 1111 1 1
1 1112 2 1
1 1113 1 0
1 1114 2 0
1 1115 2 1
1 1116 2 1
1 1117 1 0
1 1118 1 0
1 1119 2 0
1 1120 1 0
1 1121 2 0
1 1122 1 1
1 1123 1 1
1 1124 1 1
1 1125 2 1
1 1126 1 0
1 1127 2 1
1 1128 1 1
1 1129 2 0
1 1130 1 1
1 1131 2 0
1 1132 2 0
1 1133 1 1
1 1134 2 1
1 1135 2 1
1 1136 2 0
1 1137 1 1
1 1138 2 1
1 1139 1 0
1 1140 2 0
1 1141 1 0
1 1142 2 0
1 1143 1 0
1 1144 2 0
1 1145 1 0
1 1146 2 0
1 1147 2 1
1 1148 1 1
1 1149 2 0
1 1150 1 0
1 1151 1 0
1 1152 2 0
1 1153 2 0
1 1154 1 0
1 1155 2 0
1 1156 2 0
1 1157 2 0
1 1158 1 0
1 1159 2 0
1 1160 1 0
1 1161 1 0
1 1162 2 1
1 1163 2 1
1 1164 1 0
1 1165 2 0
1 1166 1 0
1 1167 1 1
1 1168 2 0
1 1169 2 0
1 1170 2 1
1 1171 2 1
1 1172 1 0
1 1173 1 0
1 1174 2 0
1 1175 2 0
1 1176 1 0
1 1177 2 1
1 1178 2 1
1 1179 1 0
1 1180 1 0
1 1181 2 0
1 1182 1 0
1 1183 1 0
1 1184 1 0
1 1185 2 0
1 1186 2 0
1 1187 1 0
1 1188 1 0
1 1189 2 0
1 1190 2 0
1 1191 1 0
1 1192 1 0
1 1193 1 0
1 1194 1 0
1 1195 1 0
1 1196 1 1
1 1197 2 1
1 19 2 0
1 1198 1 0
1 1199 1 0
1 1200 2 0
1 1201 1 0
1 1202 2 0
1 11 2 0
1 1203 1 0
1 7 2 0
1 1204 1 0
1 1205 2 0
1 1206 2 0
1 1207 1 0
1 1208 1 0
1 1209 2 0
1 1210 2 0
1 1211 1 0
1 1212 1 0
1 1213 1 0
1 1214 1 0
1 1215 1 0
1 1216 1 0
1 1217 1 0
1 1218 2 0
1 1219 1 1
1 1220 1 1
1 1221 2 0
1 1222 1 0
1 1223 1 0
1 1224 2 0
1 1225 2 0
1 1226 2 0
1 43 1 0
1 1227 1 0
1 1228 1 0
1 1229 1 0
1 1230 2 0
1 1231 1 0
1 1232 2 0
1 1233 1 0
1 1234 2 0
1 1235 1 0
1 1236 2 0
1 1237 1 0
1 1238 1 0
1 1239 1 0
1 1240 2 0
1 1241 2 0
1 1242 1 0
1 1243 2 0
1 1244 2 0
1 1245 2 0
1 1246 2 0
1 1247 1 0
1 1248 1 0
1 1249 1 0
1 1250 2 0
1 1251 1 0
1 1252 1 0
1 1253 1 1
1 1254 2 1
1 1255 2 0
1 1256 1 1
1 1257 2 0
1 1258 2 0
1 25 2 0
1 1259 2 0
1 1260 2 0
1 1261 2 1
1 1262 1 1
1 1263 1 0
1 1264 1 0
1 1265 1 0
1 1266 2 0
1 1267 1 0
1 1268 2 0
1 1269 1 0
1 1270 2 1
1 1271 2 1
1 1272 2 0
1 1273 2 0
1 1274 1 0
1 1275 1 0
1 1276 2 0
1 1277 2 0
1 1278 1 0
1 1279 2 0
1 23 1 0
1 1280 2 0
1 1281 1 0
1 1282 2 0
1 1283 2 0
1 1284 1 0
1 1285 1 0
1 1286 2 0
1 1287 2 0
1 1288 2 0
1 1289 2 0
1 1290 2 1
1 1291 2 1
1 1292 1 0
1 1293 2 0
1 1294 1 0
1 1295 1 0
1 1296 2 1
1 1297 2 0
1 1298 2 0
1 1299 2 0
1 1300 2 0
1 1301 1 0
1 1302 2 0
1 1303 2 0
1 1304 2 0
1 1305 2 0
1 1306 2 0
1 1307 2 0
1 1308 2 0
1 1309 2 0
1 1310 1 0
1 1311 1 0
1 1312 1 0
1 1313 2 1
1 1314 1 1
1 1315 1 0
1 1316 2 0
1 1317 2 0
1 1318 1 0
1 1319 2 1
1 1320 2 1
1 1321 2 1
1 1322 2 0
1 1323 1 0
1 1324 1 1
1 1325 1 0
1 1326 1 0
1 1327 2 0
1 1328 2 1
1 1329 1 1
1 1330 1 0
1 1331 2 0
1 1332 1 1
1 1333 2 0
1 1334 2 0
1 1335 1 0
1 1336 2 0
1 1337 1 0
1 1338 1 0
1 1339 1 0
1 1340 2 1
1 1341 1 0
1 1342 2 0
1 1343 2 0
1 1344 1 0
1 1345 2 0
1 1346 1 0
1 1347 2 0
1 1348 1 0
1 1349 2 0
1 1350 2 0
1 1351 1 0
1 1352 2 1
1 1353 1 1
1 1354 1 1
1 1355 1 0
1 1356 2 0
1 1357 1 0
1 1358 1 0
1 1359 2 0
1 1360 1 1
1 1361 2 0
1 1362 1 0
1 1363 2 0
1 1364 1 0
1 15 2 1
1 1365 1 0
1 1366 1 0
1 1367 1 0
1 1368 1 0
1 1369 1 0
1 1370 2 0
1 1371 2 0
1 1372 1 0
1 1373 1 0
1 1374 2 0
1 1375 2 1
1 1376 1 1
1 1377 2 0
1 1378 1 0
1 1379 2 0
1 1380 2 0
1 1381 2 0
1 1382 2 0
1 1383 1 1
1 1384 1 1
1 1385 2 1
1 1386 1 0
1 1387 1 0
1 1388 1 0
1 1389 2 0
1 1390 1 0
1 1391 1 0
1 1392 2 0
1 1393 2 0
1 1394 2 0
1 1395 2 1
1 1396 1 0
1 1397 1 0
1 1398 2 0
1 1399 1 0
1 1400 2 1
1 1401 1 1
1 1402 1 0
1 1403 1 0
1 1404 1 0
1 1405 2 1
1 1406 1 1
1 1407 2 1
1 1408 2 0
1 1409 1 0
1 1410 2 0
1 1411 2 0
1 1412 1 0
1 1413 1 0
1 1414 2 0
1 1415 2 0
1 1416 2 0
1 1417 1 0
1 1418 1 1
1 1419 2 1
1 1420 1 0
1 1421 1 0
1 1422 2 1
1 1423 1 1
1 1424 1 0
1 1425 1 0
1 1426 1 0
1 1427 2 0
1 1428 2 0
1 1429 1 0
1 1430 2 0
1 1431 1 0
1 1432 1 0
1 1433 2 0
1 1434 2 1
1 1435 1 0
1 1436 2 0
1 1437 2 0
1 1438 1 1
1 1439 2 1
1 1440 1 0
1 1441 1 1
1 1442 2 1
1 1443 2 0
1 1444 2 0
1 1445 1 1
1 1446 2 1
1 1447 2 0
1 1448 1 0
1 1449 2 0
1 1450 2 0
1 1451 2 0
1 1452 1 0
1 1453 1 0
1 1454 2 0
1 1455 2 0
1 1456 2 0
1 1457 2 0
1 6 1 0
1 1458 1 0
1 1459 1 0
1 1460 1 0
1 1461 1 0
1 1462 1 0
1 1463 2 1
1 1464 1 1
1 1465 1 0
1 1466 2 0
1 1467 2 1
1 1468 1 1
1 1469 2 0
1 1470 1 0
1 1471 1 1
1 1472 1 1
1 1473 1 0
1 1474 2 0
1 1475 1 1
1 1476 2 0
1 1477 1 0
1 1478 2 1
1 1479 1 0
1 1480 2 0
1 1481 2 1
1 1482 2 0
1 1483 2 0
1 1484 2 0
1 1485 1 0
1 1486 2 0
1 1487 1 0
1 1488 1 1
1 1489 1 0
1 1490 1 0
1 1491 2 0
1 1492 1 0
1 1493 2 0
1 1494 2 0
1 1495 2 0
1 1496 2 0
1 1497 1 0
1 1498 1 0
1 1499 1 0
1 1500 1 0
1 1501 2 1
1 1502 2 0
1 1503 1 0
1 1504 1 0
1 1505 2 0
1 1506 1 0
1 1507 2 0
1 1508 1 0
1 1509 1 0
1 1510 1 0
1 1511 1 0
1 1512 2 0
1 1513 2 0
1 1514 1 0
1 1515 2 1
1 1516 2 0
1 1517 1 0
1 1518 1 0
1 1519 1 0
1 1520 1 0
1 1521 1 0
1 1522 1 1
1 1523 1 1
1 1524 2 0
1 1525 2 1
1 1526 2 1
1 1527 2 0
1 1528 2 0
1 1529 1 0
1 1530 1 1
1 1531 1 1
1 1532 1 0
1 1533 2 1
1 1534 2 1
1 1535 2 0
1 1536 1 0
1 1537 2 0
1 1538 2 0
1 1539 1 1
1 1540 1 1
1 1541 2 0
1 1542 2 1
1 1543 1 1
1 1544 1 1
1 1545 2 1
1 1546 2 0
1 1547 1 0
1 1548 1 0
1 1549 2 1
1 1550 2 0
1 1551 1 0
1 1552 2 0
1 1553 1 0
1 1554 2 0
1 1555 2 0
1 1556 1 0
1 1557 1 0
1 1558 2 0
1 1559 1 0
1 1560 1 0
1 1561 2 0
1 1562 2 0
1 1563 1 0
1 1564 1 0
1 1565 2 0
1 1566 2 1
1 1567 2 0
1 1568 1 0
1 1569 2 0
1 1570 1 0
1 1571 1 0
1 1572 2 0
1 1573 1 0
1 1574 1 0
1 1575 2 1
1 1576 2 0
1 1577 2 0
1 1578 2 0
1 1579 1 0
1 1580 2 0
1 1581 1 0
1 1582 1 0
1 1583 2 1
1 1584 1 1
1 1585 2 0
1 1586 2 0
1 1587 1 0
1 1588 2 0
1 1589 2 0
1 1590 2 0
1 1591 1 0
1 1592 1 0
1 1593 1 0
1 1594 2 1
1 1595 2 0
1 1596 2 0
1 1597 2 0
1 1598 2 1
1 1599 1 0
1 1600 2 0
1 1601 1 0
1 1602 2 0
1 1603 1 0
1 1604 1 0
1 1605 2 0
1 1606 1 0
1 1607 1 0
1 1608 1 0
1 1609 1 0
1 1610 2 0
1 1611 1 1
1 1612 2 1
1 1613 2 0
1 1614 1 0
1 1615 1 0
1 1616 2 0
1 1617 1 0
1 1618 1 0
1 1619 1 0
1 1620 2 0
1 1621 1 0
1 1622 1 0
1 1623 1 0
1 1624 1 0
1 1625 2 0
1 1626 1 0
1 1627 1 0
1 1628 2 0
1 1629 2 0
1 1630 1 0
1 1631 2 1
1 1632 2 0
1 1633 1 0
1 1634 1 1
1 1635 1 1
1 1636 1 0
1 1637 1 0
1 1638 1 0
1 1639 1 0
1 1640 2 1
1 1641 2 0
1 1642 2 0
1 1643 2 0
1 1644 1 0
1 1645 1 0
1 1646 2 0
1 1647 1 0
1 1648 1 0
1 1649 1 0
1 1650 1 1
1 1651 1 0
1 1652 1 0
1 1653 1 0
1 1654 2 1
1 1655 2 1
1 1656 2 0
1 1657 1 0
1 1658 2 1
1 1659 2 1
1 1660 2 0
1 1661 2 0
1 1662 1 1
1 1663 1 0
1 1664 1 0
1 1665 1 0
1 1666 2 0
1 1667 1 1
1 1668 2 0
1 1669 2 0
1 1670 2 0
1 1671 1 0
1 1672 1 0
1 1673 2 0
1 1674 1 0
1 1675 1 1
1 1676 1 1
1 1677 1 0
1 1678 1 0
1 1679 1 0
1 1680 1 0
1 1681 2 0
1 1682 2 0
1 1683 2 0
1 1684 2 0
1 1685 1 0
1 1686 1 0
1 1687 1 0
1 1688 1 0
1 1689 2 0
1 1690 1 0
1 1691 1 0
1 1692 2 0
1 1693 1 0
1 1694 1 0
1 1695 2 0
1 1696 2 0
1 1697 2 0
1 1698 2 0
1 1699 2 0
1 1700 2 0
1 1701 2 0
1 1702 2 0
1 1703 1 0
1 1704 1 0
1 1705 1 0
1 1706 2 0
1 1707 2 0
1 1708 2 0
1 1709 2 0
1 1710 1 0
1 1711 1 0
1 1712 2 0
1 1713 2 0
1 1714 1 0
1 1715 1 0
1 1716 1 0
1 1717 1 0
1 1718 1 0
1 1719 2 0
1 1720 2 1
1 1721 2 0
1 1722 1 0
1 1723 2 0
1 1724 1 0
1 1725 2 1
1 1726 2 1
1 1727 1 0
1 1728 2 0
1 1729 1 1
1 1730 2 1
1 1731 1 0
1 1732 1 0
1 1733 2 0
1 1734 1 0
1 1735 2 0
1 1736 1 0
1 1737 1 0
1 1738 1 0
1 1739 1 0
1 1740 1 0
1 1741 1 0
1 1742 2 0
1 1743 2 0
1 1744 1 0
1 1745 1 0
1 1746 1 0
1 1747 1 0
1 1748 2 0
1 1749 2 0
1 1750 2 1
1 1751 2 0
1 1752 1 0
1 1753 1 0
1 1754 1 0
1 1755 1 0
1 1756 2 0
1 1757 2 0
1 1758 1 0
1 1759 1 0
1 1760 2 0
1 1761 1 0
1 1762 1 1
1 1763 2 1
1 1764 2 0
1 1765 1 0
1 1766 2 0
1 1767 2 0
1 1768 2 1
1 1769 2 0
1 1770 2 0
1 1771 1 0
1 1772 1 0
1 1773 2 0
1 1774 1 0
1 1775 2 0
1 1776 2 0
1 1777 2 0
1 1778 2 0
1 1779 2 0
1 1780 2 0
1 1781 2 0
1 1782 1 0
1 1783 1 0
1 1784 2 0
1 1785 1 0
1 1786 1 0
1 1787 1 0
1 1788 2 0
1 1789 2 0
1 1790 1 0
1 1791 1 0
1 1792 1 0
1 1793 2 0
1 1794 1 0
1 1795 2 0
1 1796 1 0
1 1797 2 0
1 1798 1 0
1 1799 1 0
1 1800 2 0
1 1801 2 0
1 1802 1 0
1 1803 2 0
1 1804 2 0
1 1805 1 0
1 1806 2 0
1 1807 2 0
1 1808 1 0
1 1809 1 0
1 1810 1 0
1 1811 1 0
1 1812 1 0
1 1813 1 0
1 1814 1 0
1 1815 2 0
1 1816 1 0
1 1817 1 0
1 1818 2 0
1 1819 1 0
1 1820 1 0
1 1821 2 0
1 1822 1 0
1 1823 2 0
1 1824 1 0
1 1825 1 1
1 1826 1 1
1 1827 2 0
1 1828 1 0
1 1829 2 0
1 1830 1 0
1 1831 2 0
1 1832 2 0
1 1833 1 0
1 1834 2 0
1 1835 1 1
1 1836 2 1
1 1837 1 0
1 1838 2 0
1 1839 1 0
1 1840 1 1
1 1841 1 1
1 1842 1 0
1 1843 2 0
1 1844 1 1
1 1845 2 1
1 1846 1 0
1 1847 2 0
1 1848 2 1
1 1849 1 1
1 1850 1 1
1 1851 1 1
1 1852 2 1
1 1853 2 1
1 1854 1 1
1 1855 1 0
1 1856 2 0
1 1857 2 0
1 1858 1 0
1 1859 2 0
1 1860 2 0
1 1861 1 0
1 1862 2 0
1 1863 2 1
1 1864 1 1
1 1865 1 0
1 1866 2 0
1 1867 2 0
1 1868 1 0
1 1869 1 1
1 1870 2 1
1 1871 2 0
1 1872 2 1
1 1873 1 0
1 1874 1 0
1 1875 2 1
1 1876 1 1
1 1877 1 0
1 1878 1 0
1 1879 1 0
1 1880 2 0
1 1881 1 0
1 1882 2 0
1 1883 1 0
1 1884 1 0
1 1885 2 0
1 1886 1 1
1 1887 2 1
1 1888 2 0
1 1889 1 1
1 1890 1 1
1 1891 2 0
1 1892 2 0
1 1893 1 1
1 1894 1 0
1 1895 1 0
1 1896 2 0
1 1897 2 0
1 1898 1 1
1 1899 2 1
1 1900 1 0
1 1901 1 0
1 1902 2 1
1 1903 2 1
1 1904 2 1
1 1905 2 1
1 1906 2 0
1 1907 2 1
1 1908 2 1
1 1909 2 0
1 1910 2 0
1 1911 2 0
1 1912 1 0
1 1913 1 0
1 1914 1 0
1 1915 1 0
1 1916 1 0
1 1917 1 0
1 1918 1 0
1 1919 2 0
1 1920 1 0
1 1921 2 0
1 1922 2 0
1 1923 2 0
1 1924 1 0
1 1925 2 0
1 1926 2 0
1 1927 1 0
1 1928 2 0
1 1929 1 0
1 1930 1 0
1 1931 1 1
1 1932 2 0
1 1933 1 0
1 1934 2 0
1 1935 1 1
1 1936 2 1
1 1937 1 0
1 1938 1 0
1 1939 1 0
1 1940 1 0
1 1941 1 0
1 1942 1 0
1 1943 1 0
1 1944 2 0
1 1945 1 0
1 1946 2 0
1 1947 2 0
1 1948 2 0
1 1949 1 0
1 1950 2 0
1 1951 2 1
1 1952 2 0
1 1953 2 1
1 1954 1 1
1 1955 1 0
1 1956 2 0
1 1957 2 0
1 1958 1 0
1 1959 1 0
1 1960 1 0
1 1961 2 0
1 1962 1 0
1 1963 2 0
1 1964 2 0
1 1965 1 0
1 1966 1 0
1 1967 2 0
1 1968 1 0
1 1969 2 1
1 1970 1 1
1 1971 2 1
1 1972 1 1
1 1973 2 1
1 1974 1 1
1 1975 2 1
1 1976 2 1
1 1977 1 0
1 1978 2 0
1 1979 1 0
1 1980 2 0
1 1981 2 0
1 1982 2 1
1 1983 2 1
1 1984 2 0
1 1985 1 0
1 1986 2 0
1 1987 2 0
1 1988 2 0
1 1989 2 0
1 1990 2 0
1 1991 1 1
1 1992 2 0
1 1993 2 0
1 1994 1 0
1 1995 1 0
1 1996 2 0
1 1997 1 0
1 1998 1 0
1 1999 2 0
1 2000 2 1
1 2001 2 0
1 2002 1 0
1 2003 2 0
1 2004 1 1
1 2005 2 0
1 2006 1 1
1 2007 2 1
1 2008 1 1
