1 59 14.5
1 60 11.8999996185303
1 61 19.1000003814697
1 58 16.1000003814697
1 62 17
1 63 21
1 64 16
1 65 16.5
1 66 19.5
1 67 17
1 68 19
1 50 17.5
1 69 18
1 70 13
1 71 16
1 72 14
1 73 15.5
1 74 12.8000001907349
1 75 20.5
1 76 16.5
1 77 13
1 78 14.3000001907349
1 79 16.2999992370605
1 80 17.5
1 81 14.5
1 82 15.3000001907349
1 83 16
1 84 17.7999992370605
1 85 13
1 86 15.5
1 87 11.8000001907349
1 88 17.7999992370605
1 89 10
1 90 12
1 91 14
1 92 11.3000001907349
1 93 10.8000001907349
1 94 16.5
1 95 19
1 96 15
1 97 18
1 98 14
1 99 15
1 100 19
1 101 16.5
1 102 16
1 103 12.1999998092651
1 104 16.5
1 105 16
1 106 15
1 107 16.5
1 37 19.5
1 35 17.3999996185303
1 108 18.5
1 109 18.2999992370605
1 110 14.5
1 111 17.1000003814697
1 112 12.6999998092651
1 38 15.5
1 113 19
1 114 18.7999992370605
1 41 16.2000007629395
1 115 15
1 116 14
1 54 18.3999996185303
1 117 18
1 118 16.7999992370605
1 119 17.8999996185303
1 120 17.2000007629395
1 121 17.1000003814697
1 122 21
1 49 15.1000003814697
1 123 15.8000001907349
1 124 10.1999998092651
1 125 11.1999998092651
1 126 14.6000003814697
1 127 11
1 128 11.1999998092651
1 129 18
1 130 17.2000007629395
1 131 14.3000001907349
1 132 16.7000007629395
1 133 14
1 134 19.1000003814697
1 135 19.1000003814697
1 136 19
1 55 14.6000003814697
1 137 15.8999996185303
1 138 16.7999992370605
1 139 13.1999998092651
1 140 14.8000001907349
1 141 16.7999992370605
1 142 14.5
1 143 18.5
1 144 12.6000003814697
1 145 14.1000003814697
1 146 14.5
1 147 12.1999998092651
1 148 14.8999996185303
1 149 10.6999998092651
1 150 17.3999996185303
1 151 14.8000001907349
1 152 16.3999996185303
1 153 21
1 154 20.6000003814697
1 155 12
1 156 13.3000001907349
1 53 15.6999998092651
1 157 14.1999998092651
1 47 16.6000003814697
1 158 12.6999998092651
1 159 16
1 160 14.1000003814697
1 161 14.8999996185303
1 162 16.5
1 163 18.2000007629395
1 164 14.1999998092651
1 165 16.3999996185303
1 166 13.5
1 167 13.8000001907349
1 168 14
1 169 14.6000003814697
1 170 12.1000003814697
1 36 15.8000001907349
1 171 11.3999996185303
1 172 13.1000003814697
1 173 12.6000003814697
1 174 15.8000001907349
1 175 12.3999996185303
1 176 16.1000003814697
1 177 15
1 178 17.1000003814697
1 179 13.6000003814697
1 180 8.80000019073486
1 181 15.6999998092651
1 182 14.1999998092651
1 183 13.8000001907349
1 184 15.3000001907349
1 185 13.1999998092651
1 186 11.6000003814697
1 187 14.8999996185303
1 188 12.6000003814697
1 189 12.3000001907349
1 190 14
1 191 16
1 192 11.8000001907349
1 193 18.2000007629395
1 194 11.6999998092651
1 195 10.6000003814697
1 196 13.5
1 197 13.1999998092651
1 198 11.1999998092651
1 199 17
1 200 10.5
1 201 14.6999998092651
1 202 15
1 203 12.8000001907349
1 204 14.1999998092651
1 205 12.3999996185303
1 206 12.6999998092651
1 207 11.8000001907349
1 208 14.8999996185303
1 209 14.1000003814697
1 51 18.2000007629395
1 45 15
1 210 11.3999996185303
1 211 13.1999998092651
1 212 8.80000019073486
1 213 12.6000003814697
1 214 13.1999998092651
1 215 15.1999998092651
1 216 14.3999996185303
1 217 11.3999996185303
1 218 12.8000001907349
1 219 16.3999996185303
1 220 14.1999998092651
1 43 15.6999998092651
1 221 14.1000003814697
1 222 12.6000003814697
1 223 12.1999998092651
1 224 14.1999998092651
1 225 15.3999996185303
1 226 17.7999992370605
1 227 15.1000003814697
1 228 12.3000001907349
1 229 11.1999998092651
1 230 18
1 231 9.19999980926514
1 232 13.3999996185303
1 233 11.3999996185303
1 234 17.6000003814697
1 57 10.1999998092651
1 235 16.3999996185303
1 236 16
1 237 11.6000003814697
1 238 13.8999996185303
1 239 15.1999998092651
1 240 12
1 241 17.2000007629395
1 242 16.7999992370605
1 243 17.8999996185303
1 244 18.5
1 245 14.3000001907349
1 246 12
1 247 16
1 248 3.09999990463257
1 249 14.3000001907349
1 250 10.3000001907349
1 251 9.60000038146973
1 252 6.69999980926514
1 253 5
1 254 14
1 255 19.5
1 256 17.8999996185303
1 42 15.1000003814697
1 257 16.7999992370605
1 258 14.1999998092651
1 259 12.6000003814697
1 260 12.1999998092651
1 261 12.1000003814697
1 262 11.3000001907349
1 263 16.8999996185303
1 264 15.6999998092651
1 265 11.1000003814697
1 266 17.7000007629395
1 267 14.1000003814697
1 268 12
1 269 10.6000003814697
1 270 12.3000001907349
1 271 8.80000019073486
1 272 11.6000003814697
1 273 13.8000001907349
1 274 13.3000001907349
1 275 16.5
1 39 12.6000003814697
1 276 11.8999996185303
1 277 14.6999998092651
1 278 15.8999996185303
1 279 14.8999996185303
1 280 15.8000001907349
1 281 12.3999996185303
1 282 15.6000003814697
1 283 14.8999996185303
1 284 15.8000001907349
1 285 12.3000001907349
1 286 15.3999996185303
1 287 16.2000007629395
1 29 15.8000001907349
1 288 17.1000003814697
1 289 11.3999996185303
1 290 6.80000019073486
1 291 14.3000001907349
1 292 12.8000001907349
1 293 10.1999998092651
1 294 12.3999996185303
1 295 11.1000003814697
1 296 13
1 297 12.1999998092651
1 298 11.8999996185303
1 299 10.6999998092651
1 300 14
1 301 13.6000003814697
1 302 7.40000009536743
1 303 9.39999961853027
1 304 11
1 305 14.6000003814697
1 306 12.3000001907349
1 307 9.80000019073486
1 308 14.8000001907349
1 309 13.1000003814697
1 310 14.6000003814697
1 311 17.7000007629395
1 312 19.3999996185303
1 313 10.5
1 314 17.7999992370605
1 315 11.6000003814697
1 316 11.8999996185303
1 48 15
1 317 14.1999998092651
1 318 12.6000003814697
1 319 16.6000003814697
1 320 13.1999998092651
1 321 11.8000001907349
1 322 17
1 323 16.8999996185303
1 324 15.8999996185303
1 325 21
1 326 18
1 327 10.1000003814697
1 328 10.6000003814697
1 22 13.8999996185303
1 329 15
1 330 14.8999996185303
1 331 13.6000003814697
1 332 16.2000007629395
1 333 13.3999996185303
1 334 13
1 335 12.8999996185303
1 336 17.7999992370605
1 337 16.8999996185303
1 338 10.1999998092651
1 20 13.6000003814697
1 339 11.8999996185303
1 340 15
1 341 15.3000001907349
1 342 17.6000003814697
1 343 15.6999998092651
1 344 18.7000007629395
1 345 16.6000003814697
1 346 10
1 347 11.1999998092651
1 348 17
1 349 12.1000003814697
1 350 10.6000003814697
1 351 12.3000001907349
1 352 13.1999998092651
1 353 10.1999998092651
1 354 11.3000001907349
1 355 12.3999996185303
1 356 16.6000003814697
1 357 10.8000001907349
1 358 14.8999996185303
1 359 11.5
1 360 12.5
1 361 12.6999998092651
1 362 12.6999998092651
1 363 14.6999998092651
1 364 14.6000003814697
1 365 17.3999996185303
1 366 15
1 367 10.6000003814697
1 368 12.6000003814697
1 369 17.2999992370605
1 370 11.3999996185303
1 371 11
1 372 10.3000001907349
1 373 14.1999998092651
1 374 12.1999998092651
1 375 11.1999998092651
1 376 17.5
1 377 14.8000001907349
1 378 18.6000003814697
1 379 15
1 380 9.69999980926514
1 381 8.30000019073486
1 382 5.40000009536743
1 383 14.5
1 384 6.09999990463257
1 385 18.8999996185303
1 386 15.1999998092651
1 387 15.6999998092651
1 388 12.3000001907349
1 389 16.3999996185303
1 390 13.5
1 391 12
1 392 15.3999996185303
1 393 17.6000003814697
1 394 13.6000003814697
1 395 14.8000001907349
1 396 15
1 397 14.1000003814697
1 398 16
1 399 13
1 400 17.3999996185303
1 401 12
1 402 16.2000007629395
1 403 14
1 404 15.8999996185303
1 405 15
1 406 13.8000001907349
1 407 12
1 408 15
1 409 17.5
1 410 13.6999998092651
1 411 11.8000001907349
1 412 11.8000001907349
1 413 13.6000003814697
1 414 13.8000001907349
1 415 11.8000001907349
1 416 14
1 417 12.6999998092651
1 418 15.6000003814697
1 419 13.3999996185303
1 420 12.5
1 421 14.8999996185303
1 422 14.1000003814697
1 423 16.7999992370605
1 424 11.6000003814697
1 5 13.3000001907349
1 425 14.1000003814697
1 426 13.6000003814697
1 427 14.1999998092651
1 428 14.3999996185303
1 429 13.5
1 430 10
1 431 8.5
1 432 13.5
1 433 14.3999996185303
1 434 11.3000001907349
1 435 9.30000019073486
1 436 14
1 437 14
1 438 9.19999980926514
1 439 15
1 440 11.1999998092651
1 441 12.6000003814697
1 442 15.6000003814697
1 443 16.1000003814697
1 444 16
1 445 11.5
1 446 14
1 447 15.6000003814697
1 448 13.8000001907349
1 449 12.6999998092651
1 450 13.3999996185303
1 451 9.69999980926514
1 452 9.89999961853027
1 453 11.1999998092651
1 454 14.3999996185303
1 455 15
1 456 13.5
1 457 14.8999996185303
1 458 13.8000001907349
1 459 12.1999998092651
1 460 13.3000001907349
1 461 12.6000003814697
1 462 9.80000019073486
1 463 15.3999996185303
1 464 13.5
1 465 12.8000001907349
1 466 18.2000007629395
1 467 12.6000003814697
1 468 10.8999996185303
1 469 15.5
1 470 12.1999998092651
1 471 14.3999996185303
1 472 11.1999998092651
1 473 10.1000003814697
1 474 12.3999996185303
1 475 13.1000003814697
1 476 15.1999998092651
1 477 10.6000003814697
1 478 15
1 479 9.89999961853027
1 480 8.69999980926514
1 481 8.39999961853027
1 482 13.1000003814697
1 483 17.2000007629395
1 484 12.6999998092651
1 40 17.7000007629395
1 485 13.3000001907349
1 486 8.80000019073486
1 487 9.80000019073486
1 488 7
1 489 12
1 31 12.1999998092651
1 490 9.19999980926514
1 491 14.6000003814697
1 492 12.1000003814697
1 493 12.3999996185303
1 494 8.5
1 495 9.19999980926514
1 496 10.8999996185303
1 14 15.3000001907349
1 497 13.6000003814697
1 498 14.6999998092651
1 499 11.1999998092651
1 28 17.3999996185303
1 500 12.6999998092651
1 501 10.8999996185303
1 502 11.1000003814697
1 503 14.8000001907349
1 504 13.5
1 505 13.8999996185303
1 506 15.6999998092651
1 507 16.3999996185303
1 508 11.1999998092651
1 509 12.6000003814697
1 510 15.3000001907349
1 511 10.8999996185303
1 512 10.1999998092651
1 513 19.2999992370605
1 514 13.5
1 515 9.30000019073486
1 516 10.6999998092651
1 517 16.2000007629395
1 518 10
1 519 17.2999992370605
1 52 15.3000001907349
1 520 18.6000003814697
1 521 19.2999992370605
1 522 16.2999992370605
1 523 15.5
1 524 13.6999998092651
1 525 16.7000007629395
1 526 15
1 527 12.8999996185303
1 528 13.3999996185303
1 529 15.1000003814697
1 530 16.7000007629395
1 531 11.3999996185303
1 532 12
1 533 15
1 534 8.80000019073486
1 535 13
1 536 10.3999996185303
1 537 12.1999998092651
1 538 11.8999996185303
1 539 13.8999996185303
1 540 5.5
1 541 11.1000003814697
1 542 11.1999998092651
1 543 13.8999996185303
1 544 15.8999996185303
1 545 13.1000003814697
1 546 12.8999996185303
1 547 13.6000003814697
1 548 12.3000001907349
1 549 10.3999996185303
1 550 17.7999992370605
1 551 12.8000001907349
1 552 15.3999996185303
1 553 14.1000003814697
1 554 14.6999998092651
1 555 7.69999980926514
1 556 9.69999980926514
1 557 14.8999996185303
1 558 9.69999980926514
1 559 14.6999998092651
1 560 14.5
1 561 12
1 562 12.6000003814697
1 563 7.69999980926514
1 564 13.6000003814697
1 565 15.8000001907349
1 566 11
1 567 11.8999996185303
1 568 17.1000003814697
1 569 10.6999998092651
1 570 9.19999980926514
1 571 17.2000007629395
1 572 6.59999990463257
1 573 11.3000001907349
1 574 17.6000003814697
1 575 6.40000009536743
1 576 12.6000003814697
1 577 9.39999961853027
1 578 14
1 579 6.69999980926514
1 580 8.89999961853027
1 581 14.3999996185303
1 582 9.69999980926514
1 583 16.1000003814697
1 584 14.1999998092651
1 585 11
1 586 15
1 56 18.2000007629395
1 587 8
1 588 8.60000038146973
1 589 9.89999961853027
1 590 12.5
1 591 12.6000003814697
1 592 11.3999996185303
1 593 15.3999996185303
1 594 7
1 595 14.1999998092651
1 596 14.3000001907349
1 597 11.1000003814697
1 598 13.6999998092651
1 599 16.5
1 25 13.6000003814697
1 600 12.6000003814697
1 601 16.5
1 602 14.8999996185303
1 17 10.6999998092651
1 603 15.3999996185303
1 604 6.09999990463257
1 605 10.1999998092651
1 606 11.6999998092651
1 607 14.3999996185303
1 608 12
1 609 12.1000003814697
1 610 12.1999998092651
1 611 14.6999998092651
1 612 14.1999998092651
1 613 14.8000001907349
1 614 11.8999996185303
1 615 10.1000003814697
1 616 10.5
1 617 11.1000003814697
1 618 11.8000001907349
1 619 12.5
1 620 15.6000003814697
1 621 15.8000001907349
1 622 16
1 623 12.3999996185303
1 624 12.6000003814697
1 625 13.1999998092651
1 626 9.39999961853027
1 627 6.80000019073486
1 628 9.30000019073486
1 629 13
1 630 16.2999992370605
1 631 9.10000038146973
1 632 12
1 633 12.8000001907349
1 634 11.6999998092651
1 635 11.5
1 636 14.5
1 637 17
1 638 15
1 639 13.5
1 640 12
1 641 15
1 642 11.3999996185303
1 643 10.5
1 644 8.5
1 645 8.60000038146973
1 646 13.5
1 647 10
1 648 10.1999998092651
1 649 13.6000003814697
1 650 15.6000003814697
1 651 14.6000003814697
1 652 13.6000003814697
1 653 12.3999996185303
1 654 14.5
1 655 14.8999996185303
1 656 12.5
1 657 12.1999998092651
1 658 8.5
1 659 9.5
1 660 14.1000003814697
1 661 12.3999996185303
1 662 15.6000003814697
1 663 15.6999998092651
1 664 11.8999996185303
1 665 15.6999998092651
1 666 8
1 667 8.39999961853027
1 668 10.1999998092651
1 669 14.5
1 670 15.3999996185303
1 671 13
1 672 14.1999998092651
1 673 12.3000001907349
1 674 15.3999996185303
1 675 10.3000001907349
1 676 10.6999998092651
1 677 13.8000001907349
1 678 15.3999996185303
1 679 13
1 680 7.19999980926514
1 681 10.3000001907349
1 682 18.3999996185303
1 683 14.1999998092651
1 684 17
1 685 9.39999961853027
1 686 12.3000001907349
1 687 12.3000001907349
1 688 14.5
1 689 12.6999998092651
1 690 15.3000001907349
1 691 11
1 692 12.1999998092651
1 693 8.80000019073486
1 694 9.19999980926514
1 695 13.8999996185303
1 696 10.8999996185303
1 697 15.8000001907349
1 698 10.6000003814697
1 699 13.6999998092651
1 700 17.1000003814697
1 701 13.6999998092651
1 702 13.1000003814697
1 703 12.8999996185303
1 704 12.1000003814697
1 705 14.1999998092651
1 706 13.8000001907349
1 707 6.59999990463257
1 708 6.09999990463257
1 709 9.39999961853027
1 710 9.10000038146973
1 711 11.5
1 712 14.5
1 713 14
1 714 12.5
1 715 11.8000001907349
1 716 11.6999998092651
1 717 12.8999996185303
1 718 13.8999996185303
1 719 10.1000003814697
1 720 9.60000038146973
1 721 9.69999980926514
1 722 12.1999998092651
1 723 11.1000003814697
1 724 10.3000001907349
1 725 11.8999996185303
1 726 9.80000019073486
1 727 14.6000003814697
1 728 13
1 729 13.1999998092651
1 730 13.6999998092651
1 731 13.3999996185303
1 732 16
1 733 17
1 734 10.6999998092651
1 735 13.5
1 736 7.59999990463257
1 737 12.6000003814697
1 738 10.8999996185303
1 739 11.3000001907349
1 740 17.5
1 741 11.6000003814697
1 742 10.5
1 743 12.3999996185303
1 744 13.8999996185303
1 745 12.5
1 746 14.1000003814697
1 747 15.6999998092651
1 748 14
1 749 12.1999998092651
1 750 12.8999996185303
1 751 14.1000003814697
1 752 15.3000001907349
1 753 13.5
1 754 12.6000003814697
1 755 9.19999980926514
1 756 11.6999998092651
1 757 14.1000003814697
1 758 14.5
1 759 12.8999996185303
1 760 15
1 761 9.30000019073486
1 762 15.1000003814697
1 763 14.5
1 764 14
1 765 11.3999996185303
1 766 13.8000001907349
1 767 18.5
1 768 15.1000003814697
1 769 13.3000001907349
1 770 14.1999998092651
1 771 15.3000001907349
1 772 12.6999998092651
1 773 13.5
1 34 11.8000001907349
1 774 12.3000001907349
1 775 11.8000001907349
1 776 14.6999998092651
1 777 8.39999961853027
1 778 15.3000001907349
1 779 12.5
1 780 8.39999961853027
1 781 14.1999998092651
1 782 15.6000003814697
1 783 12.6999998092651
1 784 14.1999998092651
1 785 14.8000001907349
1 786 13.1000003814697
1 787 15.6999998092651
1 27 12.6000003814697
1 788 17.8999996185303
1 24 13.3000001907349
1 789 17.2000007629395
1 790 14.8999996185303
1 791 14.1000003814697
1 792 11.3999996185303
1 793 17.5
1 794 14.6000003814697
1 795 13.8000001907349
1 19 12.8999996185303
1 796 12
1 797 17.2999992370605
1 798 15.3999996185303
1 799 13.8000001907349
1 800 15.1000003814697
1 801 16.2999992370605
1 802 15.8000001907349
1 803 16.7000007629395
1 16 11.1999998092651
1 804 13.3999996185303
1 805 15.1000003814697
1 806 18.2999992370605
1 807 13.8000001907349
1 808 10.1000003814697
1 809 12.1000003814697
1 810 12.3000001907349
1 811 13.1999998092651
1 812 13.1000003814697
1 813 15.6999998092651
1 814 16.3999996185303
1 815 13.8000001907349
1 816 17.7000007629395
1 817 12.3999996185303
1 818 15.6999998092651
1 819 16
1 820 15.6999998092651
1 821 16
1 822 10.6000003814697
1 823 13
1 824 12.1999998092651
1 825 15.6000003814697
1 826 8.60000038146973
1 827 18.7000007629395
1 13 15.5
1 828 12.8000001907349
1 829 10.3000001907349
1 830 12.1999998092651
1 831 10.6999998092651
1 832 13.3000001907349
1 833 12.5
1 834 12.8999996185303
1 835 13.3000001907349
1 836 11.1999998092651
1 837 13
1 838 12.1999998092651
1 10 13.6999998092651
1 839 8.19999980926514
1 840 16.1000003814697
1 841 13
1 842 13.1000003814697
1 843 16.2000007629395
1 844 14.6000003814697
1 845 11.3000001907349
1 846 13.5
1 847 10.8999996185303
1 4 10.1999998092651
1 848 8.69999980926514
1 849 7.90000009536743
1 850 9.60000038146973
1 851 8.80000019073486
1 852 15.8000001907349
1 853 18.3999996185303
1 854 17.2000007629395
1 855 15.8000001907349
1 856 12.1999998092651
1 857 14.1999998092651
1 858 17.6000003814697
1 859 15
1 860 10.8000001907349
1 861 15.1999998092651
1 862 12.3999996185303
1 863 14.1999998092651
1 864 10.3999996185303
1 865 12.1999998092651
1 866 14
1 867 17
1 868 17.6000003814697
1 869 14.1999998092651
1 870 12
1 9 11.8000001907349
1 871 13.3999996185303
1 872 16.2000007629395
1 873 11.1999998092651
1 3 14.1999998092651
1 874 16.3999996185303
1 875 15.3999996185303
1 876 17.3999996185303
1 877 17.3999996185303
1 878 14.8000001907349
1 879 17.7999992370605
1 880 16.8999996185303
1 881 13.8000001907349
1 882 17.7000007629395
1 883 13.6000003814697
1 2 14.8000001907349
1 884 14.1999998092651
1 885 14.8000001907349
1 886 17.7999992370605
1 887 15.1999998092651
1 888 15
1 889 18.6000003814697
1 890 18.3999996185303
1 891 13.1999998092651
1 892 13.6999998092651
1 893 10.6000003814697
1 894 10.8000001907349
1 895 13.8000001907349
1 896 17.6000003814697
1 897 10.3999996185303
1 898 14.3999996185303
1 899 14.5999994277954
1 900 16.2000007629395
1 901 11
1 902 17
1 903 16.8000011444092
1 904 16.6000003814697
1 905 10.8000001907349
1 906 15.8000001907349
1 907 14.8999996185303
1 908 13.8000001907349
1 909 15.4000005722046
1 1 18
1 910 14.8000001907349
1 911 13.3000001907349
1 912 10
1 913 13.3999996185303
1 914 10.3999996185303
1 915 13.1999998092651
1 33 16.2000007629395
1 30 13.0999994277954
1 916 11.3999996185303
1 917 9.30000019073486
1 918 10.3999996185303
1 919 11.1999998092651
1 920 10.5999994277954
1 921 12
1 922 12.0999994277954
1 923 12.1999998092651
1 924 15.5999994277954
1 925 6.5
1 926 10.3999996185303
1 927 13
1 928 13.8000001907349
1 929 10.3000001907349
1 930 15.4000005722046
1 931 9.39999961853027
1 932 9.19999980926514
1 933 11.6999998092651
1 934 9.19999980926514
1 935 8.39999961853027
1 26 14
1 936 15.1999998092651
1 937 14.0999994277954
1 938 13.3999996185303
1 939 9.89999961853027
1 940 14.5
1 941 14.8999996185303
1 942 10.1999998092651
1 943 11.8000001907349
1 944 15.9999990463257
1 945 7.80000019073486
1 946 18.3000011444092
1 947 15.5
1 948 20.6499996185303
1 949 17.25
1 950 12.5500001907349
1 951 14.6999998092651
1 952 13.8500003814697
1 953 11.8999996185303
1 954 12.9499998092651
1 955 18.3500003814697
1 956 16.25
1 957 9.5
1 958 9.89999961853027
1 18 17.2999992370605
1 959 12.1000003814697
1 960 12.3000001907349
1 961 10.8500003814697
1 962 11.6499996185303
1 963 16.6000003814697
1 964 17.1000003814697
1 965 11.3500003814697
1 966 20.3500003814697
1 967 14.5
1 968 17.7999992370605
1 969 16.6499996185303
1 970 17.2999992370605
1 971 15.3999996185303
1 972 12.0500001907349
1 973 15.3999996185303
1 974 14.1499996185303
1 975 17.1000003814697
1 976 14.8999996185303
1 977 15.8000001907349
1 978 7.69999980926514
1 979 13.6499996185303
1 12 19.9500007629395
1 980 16.4500007629395
1 981 10.25
1 982 10.6999998092651
1 983 11.3999996185303
1 984 12.75
1 985 16.4500007629395
1 986 14.5
1 987 14.0500001907349
1 988 11.9499998092651
1 989 13.8500003814697
1 990 15.1000003814697
1 991 15.5500001907349
1 992 17.3500003814697
1 993 15.5
1 994 12.8000001907349
1 995 14.4499998092651
1 996 15.75
1 997 9.55000019073486
1 998 17.8999996185303
1 999 14.6999998092651
1 1000 11.9499998092651
1 46 14.25
1 1001 14.8000001907349
1 1002 11.8999996185303
1 1003 13.4499998092651
1 1004 14.75
1 1005 12.6000003814697
1 1006 12.5500001907349
1 1007 13.75
1 1008 12.8000001907349
1 1009 12.6499996185303
1 1010 13.3999996185303
1 1011 11.1999998092651
1 1012 10.1999998092651
1 1013 11.8500003814697
1 1014 15.1499996185303
1 1015 12.9499998092651
1 1016 13.1000003814697
1 1017 11.1999998092651
1 8 10.5500001907349
1 1018 15.75
1 1019 15.8999996185303
1 1020 15.8500003814697
1 1021 10.3500003814697
1 1022 10.9499998092651
1 1023 13.3500003814697
1 1024 6.44999980926514
1 1025 12.5500001907349
1 1026 11.6999998092651
1 32 16
1 1027 8.80000019073486
1 1028 8.94999980926514
1 1029 8.19999980926514
1 1030 14.3999996185303
1 1031 11.1999998092651
1 1032 11.25
1 1033 12.1499996185303
1 1034 12.6499996185303
1 1035 13.1499996185303
1 1036 12
1 1037 14.9499998092651
1 1038 13.6999998092651
1 1039 17.25
1 1040 13.75
1 1041 11.1999998092651
1 1042 14.1999998092651
1 1043 8.60000038146973
1 1044 12.6000003814697
1 1045 9.60000038146973
1 1046 12.6999998092651
1 1047 11.4499998092651
1 1048 12.6999998092651
1 1049 12.6000003814697
1 1050 14.6000003814697
1 1051 17.6000003814697
1 1052 10.6999998092651
1 1053 10.8999996185303
1 1054 10.3500003814697
1 1055 9.60000038146973
1 1056 12.8999996185303
1 1057 12.75
1 1058 11.3000001907349
1 1059 9.14999961853027
1 1060 13.1499996185303
1 1061 10.6000003814697
1 1062 12.6499996185303
1 1063 9.5
1 1064 11.75
1 1065 13.3999996185303
1 1066 13.1499996185303
1 1067 10.8000001907349
1 1068 12.3999996185303
1 1069 10.6499996185303
1 1070 10.0500001907349
1 1071 14.4499998092651
1 1072 12.9499998092651
1 1073 11.8999996185303
1 1074 13.6999998092651
1 1075 11.3999996185303
1 1076 10.0500001907349
1 1077 8.30000019073486
1 1078 8
1 1079 13.6000003814697
1 1080 12.5500001907349
1 1081 13.8000001907349
1 1082 11.1000003814697
1 1083 14.4499998092651
1 1084 12
1 1085 13.8500003814697
1 1086 12.8500003814697
1 1087 14.6499996185303
1 1088 7.25
1 1089 15
1 1090 14.0500001907349
1 1091 14.6000003814697
1 1092 11.8000001907349
1 1093 9.19999980926514
1 1094 9.94999980926514
1 1095 11.3999996185303
1 1096 13.8000001907349
1 1097 8.5
1 1098 13.1999998092651
1 1099 13.5500001907349
1 1100 13.8500003814697
1 1101 13.3500003814697
1 1102 9.05000019073486
1 1103 9.64999961853027
1 1104 6.75
1 1105 9.44999980926514
1 1106 7.34999990463257
1 1107 8.64999961853027
1 1108 8.10000038146973
1 1109 8.55000019073486
1 1110 8.60000038146973
1 1111 14
1 1112 12.3500003814697
1 1113 11.9499998092651
1 1114 13.3999996185303
1 1115 15.1999998092651
1 1116 11.9499998092651
1 1117 11.25
1 1118 14.6000003814697
1 1119 10.8500003814697
1 1120 10.5
1 1121 13.75
1 11 14.6499996185303
1 1122 10.5
1 7 10.8500003814697
1 1123 10.1499996185303
1 1124 14.6000003814697
1 1125 16.75
1 1126 10.6999998092651
1 1127 14.8999996185303
1 1128 13.8500003814697
1 1129 12.8500003814697
1 1130 9.05000019073486
1 1131 10.6999998092651
1 1132 9.30000019073486
1 1133 12.6000003814697
1 1134 12.3500003814697
1 1135 11.8999996185303
1 1136 12.5
1 1137 13.8500003814697
1 1138 10.6000003814697
1 1139 10.5500001907349
1 1140 13.75
1 1141 13.8999996185303
1 1142 13.3999996185303
1 1143 13.6000003814697
1 1144 15.4499998092651
1 1145 15
1 44 12.8999996185303
1 1146 9.39999961853027
1 1147 8.60000038146973
1 1148 11.6499996185303
1 1149 10.6499996185303
1 1150 11
1 1151 7.90000009536743
1 1152 8.60000038146973
1 1153 13.8999996185303
1 1154 9.35000038146973
1 1155 14.25
1 1156 13.1999998092651
1 1157 11.25
1 1158 12.3999996185303
1 1159 10.1000003814697
1 1160 15.1499996185303
1 1161 13.3999996185303
1 1162 12.75
1 1163 18.0499992370605
1 1164 13.1000003814697
1 1165 12.0500001907349
1 1166 10.5500001907349
1 1167 17.2000007629395
1 1168 13.3999996185303
1 1169 14.1000003814697
1 1170 8.80000019073486
1 1171 8.10000038146973
1 1172 7.15000009536743
1 1173 9.19999980926514
1 1174 14.3999996185303
1 1175 12
1 23 16.5
1 1176 12.5500001907349
1 1177 13.1499996185303
1 1178 12.8000001907349
1 1179 8.19999980926514
1 1180 14.4499998092651
1 1181 12.6000003814697
1 1182 12.75
1 1183 17
1 1184 11.6999998092651
1 1185 13.8000001907349
1 1186 13.8000001907349
1 1187 9.85000038146973
1 1188 8.60000038146973
1 1189 11.8500003814697
1 1190 9.39999961853027
1 1191 11
1 1192 11.25
1 1193 11.3500003814697
1 1194 17.0499992370605
1 1195 11.5500001907349
1 1196 11.8500003814697
1 21 12.3500003814697
1 1197 14.8999996185303
1 1198 12.8999996185303
1 1199 12.1499996185303
1 1200 14.6000003814697
1 1201 13.1999998092651
1 1202 13.8000001907349
1 1203 14.3500003814697
1 1204 15.6000003814697
1 1205 15.0500001907349
1 1206 16.0499992370605
1 1207 13.3000001907349
1 1208 13.3999996185303
1 1209 11.75
1 1210 17.25
1 1211 9.14999961853027
1 1212 13.3000001907349
1 1213 10.6000003814697
1 1214 13.4499998092651
1 1215 13.5
1 1216 9
1 1217 16.8999996185303
1 1218 16.2000007629395
1 1219 15.5
1 1220 11.6999998092651
1 1221 12.1999998092651
1 1222 17.7999992370605
1 1223 14.8999996185303
1 1224 11.6999998092651
1 1225 14.6000003814697
1 1226 12.1999998092651
1 1227 11.3999996185303
1 1228 14.3999996185303
1 1229 7
1 1230 12.6999998092651
1 1231 13.5
1 1232 13.8999996185303
1 1233 10.8000001907349
1 1234 12.3000001907349
1 1235 15.6000003814697
1 1236 12.8000001907349
1 1237 12.1999998092651
1 1238 15.1000003814697
1 1239 10.1999998092651
1 1240 13.8999996185303
1 1241 9.60000038146973
1 1242 8.30000019073486
1 1243 12.3999996185303
1 1244 15.6999998092651
1 1245 9.60000038146973
1 1246 15.8999996185303
1 1247 15.5
1 1248 15.3999996185303
1 1249 13.8999996185303
1 1250 15.3999996185303
1 1251 12.3999996185303
1 1252 12.8999996185303
1 1253 14.1000003814697
1 1254 14.6999998092651
1 1255 12.5
1 1256 13.5
1 1257 11.3000001907349
1 1258 13.6000003814697
1 1259 13.1999998092651
1 1260 12.6999998092651
1 1261 12.6999998092651
1 1262 15.6999998092651
1 1263 13.6000003814697
1 1264 9.19999980926514
1 1265 11.8999996185303
1 1266 11.1999998092651
1 1267 11.3999996185303
1 1268 11.6999998092651
1 1269 14.6999998092651
1 1270 12.8000001907349
1 1271 14.5
1 1272 15
1 1273 9.89999961853027
1 1274 16.6000003814697
1 1275 11.8000001907349
1 1276 11.8999996185303
1 1277 12.1000003814697
1 15 13.8999996185303
1 1278 14
1 1279 14.3000001907349
1 1280 12.8000001907349
1 1281 13.8000001907349
1 1282 13.1000003814697
1 1283 14.6999998092651
1 1284 14
1 1285 12.8000001907349
1 1286 12.8999996185303
1 1287 11.8999996185303
1 1288 10.1999998092651
1 1289 9.30000019073486
1 1290 13.8999996185303
1 1291 11.6999998092651
1 1292 16.3999996185303
1 1293 11.3000001907349
1 1294 8.60000038146973
1 1295 17.1000003814697
1 1296 10.8999996185303
1 1297 9.30000019073486
1 1298 10
1 1299 14
1 1300 12.1999998092651
1 1301 12.1000003814697
1 1302 16.5
1 1303 13.3000001907349
1 1304 11.6999998092651
1 1305 11.6999998092651
1 1306 13.8000001907349
1 1307 16.5
1 1308 14.6999998092651
1 1309 14.1000003814697
1 1310 12.8000001907349
1 1311 17.2000007629395
1 1312 14.1000003814697
1 1313 10.8000001907349
1 1314 10.3999996185303
1 1315 10.3999996185303
1 1316 12.5
1 1317 14.1000003814697
1 1318 11.8000001907349
1 1319 16.5
1 1320 14.6999998092651
1 1321 13.1999998092651
1 1322 15.3000001907349
1 1323 14.6000003814697
1 1324 17.8999996185303
1 1325 16.7999992370605
1 1326 11.6999998092651
1 1327 11.3000001907349
1 1328 10.8000001907349
1 1329 11.6999998092651
1 1330 12.6000003814697
1 1331 10.75
1 1332 9.30000019073486
1 1333 10.1000003814697
1 1334 14.6000003814697
1 1335 11.8999996185303
1 1336 13
1 1337 14.3999996185303
1 1338 13.6999998092651
1 1339 17.1000003814697
1 1340 13
1 1341 13
1 1342 14.1999998092651
1 1343 8.39999961853027
1 1344 12.6000003814697
1 1345 14.8999996185303
1 1346 18.7000007629395
1 1347 9.5
1 1348 9.19999980926514
1 1349 14.6999998092651
1 1350 10
1 1351 12.6999998092651
1 1352 17.25
1 1353 12.3999996185303
1 1354 11.6999998092651
1 1355 12.6999998092651
1 1356 9.69999980926514
1 1357 15.3999996185303
1 1358 14
1 1359 14.1000003814697
1 1360 13.8999996185303
1 1361 14.5
1 1362 12.1999998092651
1 1363 12.3999996185303
1 1364 16.2999992370605
1 1365 15.1000003814697
1 1366 13.6000003814697
1 6 13.8999996185303
1 1367 13.3999996185303
1 1368 12.3999996185303
1 1369 13.3999996185303
1 1370 13.8000001907349
1 1371 11
1 1372 10.1999998092651
1 1373 10.3999996185303
1 1374 14.8000001907349
1 1375 13.8999996185303
1 1376 10
1 1377 9.69999980926514
1 1378 13.8999996185303
1 1379 14.1999998092651
1 1380 9.10000038146973
1 1381 10.6000003814697
1 1382 13.6000003814697
1 1383 10.3000001907349
1 1384 10.1000003814697
1 1385 14.1000003814697
1 1386 13.8999996185303
1 1387 15.3000001907349
1 1388 15.6000003814697
1 1389 12.1999998092651
1 1390 14.5
1 1391 15.1000003814697
1 1392 15.1000003814697
1 1393 13.1000003814697
1 1394 14.6000003814697
1 1395 12.3999996185303
1 1396 12.8999996185303
1 1397 9.5
1 1398 12.8999996185303
1 1399 11.8999996185303
1 1400 9.60000038146973
1 1401 14.8000001907349
1 1402 15.1000003814697
1 1403 11.5
1 1404 13.1000003814697
1 1405 10.3000001907349
1 1406 12.3000001907349
1 1407 15.8999996185303
1 1408 12.3999996185303
1 1409 13.1999998092651
1 1410 14.6999998092651
1 1411 14.5
1 1412 13.8999996185303
1 1413 12.5
1 1414 14
1 1415 9
1 1416 16.2000007629395
1 1417 16.6000003814697
1 1418 13.6000003814697
1 1419 14
1 1420 13.8999996185303
1 1421 12.1999998092651
1 1422 14.5
1 1423 11.6000003814697
1 1424 12
1 1425 13.8999996185303
1 1426 10.1999998092651
1 1427 8.10000038146973
1 1428 12.3000001907349
1 1429 9
1 1430 9.69999980926514
1 1431 14.6000003814697
1 1432 16.3999996185303
1 1433 12.3999996185303
1 1434 6.69999980926514
1 1435 8.80000019073486
1 1436 14.6999998092651
1 1437 13
1 1438 10.1999998092651
1 1439 13.3999996185303
1 1440 13.1999998092651
1 1441 14.1000003814697
1 1442 14.8999996185303
1 1443 10.6000003814697
1 1444 11.8999996185303
1 1445 13.5
1 1446 12.3000001907349
1 1447 11.6999998092651
1 1448 9
1 1449 9.60000038146973
1 1450 14.1000003814697
1 1451 15.1999998092651
1 1452 11.3000001907349
1 1453 11.1000003814697
1 1454 11.3000001907349
1 1455 14.6000003814697
1 1456 12.3999996185303
1 1457 13.6999998092651
1 1458 15.5
1 1459 16.3999996185303
1 1460 12.1999998092651
1 1461 12.6999998092651
1 1462 14.5
1 1463 15.6999998092651
1 1464 15.8999996185303
1 1465 15.3000001907349
1 1466 14.5
1 1467 11.1999998092651
1 1468 13.5
1 1469 15.6999998092651
1 1470 11.8000001907349
1 1471 16.7000007629395
1 1472 12.1999998092651
1 1473 9.80000019073486
1 1474 12.8000001907349
1 1475 13.3999996185303
1 1476 16
1 1477 14.3999996185303
1 1478 15.6000003814697
1 1479 10.1999998092651
1 1480 16.1000003814697
1 1481 11.3000001907349
1 1482 14.6000003814697
1 1483 13.5
1 1484 15
1 1485 11.8000001907349
1 1486 9.69999980926514
1 1487 10.6999998092651
1 1488 7.90000009536743
1 1489 16.2000007629395
1 1490 15
1 1491 11.8000001907349
1 1492 10.1000003814697
1 1493 15.8000001907349
1 1494 11.8999996185303
1 1495 11.6999998092651
1 1496 13.3999996185303
1 1497 14.1000003814697
1 1498 9.10000038146973
1 1499 9.69999980926514
1 1500 14.6999998092651
1 1501 16.5
1 1502 11.5
1 1503 12.8999996185303
1 1504 12.3000001907349
1 1505 11
1 1506 12.1000003814697
1 1507 13.1000003814697
1 1508 9.80000019073486
1 1509 14.8000001907349
1 1510 10.3999996185303
1 1511 11.3000001907349
1 1512 12.6000003814697
1 1513 12
1 1514 10.8999996185303
1 1515 8.19999980926514
1 1516 9.19999980926514
1 1517 9.69999980926514
1 1518 12.6000003814697
1 1519 11.8000001907349
1 1520 15.3999996185303
1 1521 14.5
1 1522 10.3999996185303
1 1523 15.3999996185303
1 1524 16.7000007629395
1 1525 11.6999998092651
1 1526 14
1 1527 13.5
1 1528 10.8000001907349
1 1529 16
1 1530 9.30000019073486
1 1531 10.1000003814697
1 1532 13.1000003814697
1 1533 12
1 1534 12.1000003814697
1 1535 8.19999980926514
1 1536 14.8999996185303
1 1537 10.5
1 1538 8.69999980926514
1 1539 9.30000019073486
1 1540 11.6999998092651
1 1541 7
1 1542 12.6000003814697
1 1543 6.09999990463257
1 1544 11.3999996185303
1 1545 12
1 1546 9.89999961853027
1 1547 10.1999998092651
1 1548 12.5
1 1549 13.6999998092651
1 1550 10.6999998092651
1 1551 10.8999996185303
1 1552 10.5
1 1553 9.89999961853027
1 1554 7.69999980926514
1 1555 9.60000038146973
1 1556 11.8000001907349
1 1557 14
1 1558 13.1999998092651
1 1559 11.8999996185303
1 1560 11.6999998092651
1 1561 12
1 1562 9.89999961853027
1 1563 9.80000019073486
1 1564 9.30000019073486
1 1565 18.3999996185303
1 1566 6.40000009536743
1 1567 13
1 1568 12.6000003814697
1 1569 11.3000001907349
1 1570 13.3000001907349
1 1571 11.8000001907349
1 1572 13.8000001907349
1 1573 17
1 1574 14.8000001907349
1 1575 14.5
1 1576 10.1999998092651
1 1577 9.10000038146973
1 1578 7.19999980926514
1 1579 8.60000038146973
1 1580 9.39999961853027
1 1581 12.3000001907349
1 1582 9.69999980926514
1 1583 9.19999980926514
1 1584 9.10000038146973
1 1585 10.6000003814697
1 1586 11.6999998092651
1 1587 11.6000003814697
1 1588 16.5
1 1589 12.8999996185303
1 1590 11.8000001907349
1 1591 9.5
1 1592 13.6000003814697
1 1593 11
1 1594 14.5
1 1595 7.09999990463257
1 1596 13.3000001907349
1 1597 11.1000003814697
1 1598 15.1000003814697
1 1599 14.1000003814697
1 1600 10.8999996185303
1 1601 14.1999998092651
1 1602 12.3000001907349
1 1603 14.8999996185303
1 1604 11.8000001907349
1 1605 12.6000003814697
1 1606 16.2999992370605
1 1607 10.1000003814697
1 1608 13.1000003814697
1 1609 8.60000038146973
1 1610 10.5
1 1611 10.5
1 1612 9.19999980926514
1 1613 12.6999998092651
1 1614 10.1000003814697
1 1615 11.5
1 1616 14.1999998092651
1 1617 13.3000001907349
1 1618 14.3999996185303
1 1619 12.3000001907349
1 1620 9.89999961853027
1 1621 11.3000001907349
1 1622 12.6999998092651
1 1623 11.8999996185303
1 1624 6.30000019073486
1 1625 10.8000001907349
1 1626 13.3999996185303
1 1627 15.6000003814697
1 1628 13.3000001907349
1 1629 9.89999961853027
1 1630 12.6999998092651
1 1631 5.5
1 1632 14.6999998092651
1 1633 6.19999980926514
1 1634 5.90000009536743
1 1635 13.3999996185303
1 1636 8.30000019073486
1 1637 12.5
1 1638 10.5
1 1639 14.5
1 1640 11.3000001907349
1 1641 10.3999996185303
1 1642 11
1 1643 12.3000001907349
1 1644 8.80000019073486
1 1645 10.8000001907349
1 1646 11.6999998092651
1 1647 12.1999998092651
1 1648 11.1999998092651
1 1649 5.40000009536743
1 1650 10.8000001907349
1 1651 9.69999980926514
1 1652 14.3000001907349
1 1653 11.6000003814697
1 1654 10.8999996185303
1 1655 8.80000019073486
1 1656 13.6999998092651
1 1657 9.89999961853027
1 1658 11.6999998092651
1 1659 12.3000001907349
1 1660 13.5
1 1661 14.1999998092651
1 1662 11
1 1663 11.3999996185303
1 1664 12.1999998092651
1 1665 10.8000001907349
1 1666 6.30000019073486
1 1667 8.39999961853027
1 1668 13.5
1 1669 8.30000019073486
1 1670 8.5
1 1671 11
1 1672 12.6999998092651
1 1673 15.1000003814697
1 1674 11.6000003814697
1 1675 11
1 1676 8.60000038146973
1 1677 14.3000001907349
1 1678 16.7999992370605
1 1679 14.3000001907349
1 1680 17.7000007629395
1 1681 15.1000003814697
1 1682 16.2999992370605
1 1683 13.1000003814697
1 1684 13.3000001907349
1 1685 15.6999998092651
1 1686 9.5
1 1687 14.6000003814697
1 1688 8.89999961853027
1 1689 18.1000003814697
1 1690 10.8000001907349
1 1691 13.6999998092651
1 1692 10.3999996185303
1 1693 12.3000001907349
1 1694 12.8999996185303
1 1695 14.6999998092651
1 1696 13.3999996185303
1 1697 15.3000001907349
1 1698 13.6999998092651
1 1699 14.1000003814697
1 1700 10.6999998092651
1 1701 16.6000003814697
1 1702 11.3999996185303
1 1703 13.3000001907349
1 1704 16.2000007629395
1 1705 14
1 1706 14.5
1 1707 15.1999998092651
1 1708 16.8999996185303
1 1709 13.6000003814697
1 1710 14.8000001907349
1 1711 13.3000001907349
1 1712 15.1000003814697
1 1713 13.8000001907349
1 1714 12.6000003814697
1 1715 11.8000001907349
1 1716 11.8999996185303
1 1717 12.5
1 1718 6.5
1 1719 13.8999996185303
1 1720 12.6000003814697
1 1721 14.1999998092651
1 1722 17.8999996185303
1 1723 15.6000003814697
1 1724 13.3999996185303
1 1725 12
1 1726 11.75
1 1727 12.1000003814697
1 1728 15.5
1 1729 12.5
1 1730 18.3500003814697
1 1731 16.5
1 1732 19.7000007629395
1 1733 19.2000007629395
1 1734 14.4499998092651
1 1735 18.7000007629395
1 1736 11.5
1 1737 14.25
1 1738 14.3000001907349
1 1739 12.3000001907349
1 1740 10
1 1741 9.55000019073486
1 1742 10.3000001907349
1 1743 11.8000001907349
1 1744 13.8999996185303
1 1745 13.6499996185303
1 1746 12.9499998092651
1 1747 15
1 1748 13.6999998092651
1 1749 10.1000003814697
1 1750 10.3000001907349
1 1751 10.3000001907349
1 1752 11.1000003814697
1 1753 10.75
1 1754 10.0500001907349
1 1755 11
1 1756 10.3000001907349
1 1757 13.0500001907349
1 1758 16.3999996185303
1 1759 15.6999998092651
1 1760 14.8000001907349
1 1761 16.3500003814697
1 1762 12.6000003814697
1 1763 17.2999992370605
1 1764 12.3500003814697
1 1765 11.25
1 1766 17.7000007629395
1 1767 18
1 1768 16.7000007629395
1 1769 15.1000003814697
1 1770 11.5500001907349
1 1771 12.3999996185303
1 1772 12.8999996185303
1 1773 14.3999996185303
1 1774 13.0500001907349
1 1775 12.4499998092651
1 1776 12.25
1 1777 10.6499996185303
1 1778 13.8999996185303
1 1779 12.9499998092651
1 1780 10.5
1 1781 16.75
1 1782 16.3500003814697
1 1783 15.6000003814697
1 1784 7.94999980926514
1 1785 12.3500003814697
1 1786 16.6499996185303
1 1787 9.5
1 1788 11.6999998092651
1 1789 17.4500007629395
1 1790 8.44999980926514
1 1791 10
1 1792 15.8500003814697
1 1793 16.1000003814697
1 1794 9.94999980926514
1 1795 8.19999980926514
1 1796 9
1 1797 14.8000001907349
1 1798 16
1 1799 11.0500001907349
1 1800 9.69999980926514
1 1801 6.34999990463257
1 1802 13.25
1 1803 10.6499996185303
1 1804 9.5
1 1805 9.69999980926514
1 1806 9.14999961853027
1 1807 17.2999992370605
1 1808 12.6999998092651
1 1809 13.5
1 1810 9.25
1 1811 13.6999998092651
1 1812 12.75
1 1813 9.69999980926514
1 1814 15.75
1 1815 17.2000007629395
1 1816 11.75
1 1817 11
1 1818 12.5500001907349
1 1819 14.6499996185303
1 1820 12.9499998092651
1 1821 11.1000003814697
1 1822 13.1000003814697
1 1823 10.8999996185303
1 1824 13.8000001907349
1 1825 11
1 1826 13.8000001907349
1 1827 18.6499996185303
1 1828 12.8000001907349
1 1829 16.8999996185303
1 1830 9.5
1 1831 9.89999961853027
1 1832 12.8999996185303
1 1833 11.1000003814697
1 1834 10.8000001907349
1 1835 16.2999992370605
1 1836 14.1499996185303
1 1837 14.0500001907349
1 1838 11.5
1 1839 15.4499998092651
1 1840 13
1 1841 14.8000001907349
1 1842 13.4499998092651
1 1843 13.9499998092651
1 1844 14.1499996185303
1 1845 12.8999996185303
1 1846 15.25
1 1847 15.5
1 1848 8.60000038146973
1 1849 6.40000009536743
1 1850 11.1999998092651
1 1851 14.8000001907349
1 1852 18.2000007629395
1 1853 12.3999996185303
1 1854 12.3999996185303
1 1855 12.8500003814697
1 1856 17.7000007629395
1 1857 14.5
1 1858 16.5499992370605
1 1859 17.7999992370605
1 1860 15.25
1 1861 11.6999998092651
1 1862 16.25
1 1863 9.19999980926514
1 1864 11.1999998092651
1 1865 10.8000001907349
1 1866 9.39999961853027
1 1867 9.39999961853027
1 1868 9.69999980926514
1 1869 6.84999990463257
1 1870 9.64999961853027
1 1871 13.3500003814697
1 1872 13.6999998092651
1 1873 15.8000001907349
1 1874 13.5500001907349
1 1875 11.1999998092651
1 1876 12.1999998092651
1 1877 13.4499998092651
1 1878 13.6999998092651
1 1879 15.5
1 1880 13.5
1 1881 9.80000019073486
1 1882 14.5
1 1883 15.8000001907349
1 1884 12.6999998092651
1 1885 13.0500001907349
1 1886 12.9499998092651
1 1887 16.6499996185303
1 1888 15.25
1 1889 5.40000009536743
1 1890 9.94999980926514
1 1891 9.80000019073486
1 1892 9.80000019073486
1 1893 11.6999998092651
1 1894 12.5500001907349
1 1895 14.8000001907349
1 1896 13.6000003814697
1 1897 14.8000001907349
1 1898 9.30000019073486
1 1899 11.6999998092651
1 1900 11.0500001907349
1 1901 9.60000038146973
1 1902 8.30000019073486
1 1903 12.6000003814697
1 1904 12.6499996185303
1 1905 11.5500001907349
1 1906 8.60000038146973
1 1907 17.0499992370605
1 1908 10.3000001907349
1 1909 8.94999980926514
1 1910 10.9499998092651
1 1911 13.9499998092651
1 1912 13.25
1 1913 11.5
1 1914 10.1999998092651
1 1915 13.3000001907349
1 1916 15.75
1 1917 14.0500001907349
1 1918 12.3000001907349
1 1919 5.75
1 1920 11.1000003814697
1 1921 12.6499996185303
1 1922 13.75
1 1923 13.3500003814697
1 1924 15.8999996185303
1 1925 13.8500003814697
1 1926 12.1000003814697
1 1927 12.3000001907349
1 1928 10.75
1 1929 11.5500001907349
1 1930 13.25
1 1931 10.8000001907349
1 1932 8.30000019073486
1 1933 7.80000019073486
1 1934 10.1999998092651
1 1935 12.0500001907349
1 1936 14.9499998092651
1 1937 12.6499996185303
1 1938 10
1 1939 9.14999961853027
1 1940 11.6999998092651
1 1941 10.5500001907349
1 1942 11.25
1 1943 7.40000009536743
1 1944 11.1499996185303
1 1945 12.8999996185303
1 1946 13.6999998092651
1 1947 9.30000019073486
1 1948 11.1000003814697
1 1949 11.25
1 1950 11.3999996185303
1 1951 12
1 1952 5.90000009536743
1 1953 6.34999990463257
1 1954 12.25
1 1955 11.6000003814697
1 1956 13.8000001907349
1 1957 7.80000019073486
1 1958 10.8999996185303
1 1959 14.1499996185303
1 1960 9.5
1 1961 11.1999998092651
1 1962 11.8999996185303
1 1963 13.3500003814697
1 1964 7.59999990463257
1 1965 8.64999961853027
1 1966 10.4499998092651
1 1967 9.94999980926514
1 1968 16.2000007629395
1 1969 7.30000019073486
1 1970 9.75
1 1971 12.3999996185303
1 1972 13.8999996185303
1 1973 12.0500001907349
1 1974 14.8999996185303
1 1975 10.4499998092651
1 1976 10.5
1 1977 12.25
1 1978 11.1499996185303
1 1979 9.39999961853027
1 1980 10.6499996185303
1 1981 12.8500003814697
1 1982 12.6000003814697
1 1983 8.69999980926514
1 1984 8.19999980926514
1 1985 11.3999996185303
1 1986 11.0500001907349
1 1987 7.05000019073486
1 1988 17.3500003814697
1 1989 9.14999961853027
1 1990 10.8999996185303
1 1991 13.6499996185303
1 1992 7.65000009536743
1 1993 11.3000001907349
1 1994 14.1000003814697
1 1995 10.5
1 1996 11.3500003814697
1 1997 11.5500001907349
1 1998 15.9499998092651
1 1999 13.3999996185303
1 2000 10.9499998092651
1 2001 15.25
1 2002 12.0500001907349
1 2003 12.9499998092651
1 2004 14.75
1 2005 13.3999996185303
1 2006 14.4499998092651
1 2007 13.1499996185303
1 2008 14.6999998092651
1 2009 15.3500003814697
1 2010 12.9499998092651
1 2011 15.6000003814697
1 2012 11.5500001907349
1 2013 18.1499996185303
1 2014 15.3500003814697
1 2015 15.8000001907349
1 2016 12
1 2017 13.1499996185303
1 2018 15.0500001907349
1 2019 13.5
1 2020 13.8999996185303
1 2021 13.6000003814697
1 2022 9.60000038146973
1 2023 12.3000001907349
1 2024 12.25
1 2025 13.6999998092651
1 2026 11.8999996185303
1 2027 16.8999996185303
1 2028 9.05000019073486
1 2029 12.3500003814697
1 2030 9.05000019073486
1 2031 13.5500001907349
1 2032 14.4499998092651
1 2033 14.1999998092651
1 2034 14.6000003814697
1 2035 12.6999998092651
1 2036 17.4500007629395
1 2037 14.8000001907349
1 2038 15.0500001907349
1 2039 15.3000001907349
1 2040 12.6000003814697
1 2041 12.4499998092651
1 2042 14.5500001907349
1 2043 11.9499998092651
1 2044 16.5
1 2045 12.3500003814697
1 2046 9.80000019073486
1 2047 10.8999996185303
1 2048 13.8000001907349
1 2049 17.7000007629395
1 2050 13.8999996185303
1 2051 14.0500001907349
1 2052 10.5500001907349
1 2053 9.85000038146973
1 2054 12.8999996185303
1 2055 13.5500001907349
1 2056 13.0500001907349
1 2057 16.3500003814697
1 2058 13.1000003814697
1 2059 14.8500003814697
1 2060 16.75
1 2061 12.5500001907349
1 2062 13.1999998092651
1 2063 13.5500001907349
1 2064 14.3500003814697
1 2065 10.4499998092651
1 2066 12.6000003814697
1 2067 13.1499996185303
1 2068 15.3500003814697
1 2069 11.5500001907349
1 2070 10
1 2071 10.3000001907349
1 2072 12.1999998092651
1 2073 8.69999980926514
1 2074 13.0500001907349
1 2075 11.1999998092651
1 2076 10
1 2077 17.1499996185303
1 2078 12.8000001907349
1 2079 9.60000038146973
1 2080 14.9499998092651
1 2081 13.3500003814697
1 2082 18.5499992370605
1 2083 12.6499996185303
1 2084 12.8500003814697
1 2085 13.5
1 2086 15.4499998092651
1 2087 10.5500001907349
1 2088 17.2000007629395
1 2089 12.1000003814697
1 2090 6.59999990463257
1 2091 13.1000003814697
1 2092 15.1499996185303
1 2093 11
1 2094 10.25
1 2095 16.0499992370605
1 2096 7.65000009536743
1 2097 16.6499996185303
1 2098 15.25
1 2099 14.1499996185303
1 2100 13.3000001907349
1 2101 12.4499998092651
1 2102 16.2000007629395
1 2103 13.1999998092651
1 2104 9.85000038146973
1 2105 11.0500001907349
1 2106 13.1499996185303
1 2107 17.6000003814697
1 2108 13.5500001907349
1 2109 11.1000003814697
1 2110 16.3999996185303
1 2111 12.1999998092651
1 2112 11.5
1 2113 11.6000003814697
1 2114 9.44999980926514
1 2115 8.25
1 2116 7.25
1 2117 14.8500003814697
1 2118 13.75
1 2119 13.25
1 2120 10.6000003814697
1 2121 12.6499996185303
1 2122 10.3000001907349
1 2123 8.55000019073486
1 2124 15.75
1 2125 15.6499996185303
1 2126 17
1 2127 16.1499996185303
1 2128 13.9499998092651
1 2129 15.0500001907349
1 2130 12.6999998092651
1 2131 10.3000001907349
1 2132 7.80000019073486
1 2133 7.90000009536743
1 2134 14.3000001907349
1 2135 10.1000003814697
1 2136 11.0500001907349
1 2137 12.8999996185303
1 2138 14.1999998092651
1 2139 12.1000003814697
1 2140 14.8500003814697
1 2141 13
1 2142 15.6999998092651
1 2143 11.3500003814697
1 2144 14
1 2145 15.8500003814697
1 2146 10.9499998092651
1 2147 11.6999998092651
1 2148 9.39999961853027
1 2149 13.8500003814697
1 2150 9.75
1 2151 6.69999980926514
1 2152 12.4499998092651
1 2153 10.8999996185303
1 2154 10.4499998092651
1 2155 11.9499998092651
1 2156 15.8500003814697
1 2157 10.5
1 2158 10.8000001907349
1 2159 13.8000001907349
1 2160 15.9499998092651
1 2161 10.4499998092651
1 2162 12.1999998092651
1 2163 14.6999998092651
1 2164 10.4499998092651
1 2165 9.10000038146973
1 2166 13.9499998092651
1 2167 12.3999996185303
1 2168 12.3500003814697
1 2169 8.05000019073486
1 2170 12.6499996185303
1 2171 13.25
1 2172 11.3999996185303
1 2173 13.1499996185303
1 2174 12.4499998092651
1 2175 14
1 2176 11.8500003814697
1 2177 15.9499998092651
1 2178 10.6999998092651
1 2179 12.3500003814697
1 2180 10.9499998092651
1 2181 15.1000003814697
1 2182 11.8999996185303
1 2183 12.1499996185303
1 2184 9.39999961853027
1 2185 8.10000038146973
1 2186 12.75
1 2187 13.8000001907349
1 2188 10.6999998092651
1 2189 13.3500003814697
1 2190 13.6000003814697
1 2191 8.80000019073486
1 2192 11.4499998092651
1 2193 13.1499996185303
1 2194 11.5
1 2195 9.69999980926514
1 2196 11.8500003814697
1 2197 14.3999996185303
1 2198 13.8000001907349
1 2199 13.8000001907349
1 2200 11.1999998092651
1 2201 9
1 2202 8.19999980926514
1 2203 15.6499996185303
1 2204 9.05000019073486
1 2205 12.25
1 2206 14
1 2207 13
1 2208 11.3999996185303
1 2209 11.3000001907349
1 2210 14.0500001907349
1 2211 15.5
1 2212 12
1 2213 15
1 2214 13.0500001907349
1 2215 10.9499998092651
1 2216 11.9499998092651
1 2217 11.5500001907349
1 2218 7.40000009536743
1 2219 10.3500003814697
1 2220 16.3500003814697
1 2221 14.9499998092651
1 2222 12.1999998092651
1 2223 5.25
1 2224 13.8500003814697
1 2225 13.1999998092651
1 2226 8.75
1 2227 10.0500001907349
1 2228 11.6000003814697
1 2229 13.8000001907349
1 2230 13.3500003814697
1 2231 9.44999980926514
1 2232 12.1499996185303
1 2233 13.1499996185303
1 2234 10.6999998092651
1 2235 12.5
1 2236 12.8500003814697
1 2237 14.1499996185303
1 2238 9.14999961853027
1 2239 16.2000007629395
1 2240 15.6999998092651
1 2241 14.5
1 2242 13.1999998092651
1 2243 13.0500001907349
1 2244 15
1 2245 15.1000003814697
1 2246 10.1999998092651
1 2247 13.5500001907349
1 2248 12.25
1 2249 16.6000003814697
1 2250 17.4500007629395
1 2251 17.8500003814697
1 2252 17.0499992370605
1 2253 13.6999998092651
1 2254 15.0500001907349
1 2255 12.4499998092651
1 2256 11.5500001907349
1 2257 10.3500003814697
1 2258 15.6000003814697
1 2259 12.5
1 2260 14.1499996185303
1 2261 8.14999961853027
1 2262 7.55000019073486
1 2263 15.1000003814697
1 2264 15.6499996185303
1 2265 15
1 2266 14.5500001907349
1 2267 13.8000001907349
1 2268 13.1999998092651
1 2269 15.1999998092651
1 2270 13.5500001907349
1 2271 12.0500001907349
1 2272 15.6499996185303
1 2273 7.5
1 2274 6.55000019073486
1 2275 13.4499998092651
1 2276 16.0499992370605
1 2277 13.6000003814697
1 2278 12.3000001907349
1 2279 10.25
1 2280 12.9499998092651
1 2281 12.1000003814697
1 2282 11.6000003814697
1 2283 11.75
1 2284 10.3000001907349
1 2285 7.5
1 2286 12.1499996185303
1 2287 10.25
1 2288 9.05000019073486
1 2289 13.6999998092651
1 2290 13.4499998092651
1 2291 15.6000003814697
1 2292 13.8000001907349
1 2293 12.75
1 2294 15.3500003814697
1 2295 13.25
1 2296 12.75
1 2297 14.3999996185303
1 2298 10.8500003814697
1 2299 16.4500007629395
1 2300 11.75
1 2301 12.6499996185303
1 2302 9.5
1 2303 7.09999990463257
1 2304 7.59999990463257
1 2305 10.3500003814697
1 2306 8.55000019073486
1 2307 15.4499998092651
1 2308 12.9499998092651
1 2309 8.25
1 2310 14.5
1 2311 13.4499998092651
1 2312 7.09999990463257
1 2313 5.84999990463257
1 2314 13.0500001907349
1 2315 7.75
1 2316 12.6000003814697
1 2317 11.1999998092651
1 2318 13.8000001907349
1 2319 14.1999998092651
1 2320 13.1999998092651
1 2321 12.4499998092651
1 2322 18
1 2323 14.3000001907349
1 2324 12.3000001907349
1 2325 9.10000038146973
1 2326 9.5
1 2327 10.1499996185303
1 2328 10.1499996185303
1 2329 11.6000003814697
1 2330 10.8000001907349
1 2331 4.84999990463257
1 2332 10.25
1 2333 9.14999961853027
1 2334 13
1 2335 18.8999996185303
1 2336 9.05000019073486
1 2337 14.3500003814697
1 2338 12.1499996185303
1 2339 13.3999996185303
1 2340 12.3500003814697
1 2341 19.7999992370605
1 2342 12.3999996185303
1 2343 14.5
1 2344 12
1 2345 10.6000003814697
1 2346 14.5500001907349
1 2347 14.6000003814697
1 2348 13.1000003814697
1 2349 13.5
1 2350 12.8500003814697
1 2351 10.5500001907349
1 2352 14.75
1 2353 16.0499992370605
1 2354 13.1999998092651
1 2355 15.3500003814697
1 2356 10.75
1 2357 14.3000001907349
1 2358 7.65000009536743
1 2359 9.89999961853027
1 2360 16.3500003814697
1 2361 14
1 2362 14.6499996185303
1 2363 9.30000019073486
1 2364 13.3999996185303
1 2365 10
1 2366 17.3500003814697
1 2367 16.7000007629395
1 2368 14.6499996185303
1 2369 13.4499998092651
1 2370 9.89999961853027
1 2371 10.6000003814697
1 2372 12.8500003814697
1 2373 12.6499996185303
1 2374 15.0500001907349
1 2375 14.3500003814697
1 2376 14.4499998092651
1 2377 16.3999996185303
1 2378 6.5
1 2379 13.1999998092651
1 2380 11.3000001907349
1 2381 15.3000001907349
1 2382 7.84999990463257
1 2383 7.55000019073486
1 2384 12.8999996185303
1 2385 13.5500001907349
1 2386 12.4499998092651
1 2387 11.5500001907349
1 2388 15.8999996185303
1 2389 15.5
1 2390 10.9499998092651
1 2391 15
1 2392 13.1499996185303
1 2393 13.3500003814697
1 2394 12.5500001907349
1 2395 13.9499998092651
1 2396 10.8999996185303
1 2397 11.0500001907349
1 2398 11.6499996185303
1 2399 13.3000001907349
1 2400 12.5500001907349
1 2401 9.60000038146973
1 2402 11.6999998092651
1 2403 13
1 2404 12.9499998092651
1 2405 13.3000001907349
1 2406 11.0500001907349
1 2407 13.25
1 2408 12.25
1 2409 10.9499998092651
1 2410 12.3000001907349
1 2411 13.1999998092651
1 2412 12.3999996185303
1 2413 11.3999996185303
1 2414 10.25
1 2415 10.1999998092651
1  12.4499998092651
1 2416 12.9499998092651
1 2417 7.19999980926514
1 2418 14.4499998092651
1 2419 9.80000019073486
1 2420 8.94999980926514
1 2421 12.3500003814697
1 2422 14.25
1 2423 11.5500001907349
