1 59 211 129
1 60 211 105
1 61 211 144
1 58 211 125
1 62 331 143
1 63 331 126
1 64 331 124
1 65 331 124
1 66 331 123
1 67 331 124
1 68 331 122
1 50 331 122
1 69 331 123
1 70 331 122
1 71 331 122
1 72 331 121
1 73 331 121
1 74 331 121
1 75 331 122
1 76 331 121
1 77 331 120
1 78 331 121
1 79 331 119
1 80 331 120
1 81 331 119
1 82 331 118
1 83 331 120
1 84 331 118
1 85 331 118
1 86 331 118
1 87 331 118
1 88 331 118
1 89 331 117
1 90 331 116
1 91 331 115
1 92 331 115
1 93 331 116
1 94 331 115
1 95 331 117
1 96 331 115
1 97 331 113
1 98 331 113
1 99 331 111
1 100 331 111
1 101 331 111
1 102 331 95
1 103 331 118
1 104 331 137
1 105 331 125
1 106 331 115
1 107 331 125
1 37 331 120
1 35 331 115
1 108 331 127
1 109 331 112
1 110 331 99
1 111 331 118
1 112 331 113
1 38 331 119
1 113 331 130
1 114 457 140
1 41 457 126
1 115 457 88
1 116 457 134
1 54 457 141
1 117 457 141
1 118 457 135
1 119 457 132
1 120 457 126
1 121 457 136
1 122 211 126
1 49 211 119
1 123 211 126
1 124 211 121
1 125 211 112
1 126 211 119
1 127 211 122
1 128 211 120
1 129 211 125
1 130 211 118
1 131 290 119
1 132 290 117
1 133 290 118
1 134 290 117
1 135 290 115
1 136 290 115
1 55 290 113
1 137 290 113
1 138 290 114
1 139 290 125
1 140 290 112
1 141 290 114
1 142 290 110
1 143 290 108
1 144 290 120
1 145 290 108
1 146 290 107
1 147 290 107
1 148 290 107
1 149 290 100
1 150 290 111
1 151 290 98
1 152 290 115
1 153 290 111
1 154 290 128
1 155 290 92
1 156 290 105
1 53 290 107
1 157 290 111
1 47 290 112
1 158 290 126
1 159 290 116
1 160 290 114
1 161 290 112
1 162 290 115
1 163 290 113
1 164 290 109
1 165 290 108
1 166 290 115
1 167 290 107
1 168 290 112
1 169 290 111
1 170 290 108
1 36 290 121
1 171 290 106
1 172 290 114
1 173 290 109
1 174 290 100
1 175 290 114
1 176 290 104
1 177 290 106
1 178 290 106
1 179 414 135
1 180 414 133
1 181 414 130
1 182 414 131
1 183 414 129
1 184 414 128
1 185 414 128
1 186 414 128
1 187 414 128
1 188 414 129
1 189 414 130
1 190 414 127
1 191 414 127
1 192 414 126
1 193 414 128
1 194 414 130
1 195 414 130
1 196 414 124
1 197 414 124
1 198 414 125
1 199 414 125
1 200 414 122
1 201 414 124
1 202 414 124
1 203 414 121
1 204 414 121
1 205 414 122
1 206 414 122
1 207 414 137
1 208 414 124
1 209 414 123
1 51 414 123
1 45 414 122
1 210 414 126
1 211 414 126
1 212 414 124
1 213 414 129
1 214 414 129
1 215 414 121
1 216 414 121
1 217 414 119
1 218 414 119
1 219 414 120
1 220 414 120
1 43 414 119
1 221 414 122
1 222 414 119
1 223 414 122
1 224 414 118
1 225 414 123
1 226 414 116
1 227 414 117
1 228 414 119
1 229 414 119
1 230 414 118
1 231 414 115
1 232 414 117
1 233 414 117
1 234 414 123
1 57 414 116
1 235 414 116
1 236 414 117
1 237 414 116
1 238 414 117
1 239 414 117
1 240 414 118
1 241 414 115
1 242 414 114
1 243 414 112
1 244 414 115
1 245 414 115
1 246 414 114
1 247 414 112
1 248 414 4
1 249 414 113
1 250 414 111
1 251 414 112
1 252 414 109
1 253 414 17
1 254 414 114
1 255 414 117
1 256 414 116
1 42 414 117
1 257 414 125
1 258 321 128
1 259 321 125
1 260 321 125
1 261 321 124
1 262 321 123
1 263 321 122
1 264 321 120
1 265 321 121
1 266 321 118
1 267 321 118
1 268 321 119
1 269 321 122
1 270 321 117
1 271 321 117
1 272 321 117
1 273 321 117
1 274 321 116
1 275 321 116
1 39 321 117
1 276 321 115
1 277 321 114
1 278 321 115
1 279 321 114
1 280 321 114
1 281 321 113
1 282 321 114
1 283 321 114
1 284 321 113
1 285 321 113
1 286 321 113
1 287 321 111
1 29 321 111
1 288 321 115
1 289 321 110
1 290 321 111
1 291 321 117
1 292 321 111
1 293 321 113
1 294 321 103
1 295 321 103
1 296 321 99
1 297 321 96
1 298 321 99
1 299 321 95
1 300 321 113
1 301 321 118
1 302 321 113
1 303 321 113
1 304 321 120
1 305 321 113
1 306 321 119
1 307 321 99
1 308 321 122
1 309 321 114
1 310 443 129
1 311 443 130
1 312 443 128
1 313 443 124
1 314 443 124
1 315 443 120
1 316 443 123
1 48 443 124
1 317 443 123
1 318 443 123
1 319 443 124
1 320 443 120
1 321 443 120
1 322 443 125
1 323 443 123
1 324 443 119
1 325 443 119
1 326 443 119
1 327 443 119
1 328 443 119
1 22 443 124
1 329 443 122
1 330 443 121
1 331 443 117
1 332 443 123
1 333 443 122
1 334 443 118
1 335 443 118
1 336 443 117
1 337 443 117
1 338 443 116
1 20 443 117
1 339 443 115
1 340 443 117
1 341 443 120
1 342 443 120
1 343 443 119
1 344 443 119
1 345 443 120
1 346 443 115
1 347 443 115
1 348 443 120
1 349 443 119
1 350 443 119
1 351 443 120
1 352 443 118
1 353 443 117
1 354 443 115
1 355 443 119
1 356 443 119
1 357 443 118
1 358 443 125
1 359 443 113
1 360 443 113
1 361 443 119
1 362 443 119
1 363 443 117
1 364 443 111
1 365 443 111
1 366 443 114
1 367 443 111
1 368 443 111
1 369 443 116
1 370 443 110
1 371 443 110
1 372 443 114
1 373 443 114
1 374 443 113
1 375 443 115
1 376 443 113
1 377 443 110
1 378 443 114
1 379 443 107
1 380 443 114
1 381 443 107
1 382 443 115
1 383 443 120
1 384 443 103
1 385 443 116
1 386 443 120
1 387 443 112
1 388 443 115
1 389 435 131
1 390 435 130
1 391 435 133
1 392 435 127
1 393 435 127
1 394 435 127
1 395 435 131
1 396 435 126
1 397 435 132
1 398 435 125
1 399 435 129
1 400 435 124
1 401 435 126
1 402 435 126
1 403 435 129
1 404 435 125
1 405 435 126
1 406 435 125
1 407 435 125
1 408 435 127
1 409 435 123
1 410 435 126
1 411 435 127
1 412 435 117
1 413 435 117
1 414 435 122
1 415 435 127
1 416 435 122
1 417 435 123
1 418 435 122
1 419 435 121
1 420 435 123
1 421 435 122
1 422 435 122
1 423 435 124
1 424 435 122
1 5 435 124
1 425 435 122
1 426 435 123
1 427 435 119
1 428 435 118
1 429 435 119
1 430 435 119
1 431 435 119
1 432 435 121
1 433 435 119
1 434 435 120
1 435 435 120
1 436 435 123
1 437 435 122
1 438 435 124
1 439 435 120
1 440 435 119
1 441 435 117
1 442 435 116
1 443 435 115
1 444 435 114
1 445 435 127
1 446 435 109
1 447 435 108
1 448 435 109
1 449 435 122
1 450 435 121
1 451 435 120
1 452 357 111
1 453 357 140
1 454 357 130
1 455 357 132
1 456 357 129
1 457 357 125
1 458 357 124
1 459 357 124
1 460 357 123
1 461 357 122
1 462 357 121
1 463 357 120
1 464 357 117
1 465 357 122
1 466 357 121
1 467 357 121
1 468 357 120
1 469 357 119
1 470 357 115
1 471 357 114
1 472 357 116
1 473 357 116
1 474 357 117
1 475 357 118
1 476 357 119
1 477 357 116
1 478 357 113
1 479 357 113
1 480 357 113
1 481 357 115
1 482 357 113
1 483 357 113
1 484 357 118
1 40 357 119
1 485 357 113
1 486 357 119
1 487 357 117
1 488 357 117
1 489 357 111
1 31 357 111
1 490 357 111
1 491 357 111
1 492 357 114
1 493 357 110
1 494 357 110
1 495 357 110
1 496 357 110
1 14 357 109
1 497 357 114
1 498 357 112
1 499 357 109
1 28 357 108
1 500 357 113
1 501 357 112
1 502 357 113
1 503 357 108
1 504 357 114
1 505 357 112
1 506 357 112
1 507 357 110
1 508 357 107
1 509 357 107
1 510 575 131
1 511 575 131
1 512 575 131
1 513 575 129
1 514 575 122
1 515 575 121
1 516 575 121
1 517 575 119
1 518 575 120
1 519 575 118
1 52 575 118
1 520 575 120
1 521 575 120
1 522 575 121
1 523 575 120
1 524 575 118
1 525 575 122
1 526 575 119
1 527 575 121
1 528 575 118
1 529 575 116
1 530 575 116
1 531 575 122
1 532 575 117
1 533 575 114
1 534 575 115
1 535 575 115
1 536 575 117
1 537 575 117
1 538 575 115
1 539 575 115
1 540 575 121
1 541 575 115
1 542 575 115
1 543 575 113
1 544 575 114
1 545 575 115
1 546 575 114
1 547 575 113
1 548 575 113
1 549 575 116
1 550 575 112
1 551 575 115
1 552 575 112
1 553 575 117
1 554 575 111
1 555 575 120
1 556 575 112
1 557 575 115
1 558 575 115
1 559 575 114
1 560 575 110
1 561 575 111
1 562 575 111
1 563 575 114
1 564 575 109
1 565 575 110
1 566 575 111
1 567 575 111
1 568 575 117
1 569 575 110
1 570 575 110
1 571 575 109
1 572 575 113
1 573 575 114
1 574 575 112
1 575 575 109
1 576 575 110
1 577 575 110
1 578 575 111
1 579 575 114
1 580 575 111
1 581 575 110
1 582 575 112
1 583 575 109
1 584 575 104
1 585 575 114
1 586 575 112
1 56 575 112
1 587 575 119
1 588 575 104
1 589 575 98
1 590 575 98
1 591 575 98
1 592 575 98
1 593 575 98
1 594 575 100
1 595 575 96
1 596 542 130
1 597 542 128
1 598 542 123
1 599 542 122
1 25 542 128
1 600 542 123
1 601 542 124
1 602 542 123
1 17 542 118
1 603 542 121
1 604 542 116
1 605 542 116
1 606 542 120
1 607 542 120
1 608 542 121
1 609 542 121
1 610 542 121
1 611 542 117
1 612 542 119
1 613 542 115
1 614 542 119
1 615 542 115
1 616 542 115
1 617 542 119
1 618 542 114
1 619 542 120
1 620 542 119
1 621 542 113
1 622 542 118
1 623 542 113
1 624 542 115
1 625 542 119
1 626 542 116
1 627 542 113
1 628 542 113
1 629 542 112
1 630 542 113
1 631 542 114
1 632 542 116
1 633 542 116
1 634 542 111
1 635 542 111
1 636 542 112
1 637 542 111
1 638 542 117
1 639 542 116
1 640 542 113
1 641 542 111
1 642 542 116
1 643 542 116
1 644 542 110
1 645 542 110
1 646 542 110
1 647 542 110
1 648 542 110
1 649 542 110
1 650 542 114
1 651 542 116
1 652 542 115
1 653 542 108
1 654 542 109
1 655 542 113
1 656 542 114
1 657 542 109
1 658 542 108
1 659 542 108
1 660 542 115
1 661 542 107
1 662 542 115
1 663 542 110
1 664 542 106
1 665 542 109
1 666 542 113
1 667 542 104
1 668 542 104
1 669 542 107
1 670 542 109
1 671 542 109
1 672 542 110
1 673 542 106
1 674 542 103
1 675 542 96
1 676 542 96
1 677 542 107
1 678 542 109
1 679 542 111
1 680 542 107
1 681 542 107
1 682 542 106
1 683 542 107
1 684 542 105
1 685 591 119
1 686 591 130
1 687 591 126
1 688 591 120
1 689 591 121
1 690 591 128
1 691 591 122
1 692 591 118
1 693 591 119
1 694 591 119
1 695 591 118
1 696 591 119
1 697 591 122
1 698 591 125
1 699 591 117
1 700 591 120
1 701 591 117
1 702 591 117
1 703 591 117
1 704 591 117
1 705 591 121
1 706 591 119
1 707 591 116
1 708 591 116
1 709 591 118
1 710 591 118
1 711 591 122
1 712 591 122
1 713 591 120
1 714 591 120
1 715 591 120
1 716 591 119
1 717 591 119
1 718 591 117
1 719 591 121
1 720 591 116
1 721 591 116
1 722 591 115
1 723 591 116
1 724 591 116
1 725 591 115
1 726 591 115
1 727 591 116
1 728 591 116
1 729 591 115
1 730 591 116
1 731 591 116
1 732 591 119
1 733 591 114
1 734 591 119
1 735 591 115
1 736 591 114
1 737 591 112
1 738 591 114
1 739 591 113
1 740 591 119
1 741 591 115
1 742 591 115
1 743 591 116
1 744 591 116
1 745 591 116
1 746 591 114
1 747 591 110
1 748 591 113
1 749 591 110
1 750 591 111
1 751 591 114
1 752 591 114
1 753 591 112
1 754 591 110
1 755 591 109
1 756 591 114
1 757 591 113
1 758 591 113
1 759 591 112
1 760 591 112
1 761 591 111
1 762 591 118
1 763 591 112
1 764 591 110
1 765 591 111
1 766 591 112
1 767 591 108
1 768 591 109
1 769 591 106
1 770 591 108
1 771 591 110
1 772 591 107
1 773 591 105
1 34 591 108
1 774 591 104
1 775 591 108
1 776 591 108
1 777 591 110
1 778 591 103
1 779 591 106
1 780 591 112
1 781 591 101
1 782 325 126
1 783 325 123
1 784 325 129
1 785 325 119
1 786 325 124
1 787 325 114
1 27 325 126
1 788 325 121
1 24 325 116
1 789 325 123
1 790 325 116
1 791 325 122
1 792 325 114
1 793 325 121
1 794 325 115
1 795 325 112
1 19 325 112
1 796 325 113
1 797 325 123
1 798 325 110
1 799 325 119
1 800 325 122
1 801 325 119
1 802 325 110
1 803 325 111
1 16 325 115
1 804 325 118
1 805 325 109
1 806 325 117
1 807 325 110
1 808 325 112
1 809 325 112
1 810 325 108
1 811 325 108
1 812 325 108
1 813 325 109
1 814 325 112
1 815 325 112
1 816 325 116
1 817 325 115
1 818 325 111
1 819 325 110
1 820 325 110
1 821 325 112
1 822 325 110
1 823 325 108
1 824 325 116
1 825 325 115
1 826 325 107
1 827 325 117
1 13 325 117
1 828 325 112
1 829 325 112
1 830 325 108
1 831 325 122
1 832 325 118
1 833 325 111
1 834 325 104
1 835 325 109
1 836 325 104
1 837 325 111
1 838 325 107
1 10 325 115
1 839 325 118
1 840 325 109
1 841 325 111
1 842 325 102
1 843 325 105
1 844 325 103
1 845 325 108
1 846 325 99
1 847 325 102
1 4 325 99
1 848 325 102
1 849 325 102
1 850 461 131
1 851 461 131
1 852 461 129
1 853 461 127
1 854 461 123
1 855 461 123
1 856 461 118
1 857 461 116
1 858 461 117
1 859 461 122
1 860 461 116
1 861 461 116
1 862 461 115
1 863 461 116
1 864 461 113
1 865 461 113
1 866 461 113
1 867 461 113
1 868 461 112
1 869 461 117
1 870 461 112
1 9 461 112
1 871 461 113
1 872 461 117
1 873 461 112
1 3 461 112
1 874 461 119
1 875 461 118
1 876 461 112
1 877 461 116
1 878 461 110
1 879 461 112
1 880 461 111
1 881 461 108
1 882 461 119
1 883 461 108
1 2 461 108
1 884 461 120
1 885 461 116
1 886 461 110
1 887 461 108
1 888 461 107
1 889 461 107
1 890 461 116
1 891 461 106
1 892 461 106
1 893 461 109
1 894 461 109
1 895 461 105
1 896 461 106
1 897 461 118
1 898 461 107
1 899 335 142
1 900 335 133
1 901 335 132
1 902 335 127
1 903 335 128
1 904 335 128
1 905 335 125
1 906 335 124
1 907 335 119
1 908 335 125
1 909 335 122
1 1 335 118
1 910 335 121
1 911 335 122
1 912 335 121
1 913 335 121
1 914 335 121
1 915 335 116
1 33 335 120
1 30 335 122
1 916 335 121
1 917 335 117
1 918 335 117
1 919 335 124
1 920 335 124
1 921 335 116
1 922 335 122
1 923 335 122
1 924 335 118
1 925 335 115
1 926 335 116
1 927 335 115
1 928 335 124
1 929 335 119
1 930 335 122
1 931 335 115
1 932 335 113
1 933 335 121
1 934 335 120
1 935 335 117
1 26 335 113
1 936 335 112
1 937 335 112
1 938 335 112
1 939 335 120
1 940 335 119
1 941 335 119
1 942 335 116
1 943 335 119
1 944 335 112
1 945 335 111
1 946 335 111
1 947 494 130
1 948 494 131
1 949 494 124
1 950 494 124
1 951 494 128
1 952 494 125
1 953 494 122
1 954 494 122
1 955 494 122
1 956 494 126
1 957 494 120
1 958 494 120
1 18 494 120
1 959 494 120
1 960 494 120
1 961 494 122
1 962 494 122
1 963 494 121
1 964 494 124
1 965 494 118
1 966 494 122
1 967 494 120
1 968 494 120
1 969 494 119
1 970 494 115
1 971 494 116
1 972 494 115
1 973 494 122
1 974 494 116
1 975 494 115
1 976 494 121
1 977 494 113
1 978 494 116
1 979 494 116
1 12 494 118
1 980 494 113
1 981 494 117
1 982 494 118
1 983 494 118
1 984 494 120
1 985 494 121
1 986 494 118
1 987 494 111
1 988 494 113
1 989 494 110
1 990 494 110
1 991 494 112
1 992 494 109
1 993 494 110
1 994 494 109
1 995 494 111
1 996 494 112
1 997 494 111
1 998 494 109
1 999 494 108
1 1000 494 111
1 46 494 109
1 1001 494 108
1 1002 494 108
1 1003 494 106
1 1004 494 106
1 1005 494 107
1 1006 494 107
1 1007 494 107
1 1008 494 105
1 1009 494 105
1 1010 494 109
1 1011 494 109
1 1012 494 110
1 1013 494 103
1 1014 494 104
1 1015 494 116
1 1016 494 118
1 1017 494 113
1 8 494 113
1 1018 494 115
1 1019 494 107
1 1020 494 118
1 1021 494 103
1 1022 494 103
1 1023 494 100
1 1024 494 105
1 1025 494 121
1 1026 494 100
1 32 671 135
1 1027 671 127
1 1028 671 127
1 1029 671 128
1 1030 671 126
1 1031 671 133
1 1032 671 124
1 1033 671 124
1 1034 671 131
1 1035 671 122
1 1036 671 128
1 1037 671 122
1 1038 671 121
1 1039 671 120
1 1040 671 121
1 1041 671 127
1 1042 671 127
1 1043 671 122
1 1044 671 127
1 1045 671 120
1 1046 671 118
1 1047 671 118
1 1048 671 118
1 1049 671 119
1 1050 671 124
1 1051 671 118
1 1052 671 116
1 1053 671 116
1 1054 671 116
1 1055 671 116
1 1056 671 117
1 1057 671 119
1 1058 671 119
1 1059 671 117
1 1060 671 117
1 1061 671 122
1 1062 671 117
1 1063 671 117
1 1064 671 117
1 1065 671 123
1 1066 671 118
1 1067 671 122
1 1068 671 122
1 1069 671 119
1 1070 671 114
1 1071 671 114
1 1072 671 114
1 1073 671 115
1 1074 671 113
1 1075 671 117
1 1076 671 114
1 1077 671 115
1 1078 671 115
1 1079 671 114
1 1080 671 117
1 1081 671 122
1 1082 671 114
1 1083 671 113
1 1084 671 113
1 1085 671 116
1 1086 671 111
1 1087 671 112
1 1088 671 114
1 1089 671 110
1 1090 671 118
1 1091 671 127
1 1092 671 113
1 1093 671 113
1 1094 671 113
1 1095 671 114
1 1096 671 110
1 1097 671 114
1 1098 671 108
1 1099 671 110
1 1100 671 115
1 1101 671 120
1 1102 671 110
1 1103 671 108
1 1104 671 110
1 1105 671 108
1 1106 671 111
1 1107 671 106
1 1108 671 106
1 1109 671 104
1 1110 671 113
1 1111 671 125
1 1112 671 114
1 1113 671 100
1 1114 671 127
1 1115 671 128
1 1116 671 117
1 1117 405 146
1 1118 405 131
1 1119 405 131
1 1120 405 129
1 1121 405 128
1 11 405 126
1 1122 405 127
1 7 405 119
1 1123 405 117
1 1124 405 117
1 1125 405 115
1 1126 405 115
1 1127 405 123
1 1128 405 117
1 1129 405 115
1 1130 405 115
1 1131 405 114
1 1132 405 117
1 1133 405 115
1 1134 405 114
1 1135 405 112
1 1136 405 113
1 1137 405 112
1 1138 405 113
1 1139 405 113
1 1140 405 123
1 1141 405 117
1 1142 405 111
1 1143 405 112
1 1144 405 111
1 1145 405 114
1 44 405 110
1 1146 405 111
1 1147 405 110
1 1148 405 110
1 1149 405 110
1 1150 405 111
1 1151 405 109
1 1152 405 113
1 1153 405 109
1 1154 405 106
1 1155 405 109
1 1156 405 104
1 1157 405 106
1 1158 405 103
1 1159 405 125
1 1160 405 104
1 1161 467 122
1 1162 467 119
1 1163 467 116
1 1164 467 116
1 1165 467 123
1 1166 467 117
1 1167 467 116
1 1168 467 116
1 1169 467 116
1 1170 467 121
1 1171 467 121
1 1172 467 114
1 1173 467 112
1 1174 467 118
1 1175 467 114
1 23 467 118
1 1176 467 110
1 1177 467 109
1 1178 467 110
1 1179 467 110
1 1180 467 109
1 1181 467 112
1 1182 467 118
1 1183 467 120
1 1184 467 120
1 1185 467 108
1 1186 467 115
1 1187 467 108
1 1188 467 108
1 1189 467 110
1 1190 467 114
1 1191 467 107
1 1192 467 107
1 1193 467 107
1 1194 467 108
1 1195 467 106
1 1196 467 112
1 21 467 109
1 1197 467 114
1 1198 467 118
1 1199 467 106
1 1200 467 105
1 1201 467 104
1 1202 467 113
1 1203 467 113
1 1204 467 111
1 1205 467 103
1 1206 467 103
1 1207 467 105
1 1208 467 102
1 1209 467 109
1 1210 467 101
1 1211 467 109
1 1212 467 121
1 1213 467 108
1 1214 467 99
1 1215 467 99
1 1216 467 96
1 1217 447 130
1 1218 447 127
1 1219 447 122
1 1220 447 138
1 1221 447 119
1 1222 447 118
1 1223 447 117
1 1224 447 123
1 1225 447 121
1 1226 447 120
1 1227 447 116
1 1228 447 120
1 1229 447 115
1 1230 447 120
1 1231 447 118
1 1232 447 123
1 1233 447 121
1 1234 447 121
1 1235 447 114
1 1236 447 120
1 1237 447 114
1 1238 447 113
1 1239 447 121
1 1240 447 114
1 1241 447 121
1 1242 447 121
1 1243 447 113
1 1244 447 113
1 1245 447 113
1 1246 447 113
1 1247 447 119
1 1248 447 117
1 1249 447 116
1 1250 447 111
1 1251 447 113
1 1252 447 111
1 1253 447 112
1 1254 447 110
1 1255 447 112
1 1256 447 111
1 1257 447 112
1 1258 447 116
1 1259 447 109
1 1260 447 110
1 1261 447 115
1 1262 447 110
1 1263 447 110
1 1264 447 110
1 1265 447 120
1 1266 447 109
1 1267 447 109
1 1268 447 118
1 1269 447 115
1 1270 447 110
1 1271 447 117
1 1272 447 115
1 1273 447 111
1 1274 447 109
1 1275 447 108
1 1276 447 110
1 1277 447 116
1 15 447 113
1 1278 447 112
1 1279 447 110
1 1280 447 108
1 1281 447 111
1 1282 447 109
1 1283 447 117
1 1284 447 113
1 1285 447 115
1 1286 447 117
1 1287 447 112
1 1288 447 108
1 1289 447 108
1 1290 447 111
1 1291 447 116
1 1292 447 109
1 1293 447 106
1 1294 447 108
1 1295 447 112
1 1296 447 114
1 1297 447 113
1 1298 447 113
1 1299 447 112
1 1300 447 117
1 1301 447 104
1 1302 447 105
1 1303 447 108
1 1304 447 106
1 1305 447 105
1 1306 447 103
1 1307 447 103
1 1308 447 104
1 1309 447 104
1 1310 447 110
1 1311 447 108
1 1312 447 105
1 1313 447 97
1 1314 447 97
1 1315 567 125
1 1316 567 125
1 1317 567 122
1 1318 567 121
1 1319 567 119
1 1320 567 131
1 1321 567 116
1 1322 567 124
1 1323 567 116
1 1324 567 122
1 1325 567 120
1 1326 567 115
1 1327 567 121
1 1328 567 114
1 1329 567 116
1 1330 567 121
1 1331 567 123
1 1332 567 123
1 1333 567 121
1 1334 567 114
1 1335 567 117
1 1336 567 114
1 1337 567 114
1 1338 567 124
1 1339 567 113
1 1340 567 122
1 1341 567 112
1 1342 567 120
1 1343 567 114
1 1344 567 120
1 1345 567 120
1 1346 567 122
1 1347 567 112
1 1348 567 112
1 1349 567 120
1 1350 567 119
1 1351 567 119
1 1352 567 118
1 1353 567 112
1 1354 567 112
1 1355 567 112
1 1356 567 112
1 1357 567 111
1 1358 567 111
1 1359 567 120
1 1360 567 120
1 1361 567 111
1 1362 567 122
1 1363 567 119
1 1364 567 111
1 1365 567 118
1 1366 567 113
1 6 567 111
1 1367 567 111
1 1368 567 110
1 1369 567 110
1 1370 567 116
1 1371 567 109
1 1372 567 112
1 1373 567 112
1 1374 567 117
1 1375 567 111
1 1376 567 110
1 1377 567 110
1 1378 567 108
1 1379 567 111
1 1380 567 107
1 1381 567 107
1 1382 567 107
1 1383 567 118
1 1384 567 108
1 1385 567 119
1 1386 567 118
1 1387 567 107
1 1388 567 110
1 1389 567 107
1 1390 567 111
1 1391 567 110
1 1392 567 119
1 1393 567 108
1 1394 567 106
1 1395 567 106
1 1396 567 104
1 1397 567 106
1 1398 567 109
1 1399 567 102
1 1400 567 103
1 1401 567 119
1 1402 567 107
1 1403 567 119
1 1404 567 105
1 1405 567 100
1 1406 567 101
1 1407 617 140
1 1408 617 134
1 1409 617 133
1 1410 617 135
1 1411 617 127
1 1412 617 127
1 1413 617 127
1 1414 617 127
1 1415 617 128
1 1416 617 130
1 1417 617 124
1 1418 617 130
1 1419 617 132
1 1420 617 124
1 1421 617 123
1 1422 617 127
1 1423 617 129
1 1424 617 129
1 1425 617 129
1 1426 617 123
1 1427 617 123
1 1428 617 122
1 1429 617 124
1 1430 617 124
1 1431 617 123
1 1432 617 116
1 1433 617 121
1 1434 617 120
1 1435 617 120
1 1436 617 118
1 1437 617 117
1 1438 617 117
1 1439 617 127
1 1440 617 117
1 1441 617 116
1 1442 617 116
1 1443 617 121
1 1444 617 116
1 1445 617 123
1 1446 617 115
1 1447 617 115
1 1448 617 117
1 1449 617 117
1 1450 617 125
1 1451 617 115
1 1452 617 120
1 1453 617 115
1 1454 617 117
1 1455 617 123
1 1456 617 132
1 1457 617 120
1 1458 617 121
1 1459 617 125
1 1460 617 129
1 1461 617 126
1 1462 617 123
1 1463 617 120
1 1464 617 121
1 1465 617 127
1 1466 617 128
1 1467 617 127
1 1468 617 123
1 1469 617 129
1 1470 617 129
1 1471 617 118
1 1472 617 121
1 1473 617 121
1 1474 617 124
1 1475 617 118
1 1476 617 119
1 1477 617 119
1 1478 617 125
1 1479 617 121
1 1480 617 118
1 1481 617 118
1 1482 617 120
1 1483 617 124
1 1484 617 125
1 1485 617 126
1 1486 617 113
1 1487 617 112
1 1488 617 112
1 1489 617 111
1 1490 617 114
1 1491 617 114
1 1492 617 121
1 1493 617 124
1 1494 617 112
1 1495 617 110
1 1496 617 110
1 1497 617 101
1 1498 617 128
1 1499 617 122
1 1500 672 137
1 1501 672 124
1 1502 672 131
1 1503 672 122
1 1504 672 123
1 1505 672 123
1 1506 672 123
1 1507 672 131
1 1508 672 124
1 1509 672 129
1 1510 672 120
1 1511 672 119
1 1512 672 119
1 1513 672 127
1 1514 672 118
1 1515 672 127
1 1516 672 127
1 1517 672 118
1 1518 672 117
1 1519 672 117
1 1520 672 127
1 1521 672 116
1 1522 672 123
1 1523 672 117
1 1524 672 115
1 1525 672 125
1 1526 672 117
1 1527 672 118
1 1528 672 118
1 1529 672 123
1 1530 672 114
1 1531 672 117
1 1532 672 114
1 1533 672 116
1 1534 672 114
1 1535 672 117
1 1536 672 116
1 1537 672 114
1 1538 672 114
1 1539 672 114
1 1540 672 113
1 1541 672 114
1 1542 672 115
1 1543 672 125
1 1544 672 116
1 1545 672 113
1 1546 672 115
1 1547 672 117
1 1548 672 122
1 1549 672 114
1 1550 672 113
1 1551 672 123
1 1552 672 114
1 1553 672 116
1 1554 672 121
1 1555 672 120
1 1556 672 120
1 1557 672 114
1 1558 672 120
1 1559 672 120
1 1560 672 111
1 1561 672 109
1 1562 672 111
1 1563 672 111
1 1564 672 110
1 1565 672 129
1 1566 672 111
1 1567 672 117
1 1568 672 118
1 1569 672 112
1 1570 672 111
1 1571 672 111
1 1572 672 120
1 1573 672 117
1 1574 672 123
1 1575 672 109
1 1576 672 109
1 1577 672 112
1 1578 672 120
1 1579 672 108
1 1580 672 108
1 1581 672 108
1 1582 672 108
1 1583 672 109
1 1584 672 114
1 1585 672 116
1 1586 672 108
1 1587 672 109
1 1588 672 124
1 1589 672 116
1 1590 672 123
1 1591 672 108
1 1592 672 107
1 1593 672 117
1 1594 672 118
1 1595 672 105
1 1596 672 104
1 1597 649 122
1 1598 649 120
1 1599 649 123
1 1600 649 123
1 1601 649 118
1 1602 649 116
1 1603 649 117
1 1604 649 116
1 1605 649 121
1 1606 649 115
1 1607 649 116
1 1608 649 115
1 1609 649 119
1 1610 649 115
1 1611 649 117
1 1612 649 120
1 1613 649 119
1 1614 649 116
1 1615 649 120
1 1616 649 117
1 1617 649 113
1 1618 649 115
1 1619 649 112
1 1620 649 114
1 1621 649 114
1 1622 649 113
1 1623 649 117
1 1624 649 119
1 1625 649 117
1 1626 649 118
1 1627 649 114
1 1628 649 112
1 1629 649 112
1 1630 649 112
1 1631 649 117
1 1632 649 112
1 1633 649 113
1 1634 649 113
1 1635 649 111
1 1636 649 112
1 1637 649 111
1 1638 649 111
1 1639 649 110
1 1640 649 110
1 1641 649 111
1 1642 649 116
1 1643 649 112
1 1644 649 110
1 1645 649 110
1 1646 649 119
1 1647 649 109
1 1648 649 109
1 1649 649 110
1 1650 649 110
1 1651 649 109
1 1652 649 113
1 1653 649 116
1 1654 649 112
1 1655 649 109
1 1656 649 109
1 1657 649 110
1 1658 649 111
1 1659 649 113
1 1660 649 108
1 1661 649 108
1 1662 649 109
1 1663 649 108
1 1664 649 110
1 1665 649 114
1 1666 649 114
1 1667 649 114
1 1668 649 108
1 1669 649 106
1 1670 649 109
1 1671 649 109
1 1672 649 118
1 1673 649 119
1 1674 649 103
1 1675 649 109
1 1676 649 115
1 1677 362 127
1 1678 362 123
1 1679 362 121
1 1680 362 120
1 1681 362 121
1 1682 362 121
1 1683 362 116
1 1684 362 118
1 1685 362 119
1 1686 362 117
1 1687 362 117
1 1688 362 118
1 1689 362 126
1 1690 362 117
1 1691 362 115
1 1692 362 116
1 1693 362 114
1 1694 362 114
1 1695 362 123
1 1696 362 117
1 1697 362 122
1 1698 362 114
1 1699 362 113
1 1700 362 116
1 1701 362 113
1 1702 362 112
1 1703 362 113
1 1704 362 113
1 1705 362 116
1 1706 362 109
1 1707 362 111
1 1708 362 110
1 1709 362 110
1 1710 362 120
1 1711 362 114
1 1712 362 120
1 1713 362 111
1 1714 362 109
1 1715 362 111
1 1716 362 112
1 1717 362 116
1 1718 362 113
1 1719 362 106
1 1720 362 105
1 1721 362 107
1 1722 545 136
1 1723 545 133
1 1724 545 123
1 1725 545 123
1 1726 545 124
1 1727 545 124
1 1728 545 121
1 1729 545 119
1 1730 545 118
1 1731 545 125
1 1732 545 120
1 1733 545 127
1 1734 545 118
1 1735 545 120
1 1736 545 121
1 1737 545 121
1 1738 545 116
1 1739 545 120
1 1740 545 119
1 1741 545 117
1 1742 545 117
1 1743 545 120
1 1744 545 116
1 1745 545 125
1 1746 545 125
1 1747 545 116
1 1748 545 118
1 1749 545 116
1 1750 545 116
1 1751 545 116
1 1752 545 116
1 1753 545 116
1 1754 545 117
1 1755 545 117
1 1756 545 116
1 1757 545 114
1 1758 545 115
1 1759 545 118
1 1760 545 120
1 1761 545 118
1 1762 545 127
1 1763 545 124
1 1764 545 114
1 1765 545 114
1 1766 545 117
1 1767 545 124
1 1768 545 117
1 1769 545 115
1 1770 545 115
1 1771 545 115
1 1772 545 115
1 1773 545 116
1 1774 545 113
1 1775 545 113
1 1776 545 115
1 1777 545 112
1 1778 545 118
1 1779 545 121
1 1780 545 118
1 1781 545 119
1 1782 545 120
1 1783 545 120
1 1784 545 118
1 1785 545 114
1 1786 545 113
1 1787 545 114
1 1788 545 114
1 1789 545 120
1 1790 545 123
1 1791 545 123
1 1792 545 113
1 1793 545 109
1 1794 545 109
1 1795 545 121
1 1796 545 122
1 1797 545 112
1 1798 545 112
1 1799 545 110
1 1800 545 110
1 1801 545 113
1 1802 545 108
1 1803 545 107
1 1804 545 107
1 1805 545 110
1 1806 545 110
1 1807 545 117
1 1808 545 105
1 1809 545 108
1 1810 545 119
1 1811 545 101
1 1812 545 104
1 1813 545 105
1 1814 545 105
1 1815 482 124
1 1816 482 127
1 1817 482 117
1 1818 482 121
1 1819 482 127
1 1820 482 119
1 1821 482 121
1 1822 482 117
1 1823 482 118
1 1824 482 124
1 1825 482 114
1 1826 482 113
1 1827 482 122
1 1828 482 122
1 1829 482 122
1 1830 482 116
1 1831 482 116
1 1832 482 118
1 1833 482 111
1 1834 482 110
1 1835 482 121
1 1836 482 117
1 1837 482 112
1 1838 482 109
1 1839 482 113
1 1840 482 120
1 1841 482 120
1 1842 482 120
1 1843 482 110
1 1844 482 113
1 1845 482 110
1 1846 482 120
1 1847 482 119
1 1848 482 115
1 1849 482 115
1 1850 482 116
1 1851 482 108
1 1852 482 111
1 1853 482 111
1 1854 482 107
1 1855 482 118
1 1856 482 108
1 1857 482 111
1 1858 482 120
1 1859 482 107
1 1860 482 112
1 1861 482 117
1 1862 482 115
1 1863 482 121
1 1864 482 110
1 1865 482 107
1 1866 482 108
1 1867 482 108
1 1868 482 112
1 1869 482 112
1 1870 482 111
1 1871 482 118
1 1872 482 114
1 1873 482 116
1 1874 482 111
1 1875 482 107
1 1876 482 107
1 1877 482 109
1 1878 482 108
1 1879 482 105
1 1880 482 105
1 1881 482 111
1 1882 482 108
1 1883 482 111
1 1884 482 119
1 1885 482 109
1 1886 482 107
1 1887 482 113
1 1888 482 105
1 1889 482 112
1 1890 482 113
1 1891 482 105
1 1892 482 109
1 1893 482 102
1 1894 482 105
1 1895 482 111
1 1896 482 120
1 1897 482 100
1 1898 482 103
1 1899 482 98
1 1900 482 106
1 1901 482 96
1 1902 482 96
1 1903 513 134
1 1904 513 127
1 1905 513 118
1 1906 513 117
1 1907 513 112
1 1908 513 99
1 1909 513 99
1 1910 513 119
1 1911 513 113
1 1912 513 109
1 1913 513 119
1 1914 513 120
1 1915 513 120
1 1916 513 102
1 1917 513 108
1 1918 513 108
1 1919 513 114
1 1920 513 111
1 1921 513 108
1 1922 513 107
1 1923 513 107
1 1924 513 116
1 1925 513 109
1 1926 513 105
1 1927 513 105
1 1928 513 105
1 1929 513 106
1 1930 513 115
1 1931 513 105
1 1932 513 106
1 1933 513 106
1 1934 513 106
1 1935 513 114
1 1936 513 104
1 1937 513 104
1 1938 513 115
1 1939 513 115
1 1940 513 106
1 1941 513 103
1 1942 513 111
1 1943 513 111
1 1944 513 113
1 1945 513 114
1 1946 513 102
1 1947 513 103
1 1948 513 102
1 1949 513 105
1 1950 513 111
1 1951 513 118
1 1952 513 106
1 1953 513 106
1 1954 513 101
1 1955 513 113
1 1956 513 101
1 1957 513 105
1 1958 513 103
1 1959 513 104
1 1960 513 103
1 1961 513 100
1 1962 513 101
1 1963 513 101
1 1964 513 103
1 1965 513 105
1 1966 513 100
1 1967 513 101
1 1968 513 101
1 1969 513 100
1 1970 513 100
1 1971 513 110
1 1972 513 108
1 1973 513 110
1 1974 513 99
1 1975 513 109
1 1976 513 103
1 1977 513 102
1 1978 513 99
1 1979 513 104
1 1980 513 101
1 1981 513 109
1 1982 513 115
1 1983 513 99
1 1984 513 99
1 1985 513 100
1 1986 513 97
1 1987 513 108
1 1988 513 101
1 1989 513 100
1 1990 513 101
1 1991 513 108
1 1992 513 111
1 1993 513 97
1 1994 513 100
1 1995 513 100
1 1996 513 104
1 1997 513 95
1 1998 444 123
1 1999 444 119
1 2000 444 117
1 2001 444 111
1 2002 444 124
1 2003 444 115
1 2004 444 117
1 2005 444 115
1 2006 444 115
1 2007 444 120
1 2008 444 123
1 2009 444 113
1 2010 444 113
1 2011 444 113
1 2012 444 113
1 2013 444 119
1 2014 444 114
1 2015 444 113
1 2016 444 112
1 2017 444 112
1 2018 444 115
1 2019 444 112
1 2020 444 121
1 2021 444 111
1 2022 444 112
1 2023 444 112
1 2024 444 112
1 2025 444 116
1 2026 444 110
1 2027 444 115
1 2028 444 113
1 2029 444 112
1 2030 444 119
1 2031 444 116
1 2032 444 121
1 2033 444 117
1 2034 444 116
1 2035 444 110
1 2036 444 113
1 2037 444 117
1 2038 444 118
1 2039 444 111
1 2040 444 109
1 2041 444 112
1 2042 444 108
1 2043 444 114
1 2044 444 108
1 2045 444 114
1 2046 444 109
1 2047 444 109
1 2048 444 106
1 2049 444 115
1 2050 444 113
1 2051 444 114
1 2052 444 109
1 2053 444 109
1 2054 444 121
1 2055 444 113
1 2056 444 114
1 2057 444 112
1 2058 444 112
1 2059 444 108
1 2060 444 108
1 2061 444 105
1 2062 444 105
1 2063 444 105
1 2064 444 110
1 2065 444 110
1 2066 444 104
1 2067 444 102
1 2068 444 109
1 2069 444 102
1 2070 444 104
1 2071 444 98
1 2072 444 103
1 2073 444 100
1 2074 444 101
1 2075 444 100
1 2076 444 99
1 2077 528 126
1 2078 528 132
1 2079 528 126
1 2080 528 130
1 2081 528 127
1 2082 528 127
1 2083 528 126
1 2084 528 120
1 2085 528 117
1 2086 528 115
1 2087 528 120
1 2088 528 127
1 2089 528 126
1 2090 528 124
1 2091 528 115
1 2092 528 114
1 2093 528 115
1 2094 528 118
1 2095 528 128
1 2096 528 122
1 2097 528 114
1 2098 528 114
1 2099 528 115
1 2100 528 123
1 2101 528 124
1 2102 528 124
1 2103 528 115
1 2104 528 115
1 2105 528 115
1 2106 528 113
1 2107 528 114
1 2108 528 113
1 2109 528 125
1 2110 528 123
1 2111 528 121
1 2112 528 116
1 2113 528 116
1 2114 528 115
1 2115 528 113
1 2116 528 113
1 2117 528 113
1 2118 528 119
1 2119 528 124
1 2120 528 124
1 2121 528 114
1 2122 528 115
1 2123 528 115
1 2124 528 120
1 2125 528 122
1 2126 528 115
1 2127 528 110
1 2128 528 119
1 2129 528 120
1 2130 528 117
1 2131 528 113
1 2132 528 112
1 2133 528 112
1 2134 528 119
1 2135 528 111
1 2136 528 109
1 2137 528 112
1 2138 528 116
1 2139 528 111
1 2140 528 108
1 2141 528 109
1 2142 528 108
1 2143 528 108
1 2144 528 107
1 2145 528 108
1 2146 528 118
1 2147 528 107
1 2148 528 109
1 2149 528 118
1 2150 528 116
1 2151 528 116
1 2152 528 106
1 2153 528 107
1 2154 528 110
1 2155 528 109
1 2156 528 113
1 2157 528 120
1 2158 528 113
1 2159 528 115
1 2160 528 106
1 2161 528 111
1 2162 528 108
1 2163 528 115
1 2164 528 110
1 2165 528 107
1 2166 528 111
1 2167 528 103
1 2168 528 105
1 2169 528 106
1 2170 378 124
1 2171 378 122
1 2172 378 125
1 2173 378 128
1 2174 378 114
1 2175 378 117
1 2176 378 127
1 2177 378 116
1 2178 378 115
1 2179 378 116
1 2180 378 116
1 2181 378 115
1 2182 378 115
1 2183 378 114
1 2184 378 114
1 2185 378 113
1 2186 378 123
1 2187 378 114
1 2188 378 113
1 2189 378 117
1 2190 378 112
1 2191 378 113
1 2192 378 114
1 2193 378 111
1 2194 378 113
1 2195 378 112
1 2196 378 116
1 2197 378 117
1 2198 378 112
1 2199 378 113
1 2200 378 111
1 2201 378 117
1 2202 378 117
1 2203 378 111
1 2204 378 113
1 2205 378 110
1 2206 378 112
1 2207 378 119
1 2208 378 112
1 2209 378 115
1 2210 378 115
1 2211 378 109
1 2212 378 109
1 2213 378 114
1 2214 378 112
1 2215 378 111
1 2216 378 119
1 2217 378 113
1 2218 378 112
1 2219 378 112
1 2220 378 108
1 2221 378 120
1 2222 378 109
1 2223 378 115
1 2224 378 118
1 2225 378 107
1 2226 378 110
1 2227 378 110
1 2228 378 105
1 2229 378 106
1 2230 378 106
1 2231 378 111
1 2232 378 98
1 2233 378 110
1 2234 378 105
1 2235 378 105
1 2236 378 108
1 2237 378 104
1 2238 378 105
1 2239 508 128
1 2240 508 130
1 2241 508 123
1 2242 508 118
1 2243 508 119
1 2244 508 118
1 2245 508 123
1 2246 508 120
1 2247 508 120
1 2248 508 115
1 2249 508 119
1 2250 508 117
1 2251 508 122
1 2252 508 121
1 2253 508 121
1 2254 508 113
1 2255 508 116
1 2256 508 120
1 2257 508 113
1 2258 508 114
1 2259 508 112
1 2260 508 115
1 2261 508 118
1 2262 508 118
1 2263 508 112
1 2264 508 112
1 2265 508 118
1 2266 508 112
1 2267 508 113
1 2268 508 111
1 2269 508 110
1 2270 508 110
1 2271 508 110
1 2272 508 120
1 2273 508 112
1 2274 508 112
1 2275 508 113
1 2276 508 111
1 2277 508 111
1 2278 508 110
1 2279 508 110
1 2280 508 110
1 2281 508 110
1 2282 508 117
1 2283 508 117
1 2284 508 114
1 2285 508 117
1 2286 508 118
1 2287 508 109
1 2288 508 109
1 2289 508 108
1 2290 508 108
1 2291 508 115
1 2292 508 108
1 2293 508 107
1 2294 508 112
1 2295 508 111
1 2296 508 109
1 2297 508 107
1 2298 508 106
1 2299 508 106
1 2300 508 109
1 2301 508 109
1 2302 508 109
1 2303 508 106
1 2304 508 106
1 2305 508 105
1 2306 508 105
1 2307 508 111
1 2308 508 111
1 2309 508 111
1 2310 508 103
1 2311 508 106
1 2312 508 104
1 2313 508 104
1 2314 508 109
1 2315 508 101
1 2316 508 104
1 2317 502 114
1 2318 502 127
1 2319 502 131
1 2320 502 129
1 2321 502 126
1 2322 502 121
1 2323 502 123
1 2324 502 103
1 2325 502 122
1 2326 502 122
1 2327 502 124
1 2328 502 124
1 2329 502 126
1 2330 502 120
1 2331 502 14
1 2332 557 138
1 2333 557 138
1 2334 557 142
1 2335 557 131
1 2336 557 133
1 2337 557 122
1 2338 557 116
1 2339 557 130
1 2340 557 130
1 2341 557 128
1 2342 557 125
1 2343 557 120
1 2344 557 122
1 2345 557 129
1 2346 557 129
1 2347 557 129
1 2348 557 127
1 2349 557 129
1 2350 557 118
1 2351 557 126
1 2352 557 117
1 2353 557 119
1 2354 557 128
1 2355 557 127
1 2356 557 120
1 2357 557 119
1 2358 557 127
1 2359 557 127
1 2360 557 134
1 2361 557 127
1 2362 557 115
1 2363 557 115
1 2364 557 116
1 2365 557 126
1 2366 557 122
1 2367 557 117
1 2368 557 121
1 2369 557 122
1 2370 557 126
1 2371 557 126
1 2372 557 125
1 2373 557 122
1 2374 557 114
1 2375 557 124
1 2376 557 114
1 2377 557 120
1 2378 557 116
1 2379 557 119
1 2380 557 117
1 2381 557 119
1 2382 557 115
1 2383 557 115
1 2384 557 119
1 2385 557 114
1 2386 557 113
1 2387 557 113
1 2388 557 124
1 2389 557 113
1 2390 557 112
1 2391 557 119
1 2392 557 117
1 2393 557 114
1 2394 557 115
1 2395 557 117
1 2396 557 114
1 2397 557 113
1 2398 557 115
1 2399 557 117
1 2400 557 112
1 2401 557 111
1 2402 557 118
1 2403 557 111
1 2404 557 115
1 2405 557 115
1 2406 557 113
1 2407 557 118
1 2408 557 112
1 2409 557 117
1 2410 557 112
1 2411 557 108
1 2412 557 105
1 2413 557 121
1 2414 557 117
1 2415 557 113
1  557 119
1 2416 557 115
1 2417 557 109
1 2418 557 112
1 2419 557 115
1 2420 557 115
1 2421 557 129
1 2422 557 127
1 2423 557 130
