1 1945 100
1 1946 121
1 1947 109
1 1948 88
1 1949 103
1 1950 104
1 1951 106
1 1952 104
1 1953 99
1 1954 113
1 1955 105
1 1956 102
1 1957 109
1 1958 110
1 1959 109
1 1960 102
1 1961 103
1 1962 104
1 1963 117
1 1964 112
1 1965 117
1 1966 88
1 1967 111
1 1968 118
1 1969 113
1 1970 117
1 1971 108
1 1972 111
1 1973 113
1 1974 105
1 1975 109
1 1976 116
1 1977 106
1 1978 94
1 1979 95
1 1980 100
1 1981 110
1 1982 119
1 1983 115
1 1984 102
1 1985 100
1 1986 113
1 1987 104
1 1988 106
1 1989 99
1 1990 106
1 1991 107
1 1992 113
1 1993 103
1 1994 106
1 1995 105
1 1996 100
1 1997 103
1 1998 89
1 1999 87
1 2000 110
1 2001 107
1 2002 113
1 2003 105
1 2004 103
1 2005 110
1 2006 103
1 2007 109
1 2008 112
1 2009 118
1 2010 100
1 2011 98
1 2012 105
1 2013 101
1 2014 119
1 2015 101
1 2016 101
1 2017 107
1 2018 112
1 2019 110
1 2020 114
1 2021 104
1 2022 101
1 2023 109
1 2024 109
1 2025 104
1 2026 101
1 2027 112
1 2028 107
1 2029 105
1 2030 100
1 2031 110
1 2032 110
1 2033 98
1 2034 93
1 2035 110
1 2036 111
1 2037 112
1 2038 96
1 2039 109
1 2040 105
1 2041 106
1 2042 115
1 2043 88
1 2044 115
1 2045 128
1 2046 115
1 2047 101
1 2048 104
1 2049 116
1 2050 108
1 2051 114
1 2052 111
1 2053 109
1 2054 112
1 2055 108
1 2056 111
1 2057 111
1 2058 111
1 2059 118
1 2060 111
1 2061 120
1 2062 112
1 2063 120
1 2064 112
1 2065 116
1 2066 110
1 2067 112
1 2068 115
1 2069 112
1 2070 102
1 2071 113
1 2072 113
1 2073 107
1 2074 112
1 2075 120
1 2076 107
1 2077 106
1 2078 100
1 2079 111
1 2080 113
1 2081 105
1 2082 116
1 2083 108
1 2084 112
1 2085 112
1 2086 111
1 2087 107
1 2088 111
1 2089 106
1 2090 106
1 2091 114
1 2092 121
1 2093 114
1 2094 98
1 2095 106
1 2096 110
1 2097 115
1 2098 115
1 2099 112
1 2100 101
1 2101 99
1 2102 111
1 2103 108
1 2104 113
1 2105 118
1 2106 115
1 2107 119
1 2108 112
1 2109 114
1 2110 108
1 2111 111
1 2112 112
1 2113 103
1 2114 114
1 2115 105
1 2116 112
1 2117 108
1 2118 102
1 2119 98
1 2120 107
1 2121 98
1 2122 112
1 2123 104
1 2124 110
1 2125 109
1 2126 108
1 2127 105
1 2128 105
1 2129 110
1 2130 97
1 2131 108
1 2132 106
1 2133 122
1 2134 106
1 2135 104
1 2136 109
1 2137 106
1 2138 103
1 2139 113
1 2140 105
1 2141 107
1 2142 111
1 2143 106
1 2144 100
1 2145 102
1 2146 115
1 2147 91
1 2148 116
1 2149 116
1 2150 101
1 2151 109
1 2152 114
1 2153 114
1 2154 110
1 2155 105
1 2156 101
1 2157 115
1 2158 114
1 2159 111
1 2160 108
1 2161 117
1 2162 113
1 2163 107
1 2164 107
1 2165 103
1 2166 99
1 2167 92
1 2168 115
1 2169 110
1 2170 108
1 2171 106
1 2172 112
1 2173 105
1 2174 94
1 2175 113
1 2176 117
1 2177 114
1 2178 122
1 2179 112
1 2180 119
1 2181 108
1 2182 99
1 2183 98
1 2184 97
1 2185 112
1 2186 98
1 2187 101
1 2188 115
1 2189 111
1 2190 105
1 2191 120
1 2192 111
1 2193 118
1 2194 101
1 2195 108
1 2196 113
1 2197 107
1 2198 103
1 2199 96
1 2200 115
1 2201 98
1 2202 95
1 2203 111
1 2204 108
1 2205 104
1 2206 117
1 2207 108
1 2208 103
1 2209 106
1 2210 109
1 2211 110
1 2212 106
1 2213 111
1 2214 112
1 2215 100
1 2216 97
1 2217 115
1 2218 105
1 2219 110
1 2220 100
1 2221 113
1 2222 108
1 2223 110
1 2224 105
1 2225 104
1 2226 110
1 2227 111
1 2228 107
1 2229 115
1 2230 97
1 2231 102
1 2232 104
1 2233 116
1 2234 106
1 2235 103
1 2236 97
1 2237 99
1 2238 108
1 2239 113
1 2240 104
1 2241 109
1 2242 111
1 2243 97
1 2244 101
1 2245 111
1 2246 103
1 2247 107
1 2248 111
1 2249 108
1 2250 113
1 2251 111
1 2252 102
1 2253 97
1 2254 98
1 2255 114
1 2256 106
1 2257 105
1 2258 116
1 2259 108
1 2260 106
1 2261 106
1 2262 114
1 2263 113
1 2264 109
1 2265 113
1 2266 113
1 2267 99
1 2268 106
1 2269 105
1 2270 95
1 2271 103
1 2272 121
1 2273 114
1 2274 108
1 2275 91
1 2276 107
1 2277 112
1 2278 99
1 2279 103
1 2280 107
1 2281 109
1 2282 109
1 2283 96
1 2284 112
1 2285 111
1 2286 108
1 2287 111
1 2288 109
1 2289 112
1 2290 98
1 2291 113
1 2292 114
1 2293 111
1 2294 113
1 2295 111
1 2296 115
1 2297 113
1 2298 100
1 2299 109
1 2300 104
1 2301 112
1 2302 117
1 2303 114
1 2304 115
1 2305 117
1 2306 113
1 2307 109
1 2308 106
1 2309 100
1 2310 118
1 2311 115
1 2312 112
1 2313 112
1 2314 100
1 2315 118
1 2316 112
1 2317 112
1 2318 112
1 2319 111
1 2320 112
1 2321 121
1 2322 111
1 2323 109
1 2324 114
1 2325 92
1 2326 88
1 2327 111
1 2328 115
1 2329 110
1 2330 108
1 2331 96
1 2332 105
1 2333 104
1 2334 110
1 2335 108
1 2336 105
1 2337 92
1 2338 108
1 2339 106
1 2340 101
1 2341 115
1 2342 106
1 2343 119
1 2344 111
1 2345 109
1 2346 117
1 2347 112
1 2348 112
1 2349 118
1 2350 107
1 2351 109
1 2352 107
1 2353 111
1 2354 99
1 2355 96
1 2356 100
1 2357 112
1 2358 106
1 2359 116
1 2360 104
1 2361 89
1 2362 119
1 2363 115
1 2364 95
1 2365 93
1 2366 105
1 2367 95
1 2368 107
1 2369 111
1 2370 108
1 2371 111
1 2372 103
1 2373 109
1 2374 111
1 2375 107
1 2376 115
1 2377 120
1 2378 111
1 2379 115
1 2380 99
1 2381 102
1 2382 105
1 2383 106
1 2384 110
1 2385 106
1 2386 111
1 2387 113
1 2388 111
1 2389 103
1 2390 113
1 2391 112
1 2392 106
1 2393 118
1 2394 110
1 2395 116
1 2396 111
1 2397 113
1 2398 104
1 2399 95
1 2400 106
1 2401 105
1 2402 109
1 2403 110
1 2404 110
1 2405 114
1 2406 109
1 2407 106
1 2408 114
1 2409 111
1 2410 105
1 2411 105
1 2412 110
1 2413 113
1 2414 106
1 2415 114
1 2416 112
1 2417 114
1 2418 107
1 2419 114
1 2420 101
1 2421 98
1 2422 107
1 2423 127
1 2424 104
1 2425 118
1 2426 109
1 2427 112
1 2428 101
1 2429 118
1 2430 104
1 2431 117
1 2432 102
1 2433 102
1 2434 113
1 2435 109
1 2436 108
1 2437 110
1 2438 110
1 2439 107
1 2440 122
1 2441 116
1 2442 104
1 2443 113
1 2444 101
1 2445 110
1 2446 93
1 2447 101
1 2448 121
1 2449 107
1 2450 119
1 2451 97
1 2452 110
1 2453 101
1 2454 113
1 2455 119
1 2456 116
1 2457 109
1 2458 103
1 2459 99
1 2460 115
1 2461 107
1 2462 111
1 2463 111
1 2464 118
1 2465 112
1 2466 95
1 2467 104
1 2468 101
1 2469 113
1 2470 97
1 2471 92
1 2472 112
1 2473 119
1 2474 111
1 2475 107
1 2476 114
1 2477 113
1 2478 106
1 2479 111
1 2480 116
1 2481 114
1 2482 108
1 2483 111
1 2484 111
1 2485 106
1 2486 109
1 2487 108
1 2488 112
1 2489 107
1 2490 107
1 2491 105
1 2492 108
1 2493 110
1 2494 108
1 2495 113
1 2496 105
1 2497 107
1 2498 106
1 2499 111
1 2500 115
1 2501 105
1 2502 106
1 2503 107
1  105
1 2504 107
1 2505 95
1 2506 114
1 2507 99
1 2508 96
1 2509 109
1 2510 115
1 2511 106
1 55 122
1 39 122
1 56 114
1 57 112
1 51 123
1 58 126
1 59 126
1 60 121
1 61 121
1 62 120
1 63 122
1 47 112
1 64 112
1 65 105
1 66 123
1 67 112
1 68 111
1 69 117
1 70 120
1 71 118
1 72 109
1 73 121
1 74 113
1 75 126
1 76 133
1 77 119
1 78 130
1 52 119
1 79 124
1 80 112
1 81 105
1 82 118
1 83 131
1 84 115
1 85 123
1 86 112
1 87 118
1 88 115
1 89 112
1 90 116
1 91 100
1 92 126
1 93 123
1 94 116
1 95 130
1 96 131
1 97 113
1 98 121
1 50 124
1 99 121
1 100 120
1 45 116
1 101 111
1 102 122
1 103 116
1 104 114
1 105 120
1 106 129
1 107 110
1 108 122
1 109 108
1 110 118
1 111 119
1 112 125
1 113 104
1 36 118
1 114 112
1 115 109
1 116 116
1 117 124
1 118 109
1 119 122
1 120 115
1 121 125
1 122 115
1 123 110
1 124 96
1 125 117
1 126 112
1 127 108
1 128 118
1 129 110
1 130 108
1 131 115
1 132 116
1 133 107
1 134 113
1 135 117
1 136 105
1 137 130
1 138 98
1 139 95
1 140 115
1 141 110
1 142 107
1 143 124
1 144 104
1 145 121
1 146 110
1 147 114
1 148 109
1 149 112
1 150 108
1 151 104
1 152 120
1 153 113
1 48 124
1 43 113
1 154 110
1 155 107
1 156 111
1 157 105
1 158 108
1 159 113
1 160 111
1 161 100
1 162 110
1 163 117
1 164 111
1 41 116
1 165 118
1 166 112
1 167 112
1 168 116
1 169 122
1 170 123
1 171 110
1 172 112
1 173 107
1 174 119
1 175 104
1 176 112
1 177 112
1 178 124
1 54 103
1 179 118
1 180 110
1 181 114
1 182 115
1 183 99
1 184 118
1 185 120
1 186 117
1 187 119
1 188 114
1 189 106
1 190 113
1 191 117
1 192 106
1 193 95
1 194 91
1 195 110
1 196 108
1 197 126
1 198 114
1 199 116
1 200 119
1 40 115
1 201 118
1 202 108
1 203 111
1 204 113
1 205 108
1 206 109
1 207 110
1 208 120
1 209 114
1 210 105
1 211 117
1 212 113
1 213 105
1 214 100
1 215 100
1 216 100
1 217 106
1 218 107
1 219 114
1 220 118
1 221 115
1 37 119
1 222 110
1 223 107
1 224 118
1 225 112
1 226 114
1 227 112
1 228 118
1 229 119
1 230 129
1 231 116
1 232 111
1 233 122
1 30 121
1 234 114
1 235 107
1 236 94
1 237 110
1 238 113
1 239 112
1 240 116
1 241 107
1 242 111
1 243 109
1 244 113
1 245 110
1 246 99
1 247 107
1 248 109
1 249 107
1 250 91
1 251 101
1 252 102
1 253 115
1 254 106
1 255 108
1 256 114
1 257 119
1 258 112
1 259 119
1 260 122
1 261 121
1 262 101
1 263 131
1 264 113
1 265 116
1 46 115
1 266 110
1 267 112
1 268 116
1 269 110
1 270 118
1 271 121
1 272 116
1 273 125
1 274 127
1 275 126
1 276 102
1 277 101
1 23 121
1 278 113
1 279 119
1 280 110
1 281 120
1 282 127
1 283 115
1 284 120
1 285 116
1 286 138
1 287 125
1 288 102
1 21 114
1 289 110
1 290 114
1 291 117
1 292 127
1 293 120
1 294 123
1 295 118
1 296 109
1 297 114
1 298 118
1 299 110
1 300 100
1 301 116
1 302 110
1 303 103
1 304 113
1 305 113
1 306 118
1 307 108
1 308 110
1 309 112
1 310 110
1 311 112
1 312 114
1 313 122
1 314 119
1 315 122
1 316 122
1 317 111
1 318 115
1 319 117
1 320 116
1 321 106
1 322 110
1 323 104
1 324 114
1 325 118
1 326 116
1 327 121
1 328 120
1 329 122
1 330 134
1 331 110
1 332 100
1 333 88
1 334 118
1 335 100
1 336 118
1 337 123
1 338 117
1 339 116
1 340 111
1 341 107
1 342 105
1 343 114
1 344 113
1 345 117
1 346 117
1 347 108
1 348 111
1 349 114
1 350 107
1 351 108
1 352 121
1 353 110
1 354 116
1 355 122
1 356 109
1 357 101
1 358 119
1 359 112
1 360 115
1 361 107
1 362 103
1 363 105
1 364 112
1 365 115
1 366 106
1 367 117
1 368 107
1 369 101
1 370 102
1 371 113
1 372 115
1 373 111
1 38 120
1 374 111
1 375 101
1 376 102
1 377 99
1 378 103
1 32 113
1 379 103
1 380 120
1 381 109
1 382 105
1 383 98
1 384 99
1 385 106
1 13 116
1 386 111
1 387 114
1 388 105
1 29 118
1 389 109
1 390 111
1 391 109
1 392 115
1 393 109
1 394 117
1 395 123
1 396 117
1 397 106
1 398 109
1 399 132
1 400 106
1 401 104
1 402 125
1 403 123
1 404 110
1 405 117
1 406 120
1 407 113
1 408 128
1 49 107
1 409 126
1 410 126
1 411 122
1 412 118
1 413 123
1 414 128
1 415 125
1 416 116
1 417 122
1 418 121
1 419 123
1 420 108
1 421 111
1 422 130
1 423 121
1 424 122
1 425 113
1 426 103
1 427 125
1 428 120
1 429 100
1 430 118
1 431 118
1 432 129
1 433 119
1 434 126
1 435 119
1 436 121
1 437 128
1 438 110
1 439 131
1 440 117
1 441 124
1 442 120
1 443 128
1 444 97
1 445 119
1 446 126
1 447 98
1 448 130
1 449 121
1 450 120
1 451 118
1 452 99
1 453 122
1 454 121
1 455 122
1 456 122
1 457 139
1 458 116
1 459 115
1 460 126
1 461 96
1 462 121
1 463 135
1 464 100
1 465 121
1 466 104
1 467 120
1 468 97
1 469 108
1 470 125
1 471 102
1 472 115
1 473 127
1 474 114
1 475 123
1 53 123
1 476 111
1 477 116
1 478 114
1 479 121
1 480 122
1 481 121
1 482 127
1 483 95
1 484 123
1 485 129
1 486 118
1 487 112
1 488 122
1 489 134
1 490 100
1 491 132
1 492 132
1 493 112
1 494 106
1 495 116
1 496 121
1 26 113
1 497 114
1 498 108
1 499 111
1 17 105
1 500 114
1 501 93
1 502 106
1 503 105
1 504 112
1 505 115
1 506 99
1 507 103
1 508 114
1 509 117
1 510 120
1 511 114
1 512 103
1 513 106
1 514 112
1 515 102
1 516 112
1 517 113
1 518 122
1 519 122
1 520 122
1 521 113
1 522 113
1 523 106
1 524 95
1 525 108
1 526 116
1 527 125
1 528 96
1 529 109
1 530 108
1 531 114
1 532 114
1 533 106
1 534 125
1 535 115
1 536 111
1 537 116
1 538 114
1 539 101
1 540 105
1 541 104
1 542 100
1 543 117
1 544 114
1 545 103
1 546 118
1 547 121
1 548 122
1 549 111
1 550 109
1 551 115
1 552 111
1 553 109
1 554 103
1 555 103
1 556 109
1 557 124
1 558 116
1 559 119
1 560 115
1 561 109
1 562 131
1 563 94
1 564 93
1 565 99
1 566 118
1 567 110
1 568 103
1 569 115
1 570 106
1 571 122
1 572 107
1 573 106
1 574 118
1 575 119
1 576 113
1 577 90
1 578 106
1 579 122
1 580 112
1 581 127
1 582 96
1 583 102
1 584 105
1 585 108
1 586 108
1 587 106
1 588 102
1 589 111
1 590 97
1 591 102
1 592 114
1 593 105
1 594 113
1 595 101
1 596 113
1 597 108
1 598 113
1 599 108
1 600 103
1 601 103
1 602 113
1 603 110
1 604 92
1 605 88
1 606 96
1 607 91
1 608 98
1 609 101
1 610 105
1 611 94
1 612 96
1 613 96
1 614 110
1 615 104
1 616 95
1 617 101
1 618 100
1 619 105
1 620 102
1 621 101
1 622 100
1 623 107
1 624 102
1 625 98
1 626 104
1 627 118
1 628 93
1 629 109
1 630 114
1 631 111
1 632 103
1 633 90
1 634 110
1 635 95
1 636 104
1 637 118
1 638 99
1 639 96
1 640 111
1 641 105
1 642 94
1 643 109
1 644 102
1 645 106
1 646 106
1 647 102
1 648 116
1 649 108
1 650 109
1 651 103
1 652 102
1 653 99
1 654 105
1 655 116
1 656 113
1 657 110
1 658 103
1 659 106
1 660 108
1 661 104
1 662 109
1 663 104
1 664 120
1 665 112
1 666 112
1 667 110
1 668 107
1 669 103
1 670 114
1 35 104
1 671 103
1 672 102
1 673 105
1 674 95
1 675 108
1 676 110
1 677 89
1 678 118
1 679 118
1 680 107
1 681 111
1 682 109
1 683 109
1 684 112
1 28 108
1 685 116
1 25 111
1 686 111
1 687 113
1 688 116
1 689 109
1 690 118
1 691 119
1 692 116
1 20 110
1 693 109
1 694 115
1 695 115
1 696 112
1 697 114
1 698 110
1 699 113
1 700 115
1 16 105
1 701 107
1 702 115
1 703 113
1 704 111
1 705 101
1 706 104
1 707 104
1 708 110
1 709 115
1 710 118
1 711 118
1 712 117
1 713 108
1 714 103
1 715 110
1 716 116
1 717 119
1 718 111
1 719 102
1 720 107
1 721 102
1 722 121
1 723 103
1 724 120
1 12 112
1 725 112
1 726 108
1 727 107
1 728 105
1 729 115
1 730 109
1 731 120
1 732 111
1 733 109
1 734 109
1 735 110
1 9 110
1 736 100
1 737 111
1 738 113
1 739 112
1 740 120
1 741 115
1 742 103
1 743 112
1 744 101
1 4 103
1 745 95
1 746 95
1 747 105
1 748 101
1 749 115
1 750 123
1 751 121
1 752 109
1 753 111
1 754 109
1 755 117
1 756 114
1 757 110
1 758 116
1 759 106
1 760 114
1 761 100
1 762 105
1 763 111
1 764 121
1 765 119
1 766 117
1 767 117
1 8 102
1 768 105
1 769 111
1 770 111
1 3 111
1 771 118
1 772 112
1 773 111
1 774 119
1 775 118
1 776 120
1 777 114
1 778 113
1 779 120
1 780 113
1 2 113
1 781 114
1 782 114
1 783 115
1 784 110
1 785 116
1 786 122
1 787 115
1 788 114
1 789 113
1 790 106
1 791 106
1 792 115
1 793 122
1 794 102
1 795 113
1 796 99
1 797 96
1 798 120
1 799 111
1 800 107
1 801 110
1 802 125
1 803 105
1 804 101
1 805 106
1 806 111
1 807 89
1 808 108
1 809 112
1 810 110
1 811 118
1 812 107
1 813 110
1 814 109
1 815 106
1 816 113
1 817 115
1 818 114
1 819 114
1 820 122
1 821 102
1 822 95
1 823 100
1 824 105
1 825 107
1 826 118
1 827 103
1 828 107
1 829 105
1 830 107
1 831 95
1 832 105
1 833 96
1 834 117
1 835 103
1 836 119
1 837 114
1 838 113
1 839 108
1 840 113
1 15 109
1 841 113
1 842 104
1 843 111
1 844 114
1 845 114
1 846 116
1 847 114
1 848 99
1 849 94
1 850 113
1 851 117
1 852 102
1 853 113
1 854 105
1 855 112
1 856 119
1 857 115
1 858 103
1 859 92
1 860 97
1 861 109
1 862 97
1 863 105
1 864 120
1 865 109
1 866 110
1 867 114
1 868 105
1 869 111
1 870 112
1 871 109
1 872 103
1 873 103
1 874 103
1 875 101
1 876 112
1 877 109
1 878 108
1 879 108
1 880 124
1 881 107
1 882 108
1 883 105
1 884 117
1 885 112
1 886 116
1 887 102
1 888 115
1 889 113
1 890 109
1 891 115
1 1 123
1 892 114
1 893 107
1 894 108
1 895 107
1 896 98
1 897 109
1 34 115
1 31 109
1 898 104
1 899 96
1 900 105
1 901 100
1 902 97
1 903 104
1 904 103
1 905 102
1 906 114
1 907 94
1 908 102
1 909 115
1 910 111
1 911 103
1 912 111
1 913 100
1 914 103
1 915 106
1 916 105
1 917 98
1 27 113
1 918 113
1 919 113
1 920 106
1 921 99
1 922 110
1 923 115
1 924 101
1 925 101
1 926 112
1 927 91
1 928 119
1 929 108
1 930 106
1 931 113
1 932 104
1 933 119
1 934 118
1 935 120
1 936 114
1 937 113
1 938 105
1 939 110
1 940 110
1 941 123
1 942 120
1 943 100
1 944 107
1 19 120
1 945 106
1 946 111
1 947 104
1 948 106
1 949 120
1 950 112
1 951 104
1 952 116
1 953 115
1 954 121
1 955 114
1 956 116
1 957 120
1 958 107
1 959 114
1 960 115
1 961 117
1 962 109
1 963 119
1 964 96
1 965 110
1 11 118
1 966 123
1 967 102
1 968 99
1 969 103
1 970 109
1 971 119
1 972 114
1 973 114
1 974 103
1 975 116
1 976 117
1 977 110
1 978 125
1 979 120
1 980 116
1 981 116
1 982 125
1 983 104
1 984 122
1 985 116
1 986 107
1 44 116
1 987 113
1 988 109
1 989 117
1 990 118
1 991 110
1 992 111
1 993 116
1 994 109
1 995 110
1 996 113
1 997 103
1 998 102
1 999 111
1 1000 121
1 1001 112
1 1002 114
1 1003 111
1 7 98
1 1004 121
1 1005 124
1 1006 116
1 1007 101
1 1008 105
1 1009 114
1 1010 93
1 1011 112
1 1012 108
1 1013 114
1 1014 114
1 1015 103
1 1016 108
1 1017 117
1 1018 118
1 1019 117
1 1020 113
1 1021 106
1 1022 109
1 1023 116
1 1024 122
1 1025 125
1 1026 110
1 1027 104
1 1028 113
1 1029 106
1 1030 114
1 1031 82
1 33 123
1 1032 113
1 1033 119
1 1034 107
1 1035 124
1 1036 109
1 1037 123
1 1038 116
1 1039 108
1 1040 112
1 1041 121
1 1042 122
1 1043 117
1 1044 129
1 1045 120
1 1046 110
1 1047 113
1 1048 101
1 1049 121
1 1050 101
1 1051 113
1 1052 95
1 1053 119
1 1054 119
1 1055 116
1 1056 126
1 1057 120
1 1058 116
1 1059 121
1 1060 118
1 1061 123
1 1062 118
1 1063 110
1 1064 104
1 1065 123
1 1066 111
1 1067 122
1 1068 116
1 1069 120
1 1070 121
1 1071 130
1 1072 114
1 1073 121
1 1074 114
1 1075 118
1 1076 123
1 1077 123
1 1078 129
1 1079 132
1 1080 123
1 1081 108
1 1082 95
1 1083 101
1 1084 120
1 1085 111
1 1086 124
1 1087 123
1 1088 121
1 1089 123
1 1090 124
1 1091 113
1 1092 115
1 1093 119
1 1094 131
1 1095 125
1 1096 120
1 1097 118
1 1098 114
1 1099 108
1 1100 118
1 1101 119
1 1102 108
1 1103 128
1 1104 118
1 1105 118
1 1106 124
1 1107 101
1 1108 113
1 1109 112
1 1110 109
1 1111 108
1 1112 114
1 1113 116
1 1114 113
1 1115 105
1 1116 118
1 1117 116
1 1118 116
1 1119 112
1 1120 120
1 1121 108
1 1122 121
1 1123 127
1 1124 121
1 1125 118
1 1126 121
1 1127 121
1 1128 114
1 1129 118
1 1130 118
1 1131 114
1 1132 110
1 18 125
1 1133 101
1 1134 113
1 1135 102
1 1136 102
1 1137 113
1 10 115
1 1138 97
1 6 104
1 1139 99
1 1140 112
1 1141 120
1 1142 101
1 1143 101
1 1144 110
1 1145 110
1 1146 89
1 1147 103
1 1148 102
1 1149 108
1 1150 115
1 1151 104
1 1152 98
1 1153 117
1 1154 97
1 1155 98
1 1156 107
1 1157 113
1 1158 111
1 1159 110
1 1160 111
1 1161 114
1 42 109
1 1162 99
1 1163 97
1 1164 102
1 1165 101
1 1166 96
1 1167 91
1 1168 97
1 1169 113
1 1170 100
1 1171 114
1 1172 112
1 1173 94
1 1174 110
1 1175 96
1 1176 109
1 1177 91
1 1178 109
1 1179 105
1 1180 104
1 1181 110
1 1182 104
1 1183 102
1 1184 103
1 1185 122
1 1186 110
1 1187 116
1 1188 95
1 1189 92
1 1190 87
1 1191 100
1 1192 115
1 1193 113
1 24 116
1 1194 114
1 1195 102
1 1196 110
1 1197 93
1 1198 113
1 1199 110
1 1200 104
1 1201 111
1 1202 107
1 1203 112
1 1204 116
1 1205 98
1 1206 100
1 1207 111
1 1208 97
1 1209 101
1 1210 104
1 1211 107
1 1212 116
1 1213 109
1 1214 102
1 22 109
1 1215 110
1 1216 109
1 1217 116
1 1218 113
1 1219 111
1 1220 109
1 1221 109
1 1222 113
1 1223 113
1 1224 115
1 1225 117
1 1226 107
1 1227 111
1 1228 117
1 1229 97
1 1230 107
1 1231 96
1 1232 113
1 1233 102
1 1234 95
1 1235 112
1 1236 107
1 1237 105
1 1238 113
1 1239 119
1 1240 112
1 1241 112
1 1242 105
1 1243 99
1 1244 111
1 1245 120
1 1246 113
1 1247 108
1 1248 106
1 1249 101
1 1250 111
1 1251 89
1 1252 106
1 1253 115
1 1254 110
1 1255 105
1 1256 104
1 1257 111
1 1258 112
1 1259 105
1 1260 106
1 1261 105
1 1262 112
1 1263 102
1 1264 106
1 1265 110
1 1266 111
1 1267 99
1 1268 113
1 1269 124
1 1270 122
1 1271 111
1 1272 116
1 1273 103
1 1274 110
1 1275 110
1 1276 112
1 1277 105
1 1278 111
1 1279 105
1 1280 108
1 1281 108
1 1282 110
1 1283 114
1 1284 123
1 1285 112
1 1286 93
1 1287 120
1 1288 98
1 1289 103
1 1290 109
1 1291 117
1 1292 117
1 1293 111
1 1294 114
1 1295 100
1 1296 114
1 1297 115
1 1298 107
1 1299 107
1 14 111
1 1300 107
1 1301 114
1 1302 111
1 1303 111
1 1304 110
1 1305 118
1 1306 117
1 1307 115
1 1308 104
1 1309 112
1 1310 97
1 1311 97
1 1312 113
1 1313 105
1 1314 108
1 1315 105
1 1316 111
1 1317 115
1 1318 111
1 1319 99
1 1320 107
1 1321 113
1 1322 107
1 1323 106
1 1324 114
1 1325 106
1 1326 111
1 1327 109
1 1328 118
1 1329 116
1 1330 110
1 1331 112
1 1332 114
1 1333 114
1 1334 113
1 1335 106
1 1336 102
1 1337 109
1 1338 110
1 1339 111
1 1340 109
1 1341 106
1 1342 106
1 1343 111
1 1344 111
1 1345 131
1 1346 117
1 1347 112
1 1348 112
1 1349 113
1 1350 121
1 1351 115
1 1352 111
1 1353 104
1 1354 112
1 1355 115
1 1356 116
1 1357 103
1 1358 104
1 1359 101
1 1360 119
1 1361 105
1 1362 114
1 1363 106
1 1364 112
1 1365 112
1 1366 107
1 1367 122
1 1368 115
1 1369 110
1 1370 106
1 1371 112
1 1372 115
1 1373 109
1 1374 103
1 1375 113
1 1376 95
1 1377 104
1 1378 120
1 1379 103
1 1380 108
1 1381 101
1 1382 101
1 1383 110
1 1384 117
1 1385 102
1 1386 104
1 1387 112
1 1388 110
1 1389 108
1 1390 118
1 1391 118
1 1392 113
1 5 118
1 1393 116
1 1394 104
1 1395 111
1 1396 113
1 1397 111
1 1398 107
1 1399 100
1 1400 109
1 1401 110
1 1402 110
1 1403 101
1 1404 113
1 1405 118
1 1406 106
1 1407 103
1 1408 111
1 1409 104
1 1410 103
1 1411 118
1 1412 115
1 1413 110
1 1414 122
1 1415 111
1 1416 113
1 1417 111
1 1418 109
1 1419 112
1 1420 120
1 1421 112
1 1422 115
1 1423 98
1 1424 114
1 1425 115
1 1426 98
1 1427 108
1 1428 111
1 1429 115
1 1430 112
1 1431 115
1 1432 107
1 1433 106
1 1434 114
1 1435 122
1 1436 109
1 1437 118
1 1438 110
1 1439 112
1 1440 105
1 1441 117
1 1442 110
1 1443 116
1 1444 115
1 1445 111
1 1446 112
1 1447 120
1 1448 115
1 1449 116
1 1450 109
1 1451 114
1 1452 109
1 1453 109
1 1454 110
1 1455 106
1 1456 106
1 1457 104
1 1458 96
1 1459 111
1 1460 100
1 1461 102
1 1462 120
1 1463 119
1 1464 108
1 1465 96
1 1466 96
1 1467 111
1 1468 108
1 1469 108
1 1470 119
1 1471 111
1 1472 120
1 1473 115
1 1474 101
1 1475 107
1 1476 106
1 1477 110
1 1478 111
1 1479 103
1 1480 103
1 1481 108
1 1482 113
1 1483 113
1 1484 107
1 1485 106
1 1486 110
1 1487 105
1 1488 114
1 1489 115
1 1490 115
1 1491 110
1 1492 121
1 1493 115
1 1494 116
1 1495 121
1 1496 123
1 1497 109
1 1498 104
1 1499 116
1 1500 114
1 1501 108
1 1502 119
1 1503 110
1 1504 102
1 1505 113
1 1506 114
1 1507 121
1 1508 112
1 1509 121
1 1510 103
1 1511 114
1 1512 108
1 1513 117
1 1514 116
1 1515 117
1 1516 102
1 1517 108
1 1518 106
1 1519 99
1 1520 122
1 1521 111
1 1522 104
1 1523 103
1 1524 128
1 1525 110
1 1526 114
1 1527 109
1 1528 112
1 1529 102
1 1530 100
1 1531 114
1 1532 118
1 1533 103
1 1534 116
1 1535 106
1 1536 113
1 1537 108
1 1538 107
1 1539 99
1 1540 110
1 1541 103
1 1542 111
1 1543 107
1 1544 107
1 1545 104
1 1546 99
1 1547 99
1 1548 105
1 1549 109
1 1550 110
1 1551 112
1 1552 116
1 1553 104
1 1554 114
1 1555 116
1 1556 109
1 1557 118
1 1558 109
1 1559 108
1 1560 127
1 1561 104
1 1562 105
1 1563 116
1 1564 101
1 1565 112
1 1566 104
1 1567 120
1 1568 106
1 1569 97
1 1570 103
1 1571 105
1 1572 96
1 1573 115
1 1574 90
1 1575 108
1 1576 112
1 1577 104
1 1578 104
1 1579 106
1 1580 111
1 1581 106
1 1582 108
1 1583 109
1 1584 104
1 1585 98
1 1586 102
1 1587 108
1 1588 109
1 1589 109
1 1590 106
1 1591 107
1 1592 112
1 1593 103
1 1594 102
1 1595 101
1 1596 122
1 1597 94
1 1598 113
1 1599 106
1 1600 97
1 1601 107
1 1602 111
1 1603 111
1 1604 114
1 1605 120
1 1606 115
1 1607 121
1 1608 105
1 1609 101
1 1610 92
1 1611 103
1 1612 103
1 1613 110
1 1614 108
1 1615 99
1 1616 98
1 1617 102
1 1618 109
1 1619 118
1 1620 112
1 1621 109
1 1622 107
1 1623 102
1 1624 112
1 1625 105
1 1626 113
1 1627 99
1 1628 100
1 1629 106
1 1630 115
1 1631 117
1 1632 109
1 1633 110
1 1634 107
1 1635 120
1 1636 110
1 1637 104
1 1638 113
1 1639 103
1 1640 118
1 1641 101
1 1642 106
1 1643 101
1 1644 97
1 1645 114
1 1646 103
1 1647 106
1 1648 112
1 1649 113
1 1650 115
1 1651 112
1 1652 104
1 1653 114
1 1654 107
1 1655 105
1 1656 94
1 1657 107
1 1658 113
1 1659 117
1 1660 109
1 1661 104
1 1662 112
1 1663 88
1 1664 118
1 1665 92
1 1666 87
1 1667 115
1 1668 103
1 1669 106
1 1670 106
1 1671 115
1 1672 107
1 1673 105
1 1674 109
1 1675 102
1 1676 100
1 1677 103
1 1678 107
1 1679 110
1 1680 106
1 1681 88
1 1682 110
1 1683 105
1 1684 111
1 1685 112
1 1686 104
1 1687 105
1 1688 119
1 1689 103
1 1690 112
1 1691 112
1 1692 114
1 1693 115
1 1694 105
1 1695 114
1 1696 108
1 1697 107
1 1698 97
1 1699 94
1 1700 116
1 1701 103
1 1702 98
1 1703 111
1 1704 106
1 1705 113
1 1706 109
1 1707 101
1 1708 103
1 1709 103
1 1710 101
1 1711 112
1 1712 112
1 1713 116
1 1714 112
1 1715 112
1 1716 115
1 1717 114
1 1718 106
1 1719 111
1 1720 114
1 1721 97
1 1722 113
1 1723 102
1 1724 115
1 1725 106
1 1726 111
1 1727 101
1 1728 111
1 1729 111
1 1730 109
1 1731 100
1 1732 115
1 1733 113
1 1734 112
1 1735 99
1 1736 121
1 1737 110
1 1738 107
1 1739 117
1 1740 106
1 1741 118
1 1742 106
1 1743 121
1 1744 117
1 1745 115
1 1746 112
1 1747 116
1 1748 113
1 1749 115
1 1750 113
1 1751 104
1 1752 109
1 1753 92
1 1754 113
1 1755 106
1 1756 114
1 1757 117
1 1758 119
1 1759 108
1 1760 107
1 1761 110
1 1762 108
1 1763 117
1 1764 110
1 1765 119
1 1766 118
1 1767 122
1 1768 120
1 1769 112
1 1770 123
1 1771 103
1 1772 108
1 1773 117
1 1774 94
1 1775 110
1 1776 106
1 1777 100
1 1778 113
1 1779 113
1 1780 107
1 1781 108
1 1782 112
1 1783 114
1 1784 107
1 1785 105
1 1786 99
1 1787 105
1 1788 104
1 1789 104
1 1790 106
1 1791 99
1 1792 116
1 1793 119
1 1794 118
1 1795 107
1 1796 117
1 1797 113
1 1798 113
1 1799 109
1 1800 109
1 1801 117
1 1802 121
1 1803 117
1 1804 113
1 1805 106
1 1806 106
1 1807 111
1 1808 107
1 1809 112
1 1810 113
1 1811 115
1 1812 107
1 1813 113
1 1814 108
1 1815 109
1 1816 121
1 1817 112
1 1818 112
1 1819 102
1 1820 114
1 1821 115
1 1822 101
1 1823 104
1 1824 117
1 1825 103
1 1826 103
1 1827 117
1 1828 120
1 1829 103
1 1830 94
1 1831 97
1 1832 117
1 1833 116
1 1834 106
1 1835 106
1 1836 91
1 1837 113
1 1838 107
1 1839 103
1 1840 102
1 1841 98
1 1842 111
1 1843 112
1 1844 108
1 1845 100
1 1846 116
1 1847 109
1 1848 100
1 1849 115
1 1850 109
1 1851 120
1 1852 117
1 1853 112
1 1854 117
1 1855 117
1 1856 106
1 1857 100
1 1858 113
1 1859 109
1 1860 110
1 1861 99
1 1862 107
1 1863 106
1 1864 116
1 1865 104
1 1866 105
1 1867 91
1 1868 117
1 1869 113
1 1870 116
1 1871 100
1 1872 103
1 1873 105
1 1874 104
1 1875 104
1 1876 112
1 1877 115
1 1878 113
1 1879 99
1 1880 118
1 1881 103
1 1882 115
1 1883 110
1 1884 111
1 1885 118
1 1886 105
1 1887 110
1 1888 113
1 1889 98
1 1890 94
1 1891 106
1 1892 110
1 1893 116
1 1894 99
1 1895 116
1 1896 108
1 1897 123
1 1898 113
1 1899 114
1 1900 114
1 1901 112
1 1902 109
1 1903 112
1 1904 96
1 1905 102
1 1906 101
1 1907 104
1 1908 99
1 1909 107
1 1910 93
1 1911 101
1 1912 111
1 1913 114
1 1914 116
1 1915 112
1 1916 102
1 1917 107
1 1918 106
1 1919 112
1 1920 124
1 1921 102
1 1922 95
1 1923 111
1 1924 114
1 1925 101
1 1926 113
1 1927 106
1 1928 116
1 1929 119
1 1930 90
1 1931 104
1 1932 97
1 1933 97
1 1934 111
1 1935 113
1 1936 114
1 1937 114
1 1938 105
1 1939 117
1 1940 94
1 1941 109
1 1942 105
1 1943 102
1 1944 97
