1 1945 2 0
1 1946 2 0
1 1947 1 0
1 1948 2 0
1 1949 2 0
1 1950 1 0
1 1951 1 0
1 1952 1 0
1 1953 1 0
1 1954 2 0
1 1955 2 1
1 1956 1 1
1 1957 1 0
1 1958 2 0
1 1959 1 0
1 1960 2 0
1 1961 1 0
1 1962 1 0
1 1963 2 0
1 1964 2 1
1 1965 1 0
1 1966 1 0
1 1967 2 0
1 1968 2 0
1 1969 1 0
1 1970 2 0
1 1971 2 0
1 1972 1 0
1 1973 2 0
1 1974 1 0
1 1975 2 0
1 1976 2 0
1 1977 1 0
1 1978 1 1
1 1979 2 1
1 1980 1 0
1 1981 2 0
1 1982 2 0
1 1983 2 0
1 1984 1 1
1 1985 2 1
1 1986 1 0
1 1987 1 0
1 1988 1 1
1 1989 1 1
1 1990 1 0
1 1991 2 0
1 1992 2 0
1 1993 1 1
1 1994 1 0
1 1995 1 0
1 1996 1 0
1 1997 1 0
1 1998 1 1
1 1999 1 1
1 2000 1 0
1 2001 1 0
1 2002 2 0
1 2003 2 0
1 2004 1 0
1 2005 2 0
1 2006 2 0
1 2007 1 0
1 2008 1 0
1 2009 2 0
1 2010 1 0
1 2011 1 0
1 2012 1 0
1 2013 2 0
1 2014 2 0
1 2015 1 1
1 2016 2 1
1 2017 1 0
1 2018 1 0
1 2019 1 0
1 2020 2 0
1 2021 1 0
1 2022 1 0
1 2023 2 0
1 2024 1 0
1 2025 1 0
1 2026 2 0
1 2027 1 0
1 2028 2 1
1 2029 2 1
1 2030 1 1
1 2031 2 0
1 2032 1 0
1 2033 2 0
1 2034 1 0
1 2035 2 1
1 2036 1 0
1 2037 1 0
1 2038 2 1
1 2039 2 0
1 2040 1 1
1 2041 2 0
1 2042 1 0
1 2043 1 0
1 2044 1 0
1 2045 2 0
1 2046 2 0
1 2047 2 1
1 2048 1 0
1 2049 2 0
1 2050 1 0
1 2051 1 0
1 2052 2 0
1 2053 1 0
1 2054 2 0
1 2055 1 0
1 2056 2 0
1 2057 2 0
1 2058 2 0
1 2059 2 0
1 2060 1 0
1 2061 2 0
1 2062 2 0
1 2063 2 0
1 2064 1 0
1 2065 1 0
1 2066 2 0
1 2067 1 0
1 2068 1 0
1 2069 2 0
1 2070 1 1
1 2071 2 1
1 2072 1 0
1 2073 2 0
1 2074 1 0
1 2075 2 0
1 2076 1 1
1 2077 2 0
1 2078 1 1
1 2079 1 0
1 2080 1 0
1 2081 1 0
1 2082 1 0
1 2083 1 0
1 2084 2 0
1 2085 2 0
1 2086 2 0
1 2087 2 0
1 2088 1 0
1 2089 2 0
1 2090 2 0
1 2091 1 0
1 2092 2 0
1 2093 1 0
1 2094 1 1
1 2095 2 1
1 2096 1 0
1 2097 2 0
1 2098 1 0
1 2099 1 0
1 2100 2 0
1 2101 2 0
1 2102 1 0
1 2103 1 0
1 2104 1 0
1 2105 2 0
1 2106 1 0
1 2107 1 0
1 2108 2 0
1 2109 1 0
1 2110 1 0
1 2111 2 0
1 2112 2 0
1 2113 1 0
1 2114 2 0
1 2115 1 0
1 2116 2 0
1 2117 1 0
1 2118 1 0
1 2119 1 0
1 2120 2 1
1 2121 1 0
1 2122 2 0
1 2123 1 0
1 2124 2 0
1 2125 1 0
1 2126 1 0
1 2127 1 0
1 2128 2 0
1 2129 2 0
1 2130 1 0
1 2131 2 0
1 2132 1 0
1 2133 1 0
1 2134 1 0
1 2135 2 1
1 2136 2 0
1 2137 2 0
1 2138 1 0
1 2139 2 0
1 2140 1 0
1 2141 1 0
1 2142 2 0
1 2143 2 0
1 2144 2 0
1 2145 2 0
1 2146 2 0
1 2147 2 1
1 2148 2 0
1 2149 2 0
1 2150 2 0
1 2151 1 0
1 2152 1 0
1 2153 1 0
1 2154 2 0
1 2155 1 1
1 2156 2 1
1 2157 1 0
1 2158 2 0
1 2159 1 0
1 2160 1 0
1 2161 1 0
1 2162 1 0
1 2163 1 0
1 2164 1 0
1 2165 1 0
1 2166 1 1
1 2167 1 1
1 2168 2 0
1 2169 2 0
1 2170 2 0
1 2171 1 0
1 2172 2 0
1 2173 1 1
1 2174 1 1
1 2175 2 0
1 2176 2 0
1 2177 2 0
1 2178 2 0
1 2179 1 0
1 2180 2 0
1 2181 1 0
1 2182 1 0
1 2183 1 1
1 2184 2 1
1 2185 1 0
1 2186 2 0
1 2187 1 1
1 2188 2 0
1 2189 1 0
1 2190 1 0
1 2191 2 0
1 2192 1 0
1 2193 1 0
1 2194 2 0
1 2195 1 0
1 2196 2 0
1 2197 1 0
1 2198 1 0
1 2199 2 0
1 2200 1 0
1 2201 2 1
1 2202 1 1
1 2203 2 0
1 2204 2 0
1 2205 1 0
1 2206 1 0
1 2207 2 0
1 2208 2 0
1 2209 2 0
1 2210 1 0
1 2211 2 0
1 2212 1 0
1 2213 1 0
1 2214 2 0
1 2215 1 0
1 2216 1 0
1 2217 1 0
1 2218 2 0
1 2219 2 0
1 2220 2 1
1 2221 1 0
1 2222 1 1
1 2223 2 0
1 2224 2 0
1 2225 1 0
1 2226 2 0
1 2227 2 0
1 2228 2 0
1 2229 2 0
1 2230 2 0
1 2231 2 0
1 2232 1 0
1 2233 2 0
1 2234 2 1
1 2235 1 0
1 2236 1 0
1 2237 1 0
1 2238 2 0
1 2239 2 0
1 2240 2 0
1 2241 1 0
1 2242 1 0
1 2243 1 0
1 2244 2 0
1 2245 1 0
1 2246 2 0
1 2247 2 0
1 2248 1 0
1 2249 1 0
1 2250 1 0
1 2251 2 0
1 2252 2 0
1 2253 1 1
1 2254 1 1
1 2255 1 0
1 2256 2 1
1 2257 1 0
1 2258 1 0
1 2259 1 0
1 2260 2 0
1 2261 2 0
1 2262 2 0
1 2263 1 0
1 2264 1 0
1 2265 2 0
1 2266 1 0
1 2267 2 0
1 2268 2 1
1 2269 1 0
1 2270 1 1
1 2271 1 1
1 2272 2 0
1 2273 1 0
1 2274 1 0
1 2275 1 0
1 2276 1 0
1 2277 2 0
1 2278 2 1
1 2279 1 1
1 2280 1 0
1 2281 2 1
1 2282 1 0
1 2283 1 0
1 2284 1 0
1 2285 1 0
1 2286 2 0
1 2287 1 0
1 2288 2 0
1 2289 1 0
1 2290 1 0
1 2291 2 0
1 2292 2 0
1 2293 1 0
1 2294 1 0
1 2295 2 0
1 2296 1 0
1 2297 2 0
1 2298 1 1
1 2299 2 1
1 2300 1 0
1 2301 2 0
1 2302 2 0
1 2303 2 0
1 2304 2 0
1 2305 1 0
1 2306 2 0
1 2307 2 1
1 2308 2 0
1 2309 1 0
1 2310 2 0
1 2311 1 0
1 2312 1 0
1 2313 2 1
1 2314 1 1
1 2315 2 0
1 2316 2 0
1 2317 2 0
1 2318 1 0
1 2319 1 0
1 2320 2 0
1 2321 2 0
1 2322 2 0
1 2323 1 0
1 2324 2 0
1 2325 1 1
1 2326 2 1
1 2327 2 0
1 2328 2 0
1 2329 1 0
1 2330 2 0
1 2331 1 0
1 2332 1 1
1 2333 1 1
1 2334 2 1
1 2335 2 1
1 2336 1 1
1 2337 1 0
1 2338 1 0
1 2339 1 1
1 2340 1 1
1 2341 2 0
1 2342 1 0
1 2343 2 0
1 2344 2 0
1 2345 1 0
1 2346 2 0
1 2347 2 0
1 2348 1 0
1 2349 1 0
1 2350 1 0
1 2351 2 0
1 2352 1 0
1 2353 2 1
1 2354 1 1
1 2355 1 1
1 2356 2 1
1 2357 1 1
1 2358 1 1
1 2359 2 0
1 2360 1 0
1 2361 1 0
1 2362 2 0
1 2363 2 0
1 2364 2 1
1 2365 2 1
1 2366 2 0
1 2367 2 1
1 2368 1 0
1 2369 1 0
1 2370 2 1
1 2371 2 1
1 2372 1 1
1 2373 2 0
1 2374 2 1
1 2375 1 0
1 2376 1 0
1 2377 2 0
1 2378 2 1
1 2379 2 0
1 2380 1 1
1 2381 1 1
1 2382 2 1
1 2383 2 1
1 2384 1 0
1 2385 2 1
1 2386 2 0
1 2387 1 0
1 2388 1 0
1 2389 2 0
1 2390 1 0
1 2391 2 0
1 2392 1 1
1 2393 2 0
1 2394 2 0
1 2395 2 0
1 2396 2 0
1 2397 1 0
1 2398 1 0
1 2399 1 0
1 2400 1 0
1 2401 1 0
1 2402 1 1
1 2403 1 1
1 2404 1 0
1 2405 1 0
1 2406 1 0
1 2407 1 0
1 2408 1 0
1 2409 2 0
1 2410 2 0
1 2411 2 1
1 2412 1 0
1 2413 2 0
1 2414 2 0
1 2415 1 1
1 2416 2 1
1 2417 2 0
1 2418 1 1
1 2419 2 0
1 2420 1 1
1 2421 1 1
1 2422 1 0
1 2423 2 0
1 2424 1 0
1 2425 1 0
1 2426 2 0
1 2427 2 0
1 2428 1 0
1 2429 2 0
1 2430 2 0
1 2431 1 0
1 2432 1 0
1 2433 2 1
1 2434 1 0
1 2435 2 0
1 2436 2 1
1 2437 2 0
1 2438 1 0
1 2439 1 0
1 2440 1 0
1 2441 2 0
1 2442 2 0
1 2443 2 0
1 2444 1 0
1 2445 2 0
1 2446 1 1
1 2447 2 1
1 2448 2 0
1 2449 1 0
1 2450 2 0
1 2451 2 0
1 2452 1 0
1 2453 1 0
1 2454 1 0
1 2455 2 0
1 2456 1 0
1 2457 1 0
1 2458 1 0
1 2459 1 0
1 2460 1 0
1 2461 1 0
1 2462 1 0
1 2463 2 0
1 2464 2 0
1 2465 2 0
1 2466 2 0
1 2467 1 0
1 2468 2 0
1 2469 2 0
1 2470 2 1
1 2471 1 1
1 2472 1 0
1 2473 1 0
1 2474 2 1
1 2475 1 1
1 2476 2 0
1 2477 2 1
1 2478 1 0
1 2479 1 0
1 2480 2 0
1 2481 2 0
1 2482 1 0
1 2483 2 0
1 2484 2 0
1 2485 1 0
1 2486 1 0
1 2487 2 0
1 2488 2 0
1 2489 1 0
1 2490 1 0
1 2491 2 0
1 2492 1 0
1 2493 1 0
1 2494 1 0
1 2495 1 0
1 2496 1 0
1 2497 2 0
1 2498 2 1
1 2499 2 0
1 2500 2 0
1 2501 1 0
1 2502 2 0
1 2503 1 0
1  2 0
1 2504 2 1
1 2505 1 0
1 2506 1 0
1 2507 1 0
1 2508 1 0
1 2509 2 0
1 2510 2 0
1 2511 2 0
1 55 2 0
1 39 1 0
1 56 1 0
1 57 1 1
1 51 1 0
1 58 1 0
1 59 1 0
1 60 1 0
1 61 1 0
1 62 1 1
1 63 2 0
1 47 2 0
1 64 1 0
1 65 1 1
1 66 2 1
1 67 1 0
1 68 1 0
1 69 1 1
1 70 2 0
1 71 1 0
1 72 1 0
1 73 1 0
1 74 2 0
1 75 1 0
1 76 2 0
1 77 2 0
1 78 2 0
1 52 1 1
1 79 2 1
1 80 2 1
1 81 1 1
1 82 2 1
1 83 2 0
1 84 2 1
1 85 2 0
1 86 2 0
1 87 2 1
1 88 2 0
1 89 1 0
1 90 2 1
1 91 1 0
1 92 2 0
1 93 2 0
1 94 1 0
1 95 2 0
1 96 2 0
1 97 1 0
1 98 2 0
1 50 1 0
1 99 1 1
1 100 1 0
1 45 1 0
1 101 1 0
1 102 1 0
1 103 1 1
1 104 1 0
1 105 1 0
1 106 2 0
1 107 1 0
1 108 2 0
1 109 1 0
1 110 2 1
1 111 1 1
1 112 1 0
1 113 1 1
1 36 1 0
1 114 1 0
1 115 1 1
1 116 1 0
1 117 1 0
1 118 1 1
1 119 1 0
1 120 1 0
1 121 1 0
1 122 2 0
1 123 2 0
1 124 1 0
1 125 1 0
1 126 1 0
1 127 1 0
1 128 1 0
1 129 1 1
1 130 1 1
1 131 2 0
1 132 2 1
1 133 1 0
1 134 1 0
1 135 2 0
1 136 2 0
1 137 2 0
1 138 1 1
1 139 1 1
1 140 2 1
1 141 1 1
1 142 1 0
1 143 2 0
1 144 2 0
1 145 1 1
1 146 2 1
1 147 1 1
1 148 2 1
1 149 1 1
1 150 2 1
1 151 1 0
1 152 1 0
1 153 1 0
1 48 2 0
1 43 1 0
1 154 1 1
1 155 1 1
1 156 1 0
1 157 1 1
1 158 1 1
1 159 2 1
1 160 2 1
1 161 1 1
1 162 1 1
1 163 2 1
1 164 1 1
1 41 1 0
1 165 1 0
1 166 2 1
1 167 1 1
1 168 1 1
1 169 1 0
1 170 2 0
1 171 2 0
1 172 1 0
1 173 1 0
1 174 2 0
1 175 1 0
1 176 2 1
1 177 2 1
1 178 1 0
1 54 2 0
1 179 1 0
1 180 1 0
1 181 1 1
1 182 2 1
1 183 1 0
1 184 2 0
1 185 2 0
1 186 2 0
1 187 2 0
1 188 2 0
1 189 2 1
1 190 1 0
1 191 2 0
1 192 1 0
1 193 1 0
1 194 2 0
1 195 1 0
1 196 2 1
1 197 2 0
1 198 1 0
1 199 1 0
1 200 1 0
1 40 1 0
1 201 1 0
1 202 2 0
1 203 2 0
1 204 2 0
1 205 1 0
1 206 1 0
1 207 2 0
1 208 2 0
1 209 2 0
1 210 1 0
1 211 2 0
1 212 1 0
1 213 2 0
1 214 1 1
1 215 2 1
1 216 1 0
1 217 1 0
1 218 1 1
1 219 2 0
1 220 1 0
1 221 2 0
1 37 1 0
1 222 1 0
1 223 2 0
1 224 1 0
1 225 1 0
1 226 2 0
1 227 2 0
1 228 2 0
1 229 2 0
1 230 2 0
1 231 1 0
1 232 1 0
1 233 2 0
1 30 2 0
1 234 2 0
1 235 1 0
1 236 1 0
1 237 2 0
1 238 1 0
1 239 2 0
1 240 2 1
1 241 1 1
1 242 2 0
1 243 2 0
1 244 2 1
1 245 1 0
1 246 2 0
1 247 1 0
1 248 2 1
1 249 1 1
1 250 1 1
1 251 2 0
1 252 1 1
1 253 1 0
1 254 1 0
1 255 2 1
1 256 1 0
1 257 1 0
1 258 1 0
1 259 1 0
1 260 2 0
1 261 2 0
1 262 1 0
1 263 2 0
1 264 2 1
1 265 1 1
1 46 1 0
1 266 2 1
1 267 1 1
1 268 1 0
1 269 2 1
1 270 1 1
1 271 2 0
1 272 2 0
1 273 2 0
1 274 2 0
1 275 2 0
1 276 1 1
1 277 1 1
1 23 1 0
1 278 1 0
1 279 1 0
1 280 1 0
1 281 1 0
1 282 1 0
1 283 1 0
1 284 2 1
1 285 1 1
1 286 2 0
1 287 2 0
1 288 2 0
1 21 1 0
1 289 1 0
1 290 1 0
1 291 2 1
1 292 2 1
1 293 1 0
1 294 2 0
1 295 2 0
1 296 1 1
1 297 1 1
1 298 1 0
1 299 2 1
1 300 1 1
1 301 1 0
1 302 1 0
1 303 2 0
1 304 1 0
1 305 1 0
1 306 1 0
1 307 1 1
1 308 2 1
1 309 1 1
1 310 2 1
1 311 1 1
1 312 1 1
1 313 1 0
1 314 1 0
1 315 2 0
1 316 2 0
1 317 1 1
1 318 2 1
1 319 2 0
1 320 2 0
1 321 1 1
1 322 2 1
1 323 2 0
1 324 2 1
1 325 1 0
1 326 1 1
1 327 2 0
1 328 2 1
1 329 2 0
1 330 2 0
1 331 1 0
1 332 1 0
1 333 1 0
1 334 1 0
1 335 1 0
1 336 2 0
1 337 2 0
1 338 1 0
1 339 1 1
1 340 2 0
1 341 1 0
1 342 1 0
1 343 1 0
1 344 1 0
1 345 2 0
1 346 1 0
1 347 2 0
1 348 1 0
1 349 1 0
1 350 1 0
1 351 1 0
1 352 2 0
1 353 1 0
1 354 1 0
1 355 2 0
1 356 1 0
1 357 1 0
1 358 2 0
1 359 1 0
1 360 2 0
1 361 1 1
1 362 1 1
1 363 1 0
1 364 1 0
1 365 1 0
1 366 1 1
1 367 1 0
1 368 2 0
1 369 2 1
1 370 2 1
1 371 1 0
1 372 2 0
1 373 1 0
1 38 1 0
1 374 1 0
1 375 2 0
1 376 1 1
1 377 2 1
1 378 2 0
1 32 1 1
1 379 1 1
1 380 2 0
1 381 1 0
1 382 1 0
1 383 1 1
1 384 2 1
1 385 2 0
1 13 1 0
1 386 1 0
1 387 2 0
1 388 2 0
1 29 2 0
1 389 2 0
1 390 1 0
1 391 1 0
1 392 1 0
1 393 2 0
1 394 1 0
1 395 2 0
1 396 2 0
1 397 1 0
1 398 1 0
1 399 2 0
1 400 1 1
1 401 2 1
1 402 2 0
1 403 2 0
1 404 1 1
1 405 2 1
1 406 2 0
1 407 2 1
1 408 2 0
1 49 1 0
1 409 2 0
1 410 2 0
1 411 1 0
1 412 2 0
1 413 1 0
1 414 2 0
1 415 2 0
1 416 2 1
1 417 1 0
1 418 2 0
1 419 2 0
1 420 1 0
1 421 2 0
1 422 2 0
1 423 1 1
1 424 2 1
1 425 2 1
1 426 2 1
1 427 1 0
1 428 1 0
1 429 1 0
1 430 1 1
1 431 1 1
1 432 1 0
1 433 1 0
1 434 1 0
1 435 1 0
1 436 1 0
1 437 1 0
1 438 1 0
1 439 2 0
1 440 1 1
1 441 2 0
1 442 1 0
1 443 1 0
1 444 1 0
1 445 2 1
1 446 2 0
1 447 1 0
1 448 1 0
1 449 1 0
1 450 1 1
1 451 2 1
1 452 2 1
1 453 2 0
1 454 2 0
1 455 2 1
1 456 1 1
1 457 2 0
1 458 2 1
1 459 2 1
1 460 2 0
1 461 1 0
1 462 2 0
1 463 2 0
1 464 1 0
1 465 2 1
1 466 1 1
1 467 2 0
1 468 2 0
1 469 1 0
1 470 1 0
1 471 1 0
1 472 2 0
1 473 2 0
1 474 1 0
1 475 2 0
1 53 1 0
1 476 1 0
1 477 2 0
1 478 1 1
1 479 2 1
1 480 2 1
1 481 2 1
1 482 2 0
1 483 1 0
1 484 1 0
1 485 2 0
1 486 1 0
1 487 2 0
1 488 2 0
1 489 2 0
1 490 1 0
1 491 2 0
1 492 2 0
1 493 2 0
1 494 2 0
1 495 1 0
1 496 2 0
1 26 2 0
1 497 2 0
1 498 2 0
1 499 1 0
1 17 1 0
1 500 1 0
1 501 2 1
1 502 1 1
1 503 1 1
1 504 2 1
1 505 2 0
1 506 2 1
1 507 2 1
1 508 1 0
1 509 1 0
1 510 2 0
1 511 1 0
1 512 2 1
1 513 2 1
1 514 1 0
1 515 1 0
1 516 2 0
1 517 1 0
1 518 2 0
1 519 2 0
1 520 1 0
1 521 2 0
1 522 2 0
1 523 2 0
1 524 1 1
1 525 2 1
1 526 2 0
1 527 2 0
1 528 2 0
1 529 1 0
1 530 2 0
1 531 1 1
1 532 1 1
1 533 1 0
1 534 2 0
1 535 2 0
1 536 1 0
1 537 2 0
1 538 1 0
1 539 1 1
1 540 1 1
1 541 1 1
1 542 1 1
1 543 1 0
1 544 2 1
1 545 2 1
1 546 2 0
1 547 2 0
1 548 2 0
1 549 1 0
1 550 2 0
1 551 1 0
1 552 2 0
1 553 1 0
1 554 1 0
1 555 2 1
1 556 2 0
1 557 2 0
1 558 1 0
1 559 2 0
1 560 2 0
1 561 2 0
1 562 2 0
1 563 1 0
1 564 1 1
1 565 2 1
1 566 1 0
1 567 2 0
1 568 1 0
1 569 2 0
1 570 2 1
1 571 2 0
1 572 2 1
1 573 2 1
1 574 2 0
1 575 2 0
1 576 2 0
1 577 1 1
1 578 2 1
1 579 2 0
1 580 1 0
1 581 2 0
1 582 1 1
1 583 1 0
1 584 1 0
1 585 2 0
1 586 1 0
1 587 2 0
1 588 1 0
1 589 2 1
1 590 1 1
1 591 2 1
1 592 2 0
1 593 1 0
1 594 2 0
1 595 2 0
1 596 1 0
1 597 2 0
1 598 1 0
1 599 1 0
1 600 1 0
1 601 2 0
1 602 2 0
1 603 1 0
1 604 2 1
1 605 1 1
1 606 2 1
1 607 1 1
1 608 1 0
1 609 2 0
1 610 2 0
1 611 1 1
1 612 1 1
1 613 1 0
1 614 1 0
1 615 2 0
1 616 2 0
1 617 1 1
1 618 1 1
1 619 1 1
1 620 1 1
1 621 2 1
1 622 2 1
1 623 2 1
1 624 2 0
1 625 1 0
1 626 2 0
1 627 1 0
1 628 1 0
1 629 2 0
1 630 2 0
1 631 1 1
1 632 1 0
1 633 2 1
1 634 1 0
1 635 1 0
1 636 1 0
1 637 2 0
1 638 2 1
1 639 1 1
1 640 1 0
1 641 2 0
1 642 2 0
1 643 2 0
1 644 2 0
1 645 2 0
1 646 2 0
1 647 1 0
1 648 1 0
1 649 2 0
1 650 2 0
1 651 2 0
1 652 2 0
1 653 1 0
1 654 1 0
1 655 2 0
1 656 1 0
1 657 2 0
1 658 2 0
1 659 2 0
1 660 1 0
1 661 1 0
1 662 1 0
1 663 2 0
1 664 2 0
1 665 1 0
1 666 2 0
1 667 1 0
1 668 2 0
1 669 2 0
1 670 2 0
1 35 1 0
1 671 1 0
1 672 2 0
1 673 2 0
1 674 2 0
1 675 1 0
1 676 1 0
1 677 2 0
1 678 2 0
1 679 2 0
1 680 1 0
1 681 1 0
1 682 1 0
1 683 1 0
1 684 2 0
1 28 1 0
1 685 2 0
1 25 1 0
1 686 2 0
1 687 2 1
1 688 1 0
1 689 2 0
1 690 2 0
1 691 1 0
1 692 2 0
1 20 2 0
1 693 1 0
1 694 2 0
1 695 2 0
1 696 2 0
1 697 1 0
1 698 2 0
1 699 1 0
1 700 2 0
1 16 1 0
1 701 1 0
1 702 1 0
1 703 2 0
1 704 2 0
1 705 2 1
1 706 2 1
1 707 2 0
1 708 2 0
1 709 2 0
1 710 2 0
1 711 2 0
1 712 1 0
1 713 2 0
1 714 1 0
1 715 2 0
1 716 1 0
1 717 2 0
1 718 2 0
1 719 1 0
1 720 2 1
1 721 2 1
1 722 1 0
1 723 1 0
1 724 2 0
1 12 2 0
1 725 1 0
1 726 1 0
1 727 2 0
1 728 2 0
1 729 2 0
1 730 1 0
1 731 2 0
1 732 1 0
1 733 1 0
1 734 1 0
1 735 1 0
1 9 1 0
1 736 2 0
1 737 2 1
1 738 1 0
1 739 2 0
1 740 2 0
1 741 2 0
1 742 1 0
1 743 1 0
1 744 1 0
1 4 1 0
1 745 2 1
1 746 1 1
1 747 1 1
1 748 1 1
1 749 2 0
1 750 2 0
1 751 2 0
1 752 2 0
1 753 1 0
1 754 1 0
1 755 2 0
1 756 1 0
1 757 1 0
1 758 2 0
1 759 1 0
1 760 1 0
1 761 1 1
1 762 2 1
1 763 2 0
1 764 1 0
1 765 2 0
1 766 1 0
1 767 1 1
1 8 1 1
1 768 1 0
1 769 1 0
1 770 2 1
1 3 2 1
1 771 2 0
1 772 2 0
1 773 2 0
1 774 2 0
1 775 1 0
1 776 2 0
1 777 2 0
1 778 1 1
1 779 1 0
1 780 2 1
1 2 2 1
1 781 1 0
1 782 2 0
1 783 1 0
1 784 1 0
1 785 1 0
1 786 2 0
1 787 2 0
1 788 1 1
1 789 2 1
1 790 1 1
1 791 1 1
1 792 1 0
1 793 2 0
1 794 1 0
1 795 2 0
1 796 1 1
1 797 1 1
1 798 2 0
1 799 2 1
1 800 1 1
1 801 2 0
1 802 2 0
1 803 2 1
1 804 2 1
1 805 2 1
1 806 1 0
1 807 2 0
1 808 1 1
1 809 1 0
1 810 2 1
1 811 1 0
1 812 1 0
1 813 1 0
1 814 2 0
1 815 2 0
1 816 1 0
1 817 1 0
1 818 1 0
1 819 2 0
1 820 2 0
1 821 2 1
1 822 1 0
1 823 1 0
1 824 1 1
1 825 1 0
1 826 1 0
1 827 1 0
1 828 2 0
1 829 1 0
1 830 1 1
1 831 2 1
1 832 1 1
1 833 1 0
1 834 2 0
1 835 2 1
1 836 2 0
1 837 1 0
1 838 1 0
1 839 1 0
1 840 1 0
1 15 1 0
1 841 2 0
1 842 1 0
1 843 1 1
1 844 1 0
1 845 1 0
1 846 1 0
1 847 1 0
1 848 1 1
1 849 2 1
1 850 2 0
1 851 2 0
1 852 1 1
1 853 1 0
1 854 2 0
1 855 2 0
1 856 2 0
1 857 1 0
1 858 2 0
1 859 2 0
1 860 1 0
1 861 2 1
1 862 2 0
1 863 2 1
1 864 2 0
1 865 2 0
1 866 1 0
1 867 2 0
1 868 1 0
1 869 1 0
1 870 1 0
1 871 1 0
1 872 1 0
1 873 2 0
1 874 2 1
1 875 1 1
1 876 1 0
1 877 1 0
1 878 2 0
1 879 2 0
1 880 2 0
1 881 2 0
1 882 2 0
1 883 1 0
1 884 2 0
1 885 2 0
1 886 2 0
1 887 1 0
1 888 1 0
1 889 2 0
1 890 1 1
1 891 1 0
1 1 2 0
1 892 2 0
1 893 1 0
1 894 2 0
1 895 2 1
1 896 1 1
1 897 1 0
1 34 2 0
1 31 2 1
1 898 1 0
1 899 1 1
1 900 2 1
1 901 1 1
1 902 1 1
1 903 2 0
1 904 2 0
1 905 1 0
1 906 2 0
1 907 1 0
1 908 1 0
1 909 2 0
1 910 2 0
1 911 2 0
1 912 2 0
1 913 1 0
1 914 1 0
1 915 2 0
1 916 2 0
1 917 1 0
1 27 2 0
1 918 1 0
1 919 2 1
1 920 1 0
1 921 1 0
1 922 2 0
1 923 2 0
1 924 1 1
1 925 2 1
1 926 2 0
1 927 2 0
1 928 2 0
1 929 1 0
1 930 1 0
1 931 2 0
1 932 2 1
1 933 1 0
1 934 2 1
1 935 2 0
1 936 1 0
1 937 1 0
1 938 2 1
1 939 2 1
1 940 1 1
1 941 2 0
1 942 1 0
1 943 2 1
1 944 2 1
1 19 2 0
1 945 1 1
1 946 1 1
1 947 1 1
1 948 1 1
1 949 1 0
1 950 2 0
1 951 2 0
1 952 2 1
1 953 2 0
1 954 2 0
1 955 2 0
1 956 2 0
1 957 2 0
1 958 1 0
1 959 2 0
1 960 1 0
1 961 2 0
1 962 1 0
1 963 1 0
1 964 2 0
1 965 1 0
1 11 2 0
1 966 2 0
1 967 1 0
1 968 1 1
1 969 2 1
1 970 1 0
1 971 1 0
1 972 2 0
1 973 1 0
1 974 1 1
1 975 2 1
1 976 2 1
1 977 1 0
1 978 2 0
1 979 2 0
1 980 1 0
1 981 2 0
1 982 2 0
1 983 1 0
1 984 2 0
1 985 1 0
1 986 2 1
1 44 1 0
1 987 1 0
1 988 1 0
1 989 1 0
1 990 1 0
1 991 2 1
1 992 1 1
1 993 1 0
1 994 2 0
1 995 1 0
1 996 2 1
1 997 2 1
1 998 1 0
1 999 1 0
1 1000 1 0
1 1001 1 0
1 1002 1 0
1 1003 2 1
1 7 1 1
1 1004 1 0
1 1005 2 0
1 1006 1 0
1 1007 2 0
1 1008 1 0
1 1009 1 0
1 1010 1 0
1 1011 1 0
1 1012 1 0
1 1013 1 0
1 1014 1 0
1 1015 1 0
1 1016 1 0
1 1017 1 0
1 1018 1 0
1 1019 1 0
1 1020 1 0
1 1021 2 1
1 1022 2 1
1 1023 1 0
1 1024 2 0
1 1025 2 0
1 1026 2 0
1 1027 1 0
1 1028 2 0
1 1029 1 0
1 1030 1 0
1 1031 1 0
1 33 1 0
1 1032 2 1
1 1033 2 1
1 1034 2 0
1 1035 1 0
1 1036 2 0
1 1037 1 0
1 1038 1 0
1 1039 1 0
1 1040 1 0
1 1041 1 0
1 1042 2 0
1 1043 1 0
1 1044 2 0
1 1045 1 0
1 1046 1 1
1 1047 2 1
1 1048 1 0
1 1049 2 0
1 1050 2 1
1 1051 2 1
1 1052 1 0
1 1053 1 0
1 1054 2 0
1 1055 1 0
1 1056 2 0
1 1057 1 1
1 1058 1 1
1 1059 1 1
1 1060 2 1
1 1061 1 0
1 1062 2 1
1 1063 1 1
1 1064 2 0
1 1065 1 1
1 1066 2 0
1 1067 2 0
1 1068 1 1
1 1069 2 1
1 1070 2 1
1 1071 2 0
1 1072 1 1
1 1073 2 1
1 1074 1 0
1 1075 2 0
1 1076 1 0
1 1077 2 0
1 1078 1 0
1 1079 2 0
1 1080 1 0
1 1081 2 0
1 1082 2 1
1 1083 1 1
1 1084 2 0
1 1085 1 0
1 1086 1 0
1 1087 2 0
1 1088 2 0
1 1089 1 0
1 1090 2 0
1 1091 2 0
1 1092 2 0
1 1093 1 0
1 1094 2 0
1 1095 1 0
1 1096 1 0
1 1097 2 1
1 1098 2 1
1 1099 1 0
1 1100 2 0
1 1101 1 0
1 1102 1 1
1 1103 2 0
1 1104 2 0
1 1105 2 1
1 1106 2 1
1 1107 1 0
1 1108 1 0
1 1109 2 0
1 1110 2 0
1 1111 1 0
1 1112 2 1
1 1113 2 1
1 1114 1 0
1 1115 1 0
1 1116 2 0
1 1117 1 0
1 1118 1 0
1 1119 1 0
1 1120 2 0
1 1121 2 0
1 1122 1 0
1 1123 1 0
1 1124 2 0
1 1125 2 0
1 1126 1 0
1 1127 1 0
1 1128 1 0
1 1129 1 0
1 1130 1 0
1 1131 1 1
1 1132 2 1
1 18 2 0
1 1133 1 0
1 1134 1 0
1 1135 2 0
1 1136 1 0
1 1137 2 0
1 10 2 0
1 1138 1 0
1 6 2 0
1 1139 1 0
1 1140 2 0
1 1141 2 0
1 1142 1 0
1 1143 1 0
1 1144 2 0
1 1145 2 0
1 1146 1 0
1 1147 1 0
1 1148 1 0
1 1149 1 0
1 1150 1 0
1 1151 1 0
1 1152 1 0
1 1153 2 0
1 1154 1 1
1 1155 1 1
1 1156 2 0
1 1157 1 0
1 1158 1 0
1 1159 2 0
1 1160 2 0
1 1161 2 0
1 42 1 0
1 1162 1 0
1 1163 1 0
1 1164 1 0
1 1165 2 0
1 1166 1 0
1 1167 2 0
1 1168 1 0
1 1169 2 0
1 1170 1 0
1 1171 2 0
1 1172 1 0
1 1173 1 0
1 1174 1 0
1 1175 2 0
1 1176 2 0
1 1177 1 0
1 1178 2 0
1 1179 2 0
1 1180 2 0
1 1181 2 0
1 1182 1 0
1 1183 1 0
1 1184 1 0
1 1185 2 0
1 1186 1 0
1 1187 1 0
1 1188 1 1
1 1189 2 1
1 1190 2 0
1 1191 1 1
1 1192 2 0
1 1193 2 0
1 24 2 0
1 1194 2 0
1 1195 2 0
1 1196 2 1
1 1197 1 1
1 1198 1 0
1 1199 1 0
1 1200 1 0
1 1201 2 0
1 1202 1 0
1 1203 2 0
1 1204 1 0
1 1205 2 1
1 1206 2 1
1 1207 2 0
1 1208 2 0
1 1209 1 0
1 1210 1 0
1 1211 2 0
1 1212 2 0
1 1213 1 0
1 1214 2 0
1 22 1 0
1 1215 2 0
1 1216 1 0
1 1217 2 0
1 1218 2 0
1 1219 1 0
1 1220 1 0
1 1221 2 0
1 1222 2 0
1 1223 2 0
1 1224 2 0
1 1225 2 1
1 1226 2 1
1 1227 1 0
1 1228 2 0
1 1229 1 0
1 1230 1 0
1 1231 2 1
1 1232 2 0
1 1233 2 0
1 1234 2 0
1 1235 2 0
1 1236 1 0
1 1237 2 0
1 1238 2 0
1 1239 2 0
1 1240 2 0
1 1241 2 0
1 1242 2 0
1 1243 2 0
1 1244 2 0
1 1245 1 0
1 1246 1 0
1 1247 1 0
1 1248 2 1
1 1249 1 1
1 1250 1 0
1 1251 2 0
1 1252 2 0
1 1253 1 0
1 1254 2 1
1 1255 2 1
1 1256 2 1
1 1257 2 0
1 1258 1 0
1 1259 1 1
1 1260 1 0
1 1261 1 0
1 1262 2 0
1 1263 2 1
1 1264 1 1
1 1265 1 0
1 1266 2 0
1 1267 1 1
1 1268 2 0
1 1269 2 0
1 1270 1 0
1 1271 2 0
1 1272 1 0
1 1273 1 0
1 1274 1 0
1 1275 2 1
1 1276 1 0
1 1277 2 0
1 1278 2 0
1 1279 1 0
1 1280 2 0
1 1281 1 0
1 1282 2 0
1 1283 1 0
1 1284 2 0
1 1285 2 0
1 1286 1 0
1 1287 2 1
1 1288 1 1
1 1289 1 1
1 1290 1 0
1 1291 2 0
1 1292 1 0
1 1293 1 0
1 1294 2 0
1 1295 1 1
1 1296 2 0
1 1297 1 0
1 1298 2 0
1 1299 1 0
1 14 2 1
1 1300 1 0
1 1301 1 0
1 1302 1 0
1 1303 1 0
1 1304 1 0
1 1305 2 0
1 1306 2 0
1 1307 1 0
1 1308 1 0
1 1309 2 0
1 1310 2 1
1 1311 1 1
1 1312 2 0
1 1313 1 0
1 1314 2 0
1 1315 2 0
1 1316 2 0
1 1317 2 0
1 1318 1 1
1 1319 1 1
1 1320 2 1
1 1321 1 0
1 1322 1 0
1 1323 1 0
1 1324 2 0
1 1325 1 0
1 1326 1 0
1 1327 2 0
1 1328 2 0
1 1329 2 0
1 1330 2 1
1 1331 1 0
1 1332 1 0
1 1333 2 0
1 1334 1 0
1 1335 2 1
1 1336 1 1
1 1337 1 0
1 1338 1 0
1 1339 1 0
1 1340 2 1
1 1341 1 1
1 1342 2 1
1 1343 2 0
1 1344 1 0
1 1345 2 0
1 1346 2 0
1 1347 1 0
1 1348 1 0
1 1349 2 0
1 1350 2 0
1 1351 2 0
1 1352 1 0
1 1353 1 1
1 1354 2 1
1 1355 1 0
1 1356 1 0
1 1357 2 1
1 1358 1 1
1 1359 1 0
1 1360 1 0
1 1361 1 0
1 1362 2 0
1 1363 2 0
1 1364 1 0
1 1365 2 0
1 1366 1 0
1 1367 1 0
1 1368 2 0
1 1369 2 1
1 1370 1 0
1 1371 2 0
1 1372 2 0
1 1373 1 1
1 1374 2 1
1 1375 1 0
1 1376 1 1
1 1377 2 1
1 1378 2 0
1 1379 2 0
1 1380 1 1
1 1381 2 1
1 1382 2 0
1 1383 1 0
1 1384 2 0
1 1385 2 0
1 1386 2 0
1 1387 1 0
1 1388 1 0
1 1389 2 0
1 1390 2 0
1 1391 2 0
1 1392 2 0
1 5 1 0
1 1393 1 0
1 1394 1 0
1 1395 1 0
1 1396 1 0
1 1397 1 0
1 1398 2 1
1 1399 1 1
1 1400 1 0
1 1401 2 0
1 1402 2 1
1 1403 1 1
1 1404 2 0
1 1405 1 0
1 1406 1 1
1 1407 1 1
1 1408 1 0
1 1409 2 0
1 1410 1 1
1 1411 2 0
1 1412 1 0
1 1413 2 1
1 1414 1 0
1 1415 2 0
1 1416 2 1
1 1417 2 0
1 1418 2 0
1 1419 2 0
1 1420 1 0
1 1421 2 0
1 1422 1 0
1 1423 1 1
1 1424 1 0
1 1425 1 0
1 1426 2 0
1 1427 1 0
1 1428 2 0
1 1429 2 0
1 1430 2 0
1 1431 2 0
1 1432 1 0
1 1433 1 0
1 1434 1 0
1 1435 1 0
1 1436 2 1
1 1437 2 0
1 1438 1 0
1 1439 1 0
1 1440 2 0
1 1441 1 0
1 1442 2 0
1 1443 1 0
1 1444 1 0
1 1445 1 0
1 1446 1 0
1 1447 2 0
1 1448 2 0
1 1449 1 0
1 1450 2 1
1 1451 2 0
1 1452 1 0
1 1453 1 0
1 1454 1 0
1 1455 1 0
1 1456 1 0
1 1457 1 1
1 1458 1 1
1 1459 2 0
1 1460 2 1
1 1461 2 1
1 1462 2 0
1 1463 2 0
1 1464 1 0
1 1465 1 1
1 1466 1 1
1 1467 1 0
1 1468 2 1
1 1469 2 1
1 1470 2 0
1 1471 1 0
1 1472 2 0
1 1473 2 0
1 1474 1 1
1 1475 1 1
1 1476 2 0
1 1477 2 1
1 1478 1 1
1 1479 1 1
1 1480 2 1
1 1481 2 0
1 1482 1 0
1 1483 1 0
1 1484 2 1
1 1485 2 0
1 1486 1 0
1 1487 2 0
1 1488 1 0
1 1489 2 0
1 1490 2 0
1 1491 1 0
1 1492 1 0
1 1493 2 0
1 1494 1 0
1 1495 1 0
1 1496 2 0
1 1497 2 0
1 1498 1 0
1 1499 1 0
1 1500 2 0
1 1501 2 1
1 1502 2 0
1 1503 1 0
1 1504 2 0
1 1505 1 0
1 1506 1 0
1 1507 2 0
1 1508 1 0
1 1509 1 0
1 1510 2 1
1 1511 2 0
1 1512 2 0
1 1513 2 0
1 1514 1 0
1 1515 2 0
1 1516 1 0
1 1517 1 0
1 1518 2 1
1 1519 1 1
1 1520 2 0
1 1521 2 0
1 1522 1 0
1 1523 2 0
1 1524 2 0
1 1525 2 0
1 1526 1 0
1 1527 1 0
1 1528 1 0
1 1529 2 1
1 1530 2 0
1 1531 2 0
1 1532 2 0
1 1533 2 1
1 1534 1 0
1 1535 2 0
1 1536 1 0
1 1537 2 0
1 1538 1 0
1 1539 1 0
1 1540 2 0
1 1541 1 0
1 1542 1 0
1 1543 1 0
1 1544 1 0
1 1545 2 0
1 1546 1 1
1 1547 2 1
1 1548 2 0
1 1549 1 0
1 1550 1 0
1 1551 2 0
1 1552 1 0
1 1553 1 0
1 1554 1 0
1 1555 2 0
1 1556 1 0
1 1557 1 0
1 1558 1 0
1 1559 1 0
1 1560 2 0
1 1561 1 0
1 1562 1 0
1 1563 2 0
1 1564 2 0
1 1565 1 0
1 1566 2 1
1 1567 2 0
1 1568 1 0
1 1569 1 1
1 1570 1 1
1 1571 1 0
1 1572 1 0
1 1573 1 0
1 1574 1 0
1 1575 2 1
1 1576 2 0
1 1577 2 0
1 1578 2 0
1 1579 1 0
1 1580 1 0
1 1581 2 0
1 1582 1 0
1 1583 1 0
1 1584 1 0
1 1585 1 1
1 1586 1 0
1 1587 1 0
1 1588 1 0
1 1589 2 1
1 1590 2 1
1 1591 2 0
1 1592 1 0
1 1593 2 1
1 1594 2 1
1 1595 2 0
1 1596 2 0
1 1597 1 1
1 1598 1 0
1 1599 1 0
1 1600 2 0
1 1601 1 0
1 1602 2 0
1 1603 1 1
1 1604 2 0
1 1605 2 0
1 1606 2 0
1 1607 1 0
1 1608 1 0
1 1609 2 0
1 1610 1 0
1 1611 1 1
1 1612 1 1
1 1613 1 0
1 1614 1 0
1 1615 1 0
1 1616 1 0
1 1617 2 0
1 1618 2 0
1 1619 2 0
1 1620 2 0
1 1621 1 0
1 1622 1 0
1 1623 1 0
1 1624 1 0
1 1625 2 0
1 1626 1 0
1 1627 1 0
1 1628 2 0
1 1629 1 0
1 1630 1 0
1 1631 2 0
1 1632 2 0
1 1633 2 0
1 1634 2 0
1 1635 2 0
1 1636 2 0
1 1637 2 0
1 1638 2 0
1 1639 1 0
1 1640 1 0
1 1641 1 0
1 1642 2 0
1 1643 2 0
1 1644 2 0
1 1645 2 0
1 1646 1 0
1 1647 1 0
1 1648 2 0
1 1649 2 0
1 1650 1 0
1 1651 1 0
1 1652 1 0
1 1653 1 0
1 1654 1 0
1 1655 2 0
1 1656 2 1
1 1657 2 0
1 1658 1 0
1 1659 2 0
1 1660 1 0
1 1661 2 1
1 1662 2 1
1 1663 1 0
1 1664 2 0
1 1665 1 1
1 1666 2 1
1 1667 1 0
1 1668 1 0
1 1669 2 0
1 1670 1 0
1 1671 2 0
1 1672 1 0
1 1673 1 0
1 1674 1 0
1 1675 1 0
1 1676 1 0
1 1677 1 0
1 1678 2 0
1 1679 2 0
1 1680 1 0
1 1681 1 0
1 1682 1 0
1 1683 1 0
1 1684 2 0
1 1685 2 0
1 1686 2 1
1 1687 2 0
1 1688 1 0
1 1689 1 0
1 1690 1 0
1 1691 1 0
1 1692 2 0
1 1693 2 0
1 1694 1 0
1 1695 1 0
1 1696 2 0
1 1697 1 0
1 1698 1 1
1 1699 2 1
1 1700 2 0
1 1701 1 0
1 1702 2 0
1 1703 2 0
1 1704 2 1
1 1705 2 0
1 1706 2 0
1 1707 1 0
1 1708 1 0
1 1709 2 0
1 1710 1 0
1 1711 2 0
1 1712 2 0
1 1713 2 0
1 1714 2 0
1 1715 2 0
1 1716 2 0
1 1717 2 0
1 1718 1 0
1 1719 1 0
1 1720 2 0
1 1721 1 0
1 1722 1 0
1 1723 1 0
1 1724 2 0
1 1725 2 0
1 1726 1 0
1 1727 1 0
1 1728 1 0
1 1729 2 0
1 1730 1 0
1 1731 2 0
1 1732 1 0
1 1733 2 0
1 1734 1 0
1 1735 1 0
1 1736 2 0
1 1737 2 0
1 1738 1 0
1 1739 2 0
1 1740 2 0
1 1741 1 0
1 1742 2 0
1 1743 2 0
1 1744 1 0
1 1745 1 0
1 1746 1 0
1 1747 1 0
1 1748 1 0
1 1749 1 0
1 1750 1 0
1 1751 2 0
1 1752 1 0
1 1753 1 0
1 1754 2 0
1 1755 1 0
1 1756 1 0
1 1757 2 0
1 1758 1 0
1 1759 2 0
1 1760 1 0
1 1761 1 1
1 1762 1 1
1 1763 2 0
1 1764 1 0
1 1765 2 0
1 1766 1 0
1 1767 2 0
1 1768 2 0
1 1769 1 0
1 1770 2 0
1 1771 1 1
1 1772 2 1
1 1773 1 0
1 1774 2 0
1 1775 1 0
1 1776 1 1
1 1777 1 1
1 1778 1 0
1 1779 2 0
1 1780 1 1
1 1781 2 1
1 1782 1 0
1 1783 2 0
1 1784 2 1
1 1785 1 1
1 1786 1 1
1 1787 1 1
1 1788 2 1
1 1789 2 1
1 1790 1 1
1 1791 1 0
1 1792 2 0
1 1793 2 0
1 1794 1 0
1 1795 2 0
1 1796 2 0
1 1797 1 0
1 1798 2 0
1 1799 2 1
1 1800 1 1
1 1801 1 0
1 1802 2 0
1 1803 2 0
1 1804 1 0
1 1805 1 1
1 1806 2 1
1 1807 2 0
1 1808 2 1
1 1809 1 0
1 1810 1 0
1 1811 2 1
1 1812 1 1
1 1813 1 0
1 1814 1 0
1 1815 1 0
1 1816 2 0
1 1817 1 0
1 1818 2 0
1 1819 1 0
1 1820 1 0
1 1821 2 0
1 1822 1 1
1 1823 2 1
1 1824 2 0
1 1825 1 1
1 1826 1 1
1 1827 2 0
1 1828 2 0
1 1829 1 1
1 1830 1 0
1 1831 1 0
1 1832 2 0
1 1833 2 0
1 1834 1 1
1 1835 2 1
1 1836 1 0
1 1837 1 0
1 1838 2 1
1 1839 2 1
1 1840 2 1
1 1841 2 1
1 1842 2 0
1 1843 2 1
1 1844 2 1
1 1845 2 0
1 1846 2 0
1 1847 2 0
1 1848 1 0
1 1849 1 0
1 1850 1 0
1 1851 1 0
1 1852 1 0
1 1853 1 0
1 1854 1 0
1 1855 2 0
1 1856 1 0
1 1857 2 0
1 1858 2 0
1 1859 2 0
1 1860 1 0
1 1861 2 0
1 1862 2 0
1 1863 1 0
1 1864 2 0
1 1865 1 0
1 1866 1 0
1 1867 1 1
1 1868 2 0
1 1869 1 0
1 1870 2 0
1 1871 1 1
1 1872 2 1
1 1873 1 0
1 1874 1 0
1 1875 1 0
1 1876 1 0
1 1877 1 0
1 1878 1 0
1 1879 1 0
1 1880 2 0
1 1881 1 0
1 1882 2 0
1 1883 2 0
1 1884 2 0
1 1885 1 0
1 1886 2 0
1 1887 2 1
1 1888 2 0
1 1889 2 1
1 1890 1 1
1 1891 1 0
1 1892 2 0
1 1893 2 0
1 1894 1 0
1 1895 1 0
1 1896 1 0
1 1897 2 0
1 1898 1 0
1 1899 2 0
1 1900 2 0
1 1901 1 0
1 1902 1 0
1 1903 2 0
1 1904 1 0
1 1905 2 1
1 1906 1 1
1 1907 2 1
1 1908 1 1
1 1909 2 1
1 1910 1 1
1 1911 2 1
1 1912 2 1
1 1913 1 0
1 1914 2 0
1 1915 1 0
1 1916 2 0
1 1917 2 0
1 1918 2 1
1 1919 2 1
1 1920 2 0
1 1921 1 0
1 1922 2 0
1 1923 2 0
1 1924 2 0
1 1925 2 0
1 1926 2 0
1 1927 1 1
1 1928 2 0
1 1929 2 0
1 1930 1 0
1 1931 1 0
1 1932 2 0
1 1933 1 0
1 1934 1 0
1 1935 2 0
1 1936 2 1
1 1937 2 0
1 1938 1 0
1 1939 2 0
1 1940 1 1
1 1941 2 0
1 1942 1 1
1 1943 2 1
1 1944 1 1
