1 23 77.0199966430664
1 24 78.3099975585938
1 25 67.0299987792969
1 26 75.379997253418
1 27 76.620002746582
1 9 66.1399993896484
1 28 73.6900024414062
1 10 71.4700012207031
1 11 68.7300033569336
1 12 72.4000015258789
1 13 73.7900009155273
1 14 81.25
1 15 68.4499969482422
1 16 75.0100021362305
1 17 73.8899993896484
1 18 68.370002746582
1 19 67.4000015258789
1 20 72.8300018310547
1 8 58.0999984741211
1 21 68.7200012207031
1 22 73.9100036621094
1 1727 68.5899963378906
1 1728 81.8000030517578
1 1729 80.6999969482422
1 1730 58.4300003051758
1 1731 70.9300003051758
1 1732 67.0800018310547
1 1733 75.6999969482422
1 1734 74.0199966430664
1 1735 70.0400009155273
1 1736 68.4599990844727
1 1737 74.5999984741211
1 1738 71.7600021362305
1 1739 68.9300003051758
1 1740 74.2799987792969
1 1741 73.370002746582
1 1742 72.0800018310547
1 1743 75.3199996948242
1 1744 62.75
1 1745 70.9800033569336
1 1746 74.1399993896484
1 1747 75.9000015258789
1 1748 57.7799987792969
1 1749 75.3099975585938
1 1750 73.0400009155273
1 1751 68.3199996948242
1 1752 75.3000030517578
1 1753 76.7600021362305
1 1754 71.5699996948242
1 1755 72.6399993896484
1 1756 71.1699981689453
1 1757 75.1500015258789
1 1758 80.1800003051758
1 1759 70.4499969482422
1 1760 67.0999984741211
1 1761 69.4599990844727
1 1762 76.6600036621094
1 1763 72.0500030517578
1 1764 78.3600006103516
1 1765 70.8099975585938
1 1766 64.0400009155273
1 1767 69.9000015258789
1 1768 77.4700012207031
1 1769 66.4800033569336
1 1770 68.4000015258789
1 1771 66.9000015258789
1 1772 69.9800033569336
1 1773 70.0999984741211
1 1774 74
1 1775 71.6399993896484
1 1776 70.25
1 1777 69.5400009155273
1 1778 66.6399993896484
1 1779 76.620002746582
1 1780 72.6900024414062
1 1781 64.1600036621094
1 1782 60.0400009155273
1 1783 74.4300003051758
1 1784 77.6800003051758
1 1785 73.6100006103516
1 1786 70.1699981689453
1 1787 67.4199981689453
1 1788 70.6999969482422
1 1789 70.7399978637695
1 1790 76.0400009155273
1 1791 75.9800033569336
1 1792 69.4499969482422
1 1793 76.6699981689453
1 1794 65.8300018310547
1 1795 67.4899978637695
1 1796 78.0100021362305
1 1797 66.2099990844727
1 1798 67.870002746582
1 1799 73.0100021362305
1 1800 72.3300018310547
1 1801 75.4300003051758
1 1802 70.9599990844727
1 1803 62.1399993896484
1 1804 71.0999984741211
1 1805 67.370002746582
1 1806 65.9499969482422
1 1807 60.6800003051758
1 1808 73.4800033569336
1 1809 73.1800003051758
1 1810 75.5100021362305
1 1811 74.9899978637695
1 1812 66.5199966430664
1 1813 72.379997253418
1 1814 72.5699996948242
1 1815 71.9300003051758
1 1816 75.7900009155273
1 1817 75.8000030517578
1 1818 66.7099990844727
1 1819 63.1800003051758
1 1820 64.8300018310547
1 1821 74.9199981689453
1 1822 78.870002746582
1 1823 68.8000030517578
1 1824 77.25
1 1825 73.370002746582
1 1826 74.5999984741211
1 1827 72.5100021362305
1 1828 75.6600036621094
1 1829 74.8300018310547
1  70.4899978637695
1 1830 71.1699981689453
1 1831 71.5800018310547
1 1832 77.9400024414062
1 1833 74.5699996948242
1 1834 67.6800003051758
1 1835 81.4400024414062
1 1836 70.8099975585938
1 1837 74.2099990844727
1 1838 67.8399963378906
1 1839 72.6800003051758
1 1840 77.0100021362305
1 1841 67.5199966430664
1 1842 75.5699996948242
1 1843 70
1 1844 67.379997253418
1 1845 74.5500030517578
1 1846 80.0500030517578
1 1847 70.2900009155273
1 1848 66.7099990844727
1 1849 77.8399963378906
1 1850 72.1399993896484
1 1851 71.5800018310547
1 1852 74.879997253418
1 1853 74.0299987792969
1 1854 71.0400009155273
1 1855 70.5
1 1856 72.6399993896484
1 1857 64.0599975585938
1 1858 73.2399978637695
1 1859 71.1399993896484
1 1860 74.129997253418
1 1861 68.879997253418
1 1862 67.2399978637695
1 1863 77.9300003051758
1 1864 73.7799987792969
1 1865 74.3600006103516
1 1866 71
1 1867 77.7200012207031
1 1868 70.5500030517578
1 1869 77.1399993896484
1 1870 76.2600021362305
1 1871 75.1800003051758
1 1872 78.2300033569336
1 1873 69.9300003051758
1 1874 60.4199981689453
1 1875 69.9199981689453
1 1876 69.0500030517578
1 1877 61.6300010681152
1 1878 63.6100006103516
1 1879 72.5400009155273
1 1880 75.0599975585938
1 1881 67.8099975585938
1 1882 68.5400009155273
1 1883 74.1100006103516
1 1884 77.5800018310547
1 1885 76.2799987792969
1 1886 71.1100006103516
1 1887 74.379997253418
1 1888 68.5599975585938
1 1889 76.9400024414062
1 1890 71.2699966430664
1 1891 67.9100036621094
1 1892 71.379997253418
1 1893 69
1 1894 74.8399963378906
1 1895 70.5800018310547
1 1896 70.0899963378906
1 1897 74.3499984741211
1 1898 76.7699966430664
1 1899 69.25
1 1900 59.2999992370605
1 1901 62.1199989318848
1 1902 75.4499969482422
1 1903 74.5199966430664
1 1904 72.0100021362305
1 1905 79.7399978637695
1 1906 72.5199966430664
1 1907 78.5999984741211
1 1908 66.9400024414062
1 1909 77.1800003051758
1 1910 78.1399993896484
1 1911 72.879997253418
1 1912 79.870002746582
1 1913 80.3600006103516
1 1914 81.8600006103516
1 1915 69.0299987792969
1 1916 77.5299987792969
1 1917 76.8300018310547
1 1918 71.5899963378906
1 1919 71.7200012207031
1 1920 63.1699981689453
1 1921 67.4300003051758
1 1922 79
1 1923 73.75
1 1924 75.6100006103516
1 1925 74.9899978637695
1 1926 81.0800018310547
1 1927 70.1399993896484
1 1928 70.5899963378906
1 1929 79.3600006103516
1 1930 75.9800033569336
1 1931 69.0400009155273
1 1932 74.3600006103516
1 1933 69.120002746582
1 1934 71.5800018310547
1 1935 73.1800003051758
1 1936 69.25
1 1937 65.5500030517578
1 1938 75.2399978637695
1 1939 76.5899963378906
1 1940 80.4300003051758
1 1941 74.9899978637695
1 1942 70.7900009155273
1 1943 79.8300018310547
1 1944 77.6500015258789
1 1945 73.6800003051758
1 1946 67.6399993896484
1 1947 66.2900009155273
1 1948 71.7799987792969
1 1949 79.6600036621094
1 1950 74.5800018310547
1 1951 72.5100021362305
1 1952 72.879997253418
1 1953 64.0100021362305
1 1954 69.0299987792969
1 1955 68.9400024414062
1 1956 69.5999984741211
1 1957 65.5999984741211
1 1958 66.7099990844727
1 1959 75.9199981689453
1 1960 68.120002746582
1 1961 71.5999984741211
1 1962 73.3899993896484
1 1963 71.8499984741211
1 1964 73.5899963378906
1 1965 73.7900009155273
1 1966 78.1800003051758
1 1967 76.7399978637695
1 1968 76.3000030517578
1 1969 77.9100036621094
1 1970 69.1100006103516
1 1971 70.4800033569336
1 1972 65.5800018310547
1 1973 73.629997253418
1 1974 79.0599975585938
1 1975 73.9899978637695
1 1976 74.1399993896484
1 1977 63.1199989318848
1 1978 73.0800018310547
1 1979 78.3000030517578
1 1980 64.870002746582
1 1981 71.6699981689453
1 1982 75.8199996948242
1 1983 74.4199981689453
1 1984 69.0699996948242
1 1985 75.4400024414062
1 1986 68.6699981689453
1 1987 73.6900024414062
1 1988 80.2900009155273
1 1989 73.1600036621094
1 1990 70.6800003051758
1 1991 71.129997253418
1 1992 76.3399963378906
1 1993 74.8499984741211
1 1994 72.7699966430664
1 1995 75.620002746582
1 1996 74.4100036621094
1 1997 82.5699996948242
1 1998 77.9599990844727
1 1999 73.4599990844727
1 2000 64.1399993896484
1 2001 69.9000015258789
1 2002 79.7099990844727
1 2003 77.5100021362305
1 2004 72.1399993896484
1 2005 62.9000015258789
1 2006 66.8099975585938
1 2007 71.7699966430664
1 2008 71.9100036621094
1 2009 70.6600036621094
1 2010 68.620002746582
1 2011 62.0200004577637
1 2012 53.2299995422363
1 2013 72.879997253418
1 2014 75.8399963378906
1 2015 68.1999969482422
1 2016 72.3899993896484
1 2017 72.1500015258789
1 2018 76.9100036621094
1 2019 72.5500030517578
1 2020 73.5
1 2021 74.0999984741211
1 2022 74.0999984741211
1 2023 69.2300033569336
1 2024 62.9900016784668
1 2025 68.2200012207031
1 2026 67.5999984741211
1 2027 69.6399993896484
1 2028 63.7900009155273
1 2029 73.6500015258789
1 2030 75.1399993896484
1 2031 68.8099975585938
1 2032 71.9400024414062
1 2033 60.7599983215332
1 2034 74.379997253418
1 2035 67.1999969482422
1 2036 71.0400009155273
1 2037 70.5800018310547
1 2038 70.7699966430664
1 2039 76.9100036621094
1 2040 70.4400024414062
1 2041 72.0999984741211
1 2042 67.0299987792969
1 2043 65.5699996948242
1 2044 65.9800033569336
1 2045 62.2400016784668
1 2046 70.620002746582
1 2047 61.939998626709
1 2048 68.6900024414062
1 2049 73.3199996948242
1 2050 73.3899993896484
1 2051 67.3000030517578
1 2052 68.1800003051758
1 2053 75.25
1 2054 65.8199996948242
1 2055 68.5400009155273
1 2056 72.1500015258789
1 2057 68.9800033569336
1 2058 72.9199981689453
1 2059 78.1100006103516
1 2060 71.129997253418
1 2061 71.7399978637695
1 2062 72.6900024414062
1 2063 66.0999984741211
1 2064 66.1699981689453
1 2065 78.9899978637695
1 2066 79.25
1 2067 73.3099975585938
1 2068 72.4599990844727
1 2069 80.3099975585938
1 2070 71.0999984741211
1 2071 75.3899993896484
1 2072 71.3499984741211
1 2073 73.1999969482422
1 2074 70.0999984741211
1 2075 73.9599990844727
1 2076 71.7900009155273
1 2077 71.4800033569336
1 2078 78.6699981689453
1 2079 71.2099990844727
1 2080 71.6999969482422
1 2081 76.4700012207031
1 2082 71.6399993896484
1 2083 68.5599975585938
1 2084 68.2300033569336
1 2085 72.1900024414062
1 2086 75.8399963378906
1 2087 75.3600006103516
1 2088 65.8399963378906
1 2089 76.870002746582
1 2090 68.1100006103516
1 2091 66.6399993896484
1 2092 65.2900009155273
1 2093 76.7300033569336
1 2094 78.6900024414062
1 2095 65.4400024414062
1 2096 70.0899963378906
1 2097 73.1500015258789
1 2098 71.25
1 2099 68.7399978637695
1 2100 69.7600021362305
1 2101 59.3800010681152
1 2102 66.5199966430664
1 2103 70.8199996948242
1 2104 74.0299987792969
1 2105 77.6500015258789
1 2106 75.3300018310547
1 2107 72.9100036621094
1 2108 69.6399993896484
1 2109 73.25
1 2110 70.3099975585938
1 2111 63.2999992370605
1 2112 71.879997253418
1 2113 74.3499984741211
1 2114 77.0800018310547
1 2115 68.879997253418
1 2116 77.3199996948242
1 29 68.9599990844727
1 30 75.1399993896484
1 31 88.6500015258789
1 32 69.8899993896484
1 33 74.5299987792969
1 34 67.7900009155273
1 35 73
1 36 71.7399978637695
1 37 69.370002746582
1 38 68.9599990844727
1 39 64.6999969482422
1 40 67.3399963378906
1 41 72.0599975585938
1 42 71.3399963378906
1 43 73.2900009155273
1 44 71.5800018310547
1 45 75.6100006103516
1 46 68
1 47 70.6699981689453
1 48 66.3199996948242
1 49 64.0199966430664
1 50 72.9700012207031
1 51 64.8600006103516
1 52 69.3000030517578
1 53 66.9599990844727
1 54 73.8300018310547
1 55 70.5299987792969
1 56 80.8899993896484
1 57 70.9300003051758
1 58 75.6900024414062
1 59 74.5400009155273
1 60 75.3099975585938
1 61 65.9199981689453
1 62 64.7900009155273
1 63 80.879997253418
1 64 75.7399978637695
1 65 69.0999984741211
1 66 73.2900009155273
1 67 77.129997253418
1 68 75.8399963378906
1 69 68.4300003051758
1 70 71.4199981689453
1 71 68.1600036621094
1 72 66.5
1 73 73.4400024414062
1 74 66.7699966430664
1 75 71.629997253418
1 76 72.75
1 77 79.6800003051758
1 78 71.1600036621094
1 79 74.3499984741211
1 80 77.4800033569336
1 81 69.5800018310547
1 82 66.4400024414062
1 83 74.7900009155273
1 84 70
1 85 73.7399978637695
1 86 69.75
1 7 67.4599990844727
1 87 75.9599990844727
1 88 76.2699966430664
1 89 65.4599990844727
1 90 79.0699996948242
1 91 73.8000030517578
1 92 72.9400024414062
1 93 76.8199996948242
1 94 55.7599983215332
1 95 77.379997253418
1 96 65.1600036621094
1 97 80.2900009155273
1 98 66.3600006103516
1 99 77.7399978637695
1 100 74.4400024414062
1 101 69.0100021362305
1 102 75.0699996948242
1 103 71.5100021362305
1 104 76.6900024414062
1 105 80.25
1 106 60.3199996948242
1 107 68.6399993896484
1 108 77.6999969482422
1 109 70.1600036621094
1 110 77.1999969482422
1 111 77.870002746582
1 112 71.1500015258789
1 113 68.8899993896484
1 114 68.5800018310547
1 115 74.6500015258789
1 116 72.0999984741211
1 117 82.9400024414062
1 118 74.9199981689453
1 119 70.7900009155273
1 120 67.9199981689453
1 121 73.2300033569336
1 122 74.3899993896484
1 123 77.4300003051758
1 124 78.1699981689453
1 125 82.1699981689453
1 126 71.620002746582
1 127 69.0100021362305
1 128 72.0199966430664
1 129 74.8300018310547
1 130 71.9700012207031
1 131 73.5599975585938
1 132 68.0500030517578
1 133 74.25
1 134 73.3099975585938
1 135 74.0699996948242
1 136 77.1900024414062
1 137 77.0800018310547
1 138 76.4400024414062
1 139 80.0400009155273
1 140 71.4800033569336
1 141 67.6100006103516
1 142 65.5100021362305
1 143 67.7099990844727
1 144 66.8099975585938
1 145 76.8300018310547
1 146 75.5299987792969
1 147 74.0299987792969
1 148 77.1800003051758
1 149 73.7699966430664
1 150 77.1999969482422
1 151 71.6100006103516
1 152 78.8199996948242
1 153 75.5800018310547
1 154 74.1999969482422
1 155 71.9599990844727
1 156 74.3199996948242
1 157 74.7300033569336
1 158 73.5699996948242
1 159 74.7699966430664
1 160 74.5299987792969
1 161 73.1500015258789
1 162 78.7699966430664
1 163 72.7099990844727
1 164 71.1800003051758
1 165 67.2699966430664
1 166 71.9800033569336
1 167 78.3300018310547
1 168 72.5199966430664
1 169 79.25
1 170 70.8899993896484
1 171 77.4300003051758
1 172 73
1 173 78.4100036621094
1 174 70.3399963378906
1 175 67.7600021362305
1 176 57.9500007629395
1 177 70.0199966430664
1 178 77.5999984741211
1 179 75.9599990844727
1 180 79.9100036621094
1 181 76.8099975585938
1 182 73.9599990844727
1 183 78.4000015258789
1 184 77.8000030517578
1 185 74.9700012207031
1 186 78.2900009155273
1 187 76.129997253418
1 188 66.1399993896484
1 189 75.0800018310547
1 190 75.4100036621094
1 191 73.3199996948242
1 192 74.1399993896484
1 193 68.1100006103516
1 194 75.8899993896484
1 195 71.8199996948242
1 196 74.2699966430664
1 197 71.1900024414062
1 198 67.9400024414062
1 199 75.8099975585938
1 200 72.379997253418
1 201 80.4499969482422
1 202 64.7799987792969
1 203 69.370002746582
1 204 75.3199996948242
1 205 74.5899963378906
1 206 72.5500030517578
1 207 68.9199981689453
1 208 77.6500015258789
1 209 74.2099990844727
1 210 69.5
1 211 68.2900009155273
1 212 69.3600006103516
1 213 69.8000030517578
1 214 65.5299987792969
1 215 72.2399978637695
1 216 76.1100006103516
1 217 75.4300003051758
1 218 75.5899963378906
1 219 75.5800018310547
1 220 72.1800003051758
1 221 80.8300018310547
1 222 71.9700012207031
1 223 61.6199989318848
1 224 83.1100006103516
1 225 66.5899963378906
1 226 67.2900009155273
1 227 68.6500015258789
1 228 76.9400024414062
1 229 83.2600021362305
1 230 74.7399978637695
1 231 74.9400024414062
1 232 72.8499984741211
1 233 69.4000015258789
1 234 68.1600036621094
1 235 72.120002746582
1 236 70.9599990844727
1 237 68.2399978637695
1 238 66.8600006103516
1 239 70.2300033569336
1 240 67.370002746582
1 241 68.4000015258789
1 242 55.2900009155273
1 243 62.2099990844727
1 244 76.8099975585938
1 245 69.3000030517578
1 246 71.1800003051758
1 247 68.9599990844727
1 248 74.6999969482422
1 249 66.8099975585938
1 250 69.120002746582
1 251 66.7799987792969
1 252 68.0299987792969
1 253 76.0699996948242
1 254 73.2600021362305
1 255 80.1500015258789
1 256 66.0599975585938
1 257 72.6500015258789
1 258 72.7300033569336
1 259 79.3000030517578
1 260 74.5299987792969
1 261 73.8199996948242
1 262 73.4100036621094
1 263 64.0400009155273
1 264 74.5899963378906
1 265 68.25
1 266 70.7300033569336
1 267 71.1900024414062
1 268 73.620002746582
1 269 72.6100006103516
1 270 68.120002746582
1 271 72.9499969482422
1 272 71.629997253418
1 273 73.8300018310547
1 274 62.8300018310547
1 275 57.3300018310547
1 276 72.3499984741211
1 277 64.2900009155273
1 278 76
1 279 71.4700012207031
1 280 73.1900024414062
1 281 72.6900024414062
1 282 75.3399963378906
1 283 68.0599975585938
1 284 64.2200012207031
1 285 66.7600021362305
1 286 77.9100036621094
1 287 77.1100006103516
1 288 70.8600006103516
1 289 75.7300033569336
1 290 77.1399993896484
1 291 68.629997253418
1 292 65.9700012207031
1 293 66.9800033569336
1 294 81.4300003051758
1 295 73.4400024414062
1 296 76.4899978637695
1 297 71.8199996948242
1 298 68.2600021362305
1 299 75.4300003051758
1 300 79.0199966430664
1 301 77.4599990844727
1 302 65.9499969482422
1 303 77.4599990844727
1 304 72.9800033569336
1 305 69.370002746582
1 306 76.0999984741211
1 307 75.120002746582
1 308 75.6900024414062
1 309 59.3499984741211
1 310 74.3000030517578
1 311 69.8600006103516
1 312 71.9100036621094
1 313 62.7400016784668
1 314 73.5199966430664
1 315 70.8000030517578
1 316 60.0299987792969
1 317 71.9000015258789
1 318 73.5899963378906
1 319 83.3899993896484
1 320 67.1999969482422
1 321 82.3099975585938
1 322 76.4000015258789
1 323 59.9099998474121
1 324 62.4599990844727
1 325 67.3000030517578
1 326 75.5
1 327 61.5099983215332
1 328 67.3399963378906
1 329 75.8199996948242
1 330 64.7900009155273
1 331 75.2300033569336
1 332 73.0299987792969
1 333 76.2200012207031
1 334 69.0500030517578
1 335 71.9599990844727
1 336 74.879997253418
1 337 73.5299987792969
1 338 75.370002746582
1 339 73.5400009155273
1 340 61.1599998474121
1 341 71.8399963378906
1 342 75.6999969482422
1 343 79.5599975585938
1 344 74.8199996948242
1 345 78.3300018310547
1 346 69.1900024414062
1 347 68.0400009155273
1 348 61.7000007629395
1 349 78.120002746582
1 350 68.8099975585938
1 351 76.4400024414062
1 352 77.8300018310547
1 353 58.2900009155273
1 354 82.7300033569336
1 355 76.3199996948242
1 356 66.1800003051758
1 357 73.379997253418
1 358 73.5699996948242
1 359 72.8600006103516
1 360 50.4300003051758
1 361 68.1399993896484
1 362 65.379997253418
1 363 63.1100006103516
1 364 74.7200012207031
1 365 74.620002746582
1 366 59.5499992370605
1 367 69.6800003051758
1 368 72.8499984741211
1 369 69.370002746582
1 370 72.9700012207031
1 371 50.8199996948242
1 372 62.7400016784668
1 373 62.4099998474121
1 374 67.2300033569336
1 375 76.3899993896484
1 376 73.8399963378906
1 377 64.9000015258789
1 378 71.7300033569336
1 379 75.370002746582
1 380 68.8600006103516
1 381 73.9899978637695
1 382 73.370002746582
1 383 74.7099990844727
1 384 69.2099990844727
1 385 64.5699996948242
1 386 76.9800033569336
1 387 78
1 388 67.9199981689453
1 389 64.5100021362305
1 390 71.7099990844727
1 391 75.7399978637695
1 392 73.8399963378906
1 393 68.5400009155273
1 394 73.2600021362305
1 395 82.7699966430664
1 396 69.6800003051758
1 397 76.6399993896484
1 398 73.2200012207031
1 399 79.6100006103516
1 400 67.5599975585938
1 401 75.2099990844727
1 402 67.0699996948242
1 403 69.7399978637695
1 404 68.370002746582
1 405 74.2399978637695
1 406 69.8000030517578
1 407 77.6399993896484
1 408 75.6399993896484
1 409 77.7399978637695
1 410 63.9500007629395
1 411 67.7799987792969
1 412 73.2600021362305
1 413 80.9000015258789
1 414 70.3300018310547
1 415 72.9000015258789
1 416 70.1500015258789
1 417 70.0699996948242
1 418 72.3499984741211
1 419 77.9499969482422
1 420 73.5400009155273
1 421 74.7699966430664
1 422 66.4499969482422
1 423 67.9100036621094
1 424 60.310001373291
1 425 58.9099998474121
1 426 73.4499969482422
1 427 77.3899993896484
1 428 73.379997253418
1 5 75.25
1 429 68.6100006103516
1 430 77.0999984741211
1 431 77.5999984741211
1 432 66.7399978637695
1 433 72.0500030517578
1 434 65.0100021362305
1 435 74.4599990844727
1 436 68.6800003051758
1 437 76.2699966430664
1 438 70.7200012207031
1 439 57.439998626709
1 440 65.0899963378906
1 441 73.6900024414062
1 442 74.3600006103516
1 443 71.1399993896484
1 444 68.8499984741211
1 445 71.2600021362305
1 446 75.3300018310547
1 447 78.7399978637695
1 448 70.0899963378906
1 449 76.6800003051758
1 450 72.0899963378906
1 451 72.6999969482422
1 452 74.9199981689453
1 453 71.5199966430664
1 454 71.8399963378906
1 455 71.4000015258789
1 456 72.9400024414062
1 457 69.3399963378906
1 458 70.5999984741211
1 459 75
1 460 68.25
1 461 71.7300033569336
1 462 69.4100036621094
1 463 76.3399963378906
1 464 69.1999969482422
1 465 78.8300018310547
1 466 74.4599990844727
1 467 73.379997253418
1 468 72.2799987792969
1 469 72.6600036621094
1 470 80.5699996948242
1 471 70.0800018310547
1 472 75.5
1 473 73.2200012207031
1 474 65.6399993896484
1 475 77.2399978637695
1 476 65.129997253418
1 477 63.3600006103516
1 478 67.129997253418
1 479 70.7099990844727
1 480 70.0400009155273
1 481 70.3199996948242
1 482 70.8499984741211
1 483 73.0800018310547
1 484 66.4700012207031
1 485 67.4400024414062
1 486 72.8300018310547
1 487 71.0299987792969
1 488 67.5999984741211
1 489 73.1800003051758
1 490 72.6100006103516
1 491 68.8000030517578
1 492 70.0699996948242
1 493 72.0500030517578
1 494 77.1900024414062
1 495 75.3399963378906
1 496 74.4199981689453
1 497 83.4499969482422
1 498 78.1999969482422
1 499 73.3000030517578
1 500 73.6800003051758
1 501 79.2300033569336
1 502 67.3499984741211
1 503 78.25
1 504 76.5599975585938
1 505 73.4000015258789
1 506 69.1699981689453
1 507 60.8300018310547
1 508 69.2699966430664
1 509 62.4099998474121
1 510 62.7000007629395
1 511 78.3899993896484
1 512 74.4499969482422
1 513 75.8499984741211
1 514 68.5899963378906
1 515 73.1800003051758
1 516 77.8300018310547
1 517 78.0500030517578
1 518 69.6399993896484
1 519 72.9899978637695
1 520 70.6999969482422
1 521 73
1 522 68.3600006103516
1 523 71.0299987792969
1 524 76.6399993896484
1 525 74.8899993896484
1 526 74.6600036621094
1 527 74.1699981689453
1 528 77.0699996948242
1 529 70.3000030517578
1 530 70.4199981689453
1 531 74.0199966430664
1 532 69.5899963378906
1 533 70.3499984741211
1 534 76.4199981689453
1 535 79.4199981689453
1 536 75.6999969482422
1 537 75.620002746582
1 538 72.0100021362305
1 539 79.6999969482422
1 540 73.7399978637695
1 541 68.7300033569336
1 542 71.3300018310547
1 543 69.6600036621094
1 544 76.3899993896484
1 545 75.2399978637695
1 546 77
1 547 70.2300033569336
1 548 64.4300003051758
1 549 68.2699966430664
1 550 65.0199966430664
1 551 67.7099990844727
1 552 71.379997253418
1 553 61.7999992370605
1 554 76.2200012207031
1 555 76.379997253418
1 556 69.4199981689453
1 557 77.8199996948242
1 558 75.8099975585938
1 559 75.2399978637695
1 560 77.7699966430664
1 561 71.7900009155273
1 562 73.4100036621094
1 563 64.9000015258789
1 564 73.6699981689453
1 565 76.5199966430664
1 566 72.1600036621094
1 567 73.4199981689453
1 568 64.8099975585938
1 569 76.620002746582
1 570 72.1100006103516
1 571 79.5599975585938
1 572 67.1500015258789
1 573 64.4199981689453
1 574 77.0500030517578
1 575 75.9599990844727
1 576 74.8000030517578
1 577 71.879997253418
1 578 61.9099998474121
1 579 71.5899963378906
1 580 73.8099975585938
1 581 77.25
1 582 76.7399978637695
1 583 72.6999969482422
1 584 71.7799987792969
1 585 75.0699996948242
1 586 71.2399978637695
1 587 72.9300003051758
1 588 76.0899963378906
1 589 68.7900009155273
1 590 78.1900024414062
1 591 78.0100021362305
1 592 74.5699996948242
1 593 75.4800033569336
1 594 78.2099990844727
1 595 75.5999984741211
1 596 70.3499984741211
1 597 74.6399993896484
1 598 75.0100021362305
1 599 82.120002746582
1 600 71.2200012207031
1 601 73.3099975585938
1 602 66.9100036621094
1 603 74.9199981689453
1 604 67.9199981689453
1 605 69.2399978637695
1 606 73.6500015258789
1 607 71.7200012207031
1 608 89.4100036621094
1 609 78.1399993896484
1 610 70.4499969482422
1 611 66.0999984741211
1 612 75.4000015258789
1 613 66.8000030517578
1 614 77.6999969482422
1 615 73.3000030517578
1 616 74.0999984741211
1 617 70.8000030517578
1 618 72
1 619 72.8000030517578
1 620 64.5
1 621 74
1 622 60.4000015258789
1 623 71.4499969482422
1 624 75.9000015258789
1 625 75.25
1 626 76.75
1 627 71.1999969482422
1 628 68.25
1 629 73
1 630 70.6500015258789
1 631 69.5
1 632 68.1600036621094
1 633 80.75
1 634 75.8000030517578
1 635 76
1 636 80.5500030517578
1 637 66.9000015258789
1 638 63.7999992370605
1 639 65.6999969482422
1 640 73.0500030517578
1 641 76.5999984741211
1 642 80
1 643 72.8499984741211
1 644 71.6999969482422
1 645 69.75
1 646 69.8000030517578
1 647 66.6500015258789
1 648 64.5500030517578
1 649 70.3499984741211
1 650 66.5
1 651 74.9000015258789
1 652 67.4000015258789
1 653 71.5
1 654 77
1 655 73.4000015258789
1 656 76
1 657 76.25
1 658 75.5
1 659 72.6999969482422
1 660 66.4499969482422
1 661 64.25
1 662 73.25
1 663 60.5
1 664 69.3000030517578
1 665 71.3499984741211
1 666 73.3499984741211
1 667 75.5
1 668 74.4499969482422
1 669 80.8499984741211
1 670 78.3499984741211
1 671 67.4499969482422
1 672 74.6999969482422
1 673 70.5999984741211
1 674 74.5
1 675 64.5
1 676 76.5500030517578
1 677 73.5999984741211
1 678 76.6500015258789
1 679 73.9000015258789
1 680 66.6999969482422
1 681 78.3000030517578
1 682 72.0999984741211
1 683 74.0999984741211
1 684 68.0999984741211
1 685 68.5
1 686 68.6500015258789
1 687 70.1500015258789
1 688 66.5999984741211
1 689 75.3000030517578
1 690 72.9000015258789
1 691 71.1500015258789
1 692 71.5500030517578
1 693 79.1500015258789
1 694 81
1 695 69.5
1 696 72.7699966430664
1 697 65.1500015258789
1 698 67.6399993896484
1 699 62.1699981689453
1 700 63.0299987792969
1 701 71.1999969482422
1 702 77.0400009155273
1 703 73.6500015258789
1 704 73.9899978637695
1 705 77.3099975585938
1 706 74.5
1 707 73.6500015258789
1 708 74.8000030517578
1 709 70.629997253418
1 710 78.5
1 711 67.3499984741211
1 712 79.1999969482422
1 713 69.6900024414062
1 714 77.8399963378906
1 715 73.0899963378906
1 716 67
1 717 69.4000015258789
1 718 67.3000030517578
1 719 75.8600006103516
1 720 67.8499984741211
1 721 75.8899993896484
1 722 71
1 723 62.689998626709
1 724 72.3000030517578
1 725 70
1 726 69.8000030517578
1 727 76.0999984741211
1 728 74.4499969482422
1 729 72.9899978637695
1 730 73.8000030517578
1 731 72.75
1 732 74.9199981689453
1 733 69.6500015258789
1 734 76.5
1 735 72.8000030517578
1 736 76.2699966430664
1 737 73.7799987792969
1 738 81.0999984741211
1 739 67.4499969482422
1 740 68.3899993896484
1 741 69.0699996948242
1 742 72.0400009155273
1 743 74.8000030517578
1 744 75.8000030517578
1 745 76.1999969482422
1 746 76.6999969482422
1 747 72.4499969482422
1 748 72.6999969482422
1 749 69.8300018310547
1 750 76.8099975585938
1 751 72.1500015258789
1 752 78.1500015258789
1 753 69.5699996948242
1 754 75.2699966430664
1 755 72.9000015258789
1 756 73.75
1 757 65.8000030517578
1 758 74.5500030517578
1 759 69.2699966430664
1 760 72
1 761 75.0699996948242
1 762 78.9599990844727
1 763 75.9700012207031
1 764 79.120002746582
1 765 63.7000007629395
1 766 78.1999969482422
1 767 69.1399993896484
1 768 72.3199996948242
1 769 73.0899963378906
1 770 81.3199996948242
1 771 67.5899963378906
1 772 70.1600036621094
1 773 61.1100006103516
1 774 74.8499984741211
1 775 69.7900009155273
1 776 67.9300003051758
1 777 70.120002746582
1 778 75.2900009155273
1 779 76.5699996948242
1 780 79.0100021362305
1 781 79.5199966430664
1 782 71.4400024414062
1 783 66.1699981689453
1 784 70.2099990844727
1 785 65.5400009155273
1 4 78.2099990844727
1 786 69.3399963378906
1 787 71.5100021362305
1 788 73.9100036621094
1 789 62.7400016784668
1 790 70.8600006103516
1 791 77.5999984741211
1 792 76.8300018310547
1 793 64.0299987792969
1 794 77.9000015258789
1 795 69.0599975585938
1 796 74.0199966430664
1 797 71.8899993896484
1 798 73.75
1 799 68.5
1 800 75.4899978637695
1 801 69.5400009155273
1 802 75.9000015258789
1 803 73.7600021362305
1 804 68.75
1 805 63.5900001525879
1 806 75.2600021362305
1 807 70.2900009155273
1 808 67.3600006103516
1 809 62.7200012207031
1 810 75.2300033569336
1 811 69.5299987792969
1 812 73.4499969482422
1 813 68.5100021362305
1 814 71.0299987792969
1 815 65.7099990844727
1 816 66.9400024414062
1 817 67.1100006103516
1 818 68.8899993896484
1 819 66.1800003051758
1 820 52.0900001525879
1 821 69.0899963378906
1 822 65.4199981689453
1 823 70.1699981689453
1 824 73.379997253418
1 825 69.1399993896484
1 826 74.7300033569336
1 827 74.7200012207031
1 828 69.2399978637695
1 829 73.9199981689453
1 830 78.7200012207031
1 831 71.3899993896484
1 832 75.0100021362305
1 833 78.7399978637695
1 834 71.5800018310547
1 835 74.879997253418
1 836 70.3300018310547
1 837 72.2399978637695
1 838 71.3399963378906
1 839 68.6399993896484
1 840 78.4499969482422
1 841 68.4400024414062
1 842 72.9700012207031
1 843 66.7900009155273
1 844 77.629997253418
1 845 72.5500030517578
1 846 75.8499984741211
1 847 69.2600021362305
1 848 62.7299995422363
1 849 78.4599990844727
1 850 65.9599990844727
1 851 72.4800033569336
1 852 71.7900009155273
1 853 67.9000015258789
1 854 71.5
1 855 67.9300003051758
1 856 67.1900024414062
1 857 70.4300003051758
1 858 70.4199981689453
1 859 72.9400024414062
1 860 74.4100036621094
1 861 71.0800018310547
1 862 80.120002746582
1 863 67.7300033569336
1 864 73.8199996948242
1 865 77.6900024414062
1 866 66.2600021362305
1 867 65.0800018310547
1 868 62.6399993896484
1 869 73.6500015258789
1 870 72.2200012207031
1 871 70.9800033569336
1 872 77.7200012207031
1 873 75.620002746582
1 874 67.9100036621094
1 875 67.1600036621094
1 876 80.3600006103516
1 877 69.8300018310547
1 878 69.6500015258789
1 879 69.6100006103516
1 880 78.4300003051758
1 881 79.7799987792969
1 882 67.9400024414062
1 883 60.1100006103516
1 884 80.5500030517578
1 885 73.5899963378906
1 886 75.25
1 887 72.2600021362305
1 888 68.2300033569336
1 889 66.620002746582
1 890 67.370002746582
1 891 75.6900024414062
1 892 65.7099990844727
1 893 68.5599975585938
1 894 76.6600036621094
1 895 72.0100021362305
1 3 76.4400024414062
1 896 74.4700012207031
1 897 74.1500015258789
1 898 68.7900009155273
1 899 64.9899978637695
1 900 74.370002746582
1 901 75.3099975585938
1 902 63.7799987792969
1 903 69.5
1 904 64.5500030517578
1 905 76.7600021362305
1 906 68.4199981689453
1 907 64.2200012207031
1 908 64.5699996948242
1 1 73.3300018310547
1 909 72.620002746582
1 910 69.4400024414062
1 911 64.379997253418
1 912 72.5199966430664
1 913 74.879997253418
1 914 71.9899978637695
1 915 80.75
1 916 72.3600006103516
1 917 74.1500015258789
1 918 74.4899978637695
1 919 72.879997253418
1 920 67.4599990844727
1 921 74.1399993896484
1 922 76.3499984741211
1 923 72.5299987792969
1 924 64.9199981689453
1 925 71.9899978637695
1 926 71.9300003051758
1 927 75.6900024414062
1 928 59.2000007629395
1 929 77.0299987792969
1 930 71.0999984741211
1 931 78.9300003051758
1 932 68.0100021362305
1 933 75.1699981689453
1 934 73.75
1 935 71.8199996948242
1 936 77.8899993896484
1 937 72.8899993896484
1 938 58.310001373291
1 939 71.75
1 940 71.9199981689453
1 941 65.0999984741211
1 942 68.0100021362305
1 943 73.0100021362305
1 944 63.7799987792969
1 945 68.2900009155273
1 946 73.9100036621094
1 947 73.8899993896484
1 948 76.7799987792969
1 949 69.4599990844727
1 950 66.8099975585938
1 951 66.5100021362305
1 952 67.0800018310547
1 953 73.3600006103516
1 954 68.0699996948242
1 955 68.7600021362305
1 956 69.9400024414062
1 957 71.8000030517578
1 958 69.25
1 959 64.1999969482422
1 960 70.870002746582
1 961 64.9599990844727
1 962 68.129997253418
1 963 74.5400009155273
1 964 74.9400024414062
1 965 67.4899978637695
1 966 76.9899978637695
1 967 73.4599990844727
1 968 65.6100006103516
1 969 71.2600021362305
1 970 67.129997253418
1 971 74.5800018310547
1 972 73.120002746582
1 973 61.25
1 974 66.1699981689453
1 975 70.370002746582
1 976 76.0999984741211
1 977 72.5599975585938
1 978 70.2099990844727
1 979 57.810001373291
1 980 72.8099975585938
1 981 64.4100036621094
1 982 71.1900024414062
1 983 77.3899993896484
1 984 71.5699996948242
1 985 79.5599975585938
1 986 71.5
1 987 74.3399963378906
1 988 79.4800033569336
1 989 74.9400024414062
1 990 71.5599975585938
1 991 74.0699996948242
1 992 68.2699966430664
1 993 66.2300033569336
1 2 72.5599975585938
1 994 71.8099975585938
1 995 75.2399978637695
1 996 67.4599990844727
1 997 72.7900009155273
1 998 71.8099975585938
1 999 71.2600021362305
1 1000 80.7799987792969
1 1001 80.4499969482422
1 1002 83.9800033569336
1 1003 73.5899963378906
1 1004 68.4700012207031
1 1005 78.1900024414062
1 1006 75.129997253418
1 1007 72.0699996948242
1 1008 72.8000030517578
1 1009 75.0800018310547
1 1010 63.560001373291
1 1011 63.0200004577637
1 1012 77.1500015258789
1 1013 77.0999984741211
1 1014 65.1399993896484
1 1015 60.5400009155273
1 1016 63.2400016784668
1 1017 74.25
1 1018 72.9300003051758
1 1019 62.3600006103516
1 1020 77.4400024414062
1 1021 74.9700012207031
1 1022 61.439998626709
1 1023 78.2099990844727
1 1024 70.9199981689453
1 1025 67.9300003051758
1 1026 72.4499969482422
1 1027 73.8600006103516
1 1028 71.2699966430664
1 1029 79.2200012207031
1 1030 72.4400024414062
1 1031 76.9100036621094
1 1032 74.5100021362305
1 1033 73.1100006103516
1 1034 72.8600006103516
1 1035 69.9700012207031
1 1036 74.5299987792969
1 1037 77.4199981689453
1 1038 64.9700012207031
1 1039 65.4899978637695
1 1040 75.6500015258789
1 1041 67.5299987792969
1 1042 71.6800003051758
1 1043 77.620002746582
1 1044 77.7600021362305
1 1045 72.3899993896484
1 1046 68.6500015258789
1 1047 74.0800018310547
1 1048 76.0100021362305
1 1049 75.0299987792969
1 1050 73.3300018310547
1 1051 80.6100006103516
1 1052 77.6699981689453
1 1053 71.8899993896484
1 1054 68.0199966430664
1 1055 68.0199966430664
1 1056 63.9099998474121
1 1057 77.1699981689453
1 1058 78.1999969482422
1 1059 73.4800033569336
1 1060 78.4700012207031
1 1061 73.5299987792969
1 1062 68.370002746582
1 1063 76.0599975585938
1 1064 73.7900009155273
1 1065 77.2200012207031
1 1066 75.1999969482422
1 1067 76.3499984741211
1 1068 75.6100006103516
1 1069 68.8899993896484
1 1070 80.2399978637695
1 1071 70.9599990844727
1 1072 71.6399993896484
1 1073 73.0699996948242
1 1074 58.4799995422363
1 1075 78.8300018310547
1 1076 72.9700012207031
1 1077 71.0999984741211
1 1078 72.3399963378906
1 1079 79.129997253418
1 1080 66.8399963378906
1 1081 78.5999984741211
1 1082 69.5
1 1083 68.870002746582
1 1084 76.8600006103516
1 1085 63.4000015258789
1 1086 77.5999984741211
1 1087 75.120002746582
1 1088 71.6600036621094
1 1089 72.2099990844727
1 1090 77.1100006103516
1 1091 65
1 1092 86.5199966430664
1 1093 63.3699989318848
1 1094 73.3300018310547
1 1095 70.3199996948242
1 1096 71.6999969482422
1 1097 78.5100021362305
1 1098 74.9899978637695
1 1099 70.5
1 1100 70.3300018310547
1 1101 79.2799987792969
1 1102 76.5999984741211
1 1103 74.4499969482422
1 1104 75.4700012207031
1 1105 79.5899963378906
1 1106 77.3899993896484
1 1107 70.2300033569336
1 1108 71.5299987792969
1 1109 77.3399963378906
1 1110 75.1399993896484
1 1111 67.8000030517578
1 1112 67.6399993896484
1 1113 77.0599975585938
1 1114 70.3499984741211
1 1115 74.6800003051758
1 1116 71.1800003051758
1 1117 77.0400009155273
1 1118 71.9199981689453
1 1119 65.7399978637695
1 1120 66.3600006103516
1 1121 76.7799987792969
1 1122 71.4899978637695
1 1123 75.7900009155273
1 1124 69.8399963378906
1 1125 73.0699996948242
1 1126 77.3499984741211
1 1127 75.5500030517578
1 1128 75.7399978637695
1 1129 71.4100036621094
1 1130 75.7799987792969
1 1131 79.4300003051758
1 1132 78.5899963378906
1 1133 71.5199966430664
1 1134 63.0200004577637
1 1135 78.6100006103516
1 1136 67.5299987792969
1 1137 66.3499984741211
1 1138 70.5100021362305
1 1139 65.5199966430664
1 1140 75.6600036621094
1 1141 68.1900024414062
1 1142 73.5100021362305
1 1143 62.8499984741211
1 1144 71.1999969482422
1 1145 80.9000015258789
1 1146 70.0100021362305
1 1147 72.7900009155273
1 1148 77.4000015258789
1 1149 89.2900009155273
1 1150 71.5599975585938
1 1151 76.879997253418
1 1152 64.6900024414062
1 1153 73.0699996948242
1 1154 70.5800018310547
1 1155 66.8600006103516
1 1156 66.0500030517578
1 1157 62.1500015258789
1 1158 72.0699996948242
1 1159 68.2300033569336
1 1160 68.5999984741211
1 1161 69.2399978637695
1 1162 74.4499969482422
1 1163 71.6399993896484
1 1164 71.3399963378906
1 1165 76.6500015258789
1 1166 73.129997253418
1 1167 76.2200012207031
1 1168 68.2399978637695
1 1169 77.6500015258789
1 1170 72.129997253418
1 1171 71.2300033569336
1 1172 69.8399963378906
1 1173 73.4800033569336
1 1174 66.9800033569336
1 1175 73.3099975585938
1 1176 71.6600036621094
1 1177 65.1600036621094
1 1178 76.3000030517578
1 1179 72.2099990844727
1 1180 76.3099975585938
1 1181 74.1600036621094
1 1182 66.6100006103516
1 1183 71.7699966430664
1 1184 73.1699981689453
1 1185 71.4000015258789
1 1186 75.9000015258789
1 1187 70.9300003051758
1 1188 72.8899993896484
1 1189 71.1999969482422
1 1190 75.7699966430664
1 1191 65.4599990844727
1 1192 68.6600036621094
1 1193 72.4700012207031
1 1194 67.2200012207031
1 1195 53.689998626709
1 1196 62.6199989318848
1 1197 74.9700012207031
1 1198 72.4899978637695
1 1199 67.0599975585938
1 1200 72.2600021362305
1 1201 68.4700012207031
1 1202 79.4100036621094
1 1203 73.3000030517578
1 1204 77.5400009155273
1 1205 74.2799987792969
1 1206 70.4599990844727
1 1207 75.4599990844727
1 1208 74
1 1209 75.3199996948242
1 1210 72.4700012207031
1 1211 75.4199981689453
1 1212 80.2200012207031
1 1213 75.5400009155273
1 1214 78.2200012207031
1 1215 71.3000030517578
1 1216 62.5
1 1217 74.8300018310547
1 1218 68.0999984741211
1 1219 68.7600021362305
1 1220 66.2600021362305
1 1221 72.0800018310547
1 1222 72.5599975585938
1 1223 63.9900016784668
1 1224 68.25
1 1225 75.0199966430664
1 1226 66.6600036621094
1 1227 69.9700012207031
1 1228 69.8899993896484
1 1229 68.4899978637695
1 1230 70.9400024414062
1 1231 69.2300033569336
1 1232 68.4499969482422
1 1233 76.3000030517578
1 1234 72.75
1 1235 62.9099998474121
1 1236 70.0800018310547
1 1237 67.8199996948242
1 1238 67.9599990844727
1 1239 72.2799987792969
1 1240 74.6699981689453
1 1241 81.379997253418
1 1242 75.7399978637695
1 1243 71.379997253418
1 1244 70.2300033569336
1 1245 68.5500030517578
1 1246 76.6500015258789
1 1247 76.3499984741211
1 1248 75.6100006103516
1 1249 69.6800003051758
1 1250 71.5800018310547
1 1251 77.7300033569336
1 1252 74.1800003051758
1 1253 74.1500015258789
1 1254 66.7900009155273
1 1255 73.0800018310547
1 1256 67.0999984741211
1 1257 75.3899993896484
1 1258 64.1500015258789
1 1259 77.8399963378906
1 1260 68.8099975585938
1 1261 66.4000015258789
1 1262 72.2900009155273
1 1263 74.4400024414062
1 1264 63.060001373291
1 1265 72.6999969482422
1 1266 82.1699981689453
1 1267 69.9300003051758
1 1268 66.9599990844727
1 1269 67.870002746582
1 1270 73.9899978637695
1 1271 69.5199966430664
1 1272 72.6600036621094
1 1273 68.8899993896484
1 1274 76.6100006103516
1 1275 78.0100021362305
1 1276 72.2200012207031
1 1277 74.3300018310547
1 1278 75.9400024414062
1 1279 70.5100021362305
1 1280 81.5299987792969
1 1281 69.1500015258789
1 1282 68.3199996948242
1 1283 68.4599990844727
1 1284 72.0400009155273
1 1285 73.0299987792969
1 1286 75.629997253418
1 1287 73.9899978637695
1 1288 64.8499984741211
1 1289 70.0400009155273
1 1290 71.5500030517578
1 1291 73.370002746582
1 1292 72.8899993896484
1 1293 72.1100006103516
1 1294 81.8000030517578
1 1295 66.1500015258789
1 1296 59.6399993896484
1 1297 72.2600021362305
1 1298 72.4700012207031
1 1299 76.2799987792969
1 1300 66.5899963378906
1 1301 73.120002746582
1 1302 73.0100021362305
1 1303 67.7799987792969
1 1304 72.8300018310547
1 1305 79.8099975585938
1 1306 73.5599975585938
1 1307 64.6800003051758
1 1308 68.1999969482422
1 1309 62.0499992370605
1 1310 69.7200012207031
1 1311 66.5599975585938
1 1312 74.620002746582
1 1313 79.8300018310547
1 1314 77.2799987792969
1 1315 58.7400016784668
1 1316 76.8199996948242
1 1317 68.2300033569336
1 1318 71.5
1 1319 70.1500015258789
1 1320 75.5299987792969
1 1321 69.4100036621094
1 1322 68.1500015258789
1 1323 68.5999984741211
1 1324 67.0500030517578
1 1325 79.2699966430664
1 1326 69.9599990844727
1 1327 71.4100036621094
1 1328 72.5999984741211
1 1329 75.129997253418
1 1330 75.629997253418
1 1331 69.2699966430664
1 1332 68.120002746582
1 1333 69.4199981689453
1 1334 62.1699981689453
1 1335 66.6100006103516
1 1336 72.6600036621094
1 1337 72.1800003051758
1 1338 77.129997253418
1 1339 78.370002746582
1 1340 65.6100006103516
1 1341 66.3399963378906
1 1342 61.439998626709
1 1343 67.8000030517578
1 1344 70.4599990844727
1 1345 73.4100036621094
1 1346 68.5699996948242
1 1347 75.1399993896484
1 1348 82.370002746582
1 1349 71.7900009155273
1 1350 61.060001373291
1 1351 76.7799987792969
1 1352 72.629997253418
1 1353 69.4100036621094
1 1354 71.9800033569336
1 1355 66.1100006103516
1 1356 70.2300033569336
1 1357 77.7900009155273
1 1358 79.3300018310547
1 1359 64.2600021362305
1 1360 75.5899963378906
1 1361 71.9899978637695
1 1362 69.5500030517578
1 1363 73.620002746582
1 1364 74.3099975585938
1 1365 70.879997253418
1 1366 73.2600021362305
1 1367 77.4499969482422
1 1368 77.75
1 1369 72.3199996948242
1 1370 73.75
1 1371 70.2600021362305
1 1372 71.3199996948242
1 1373 69.1600036621094
1 1374 77.0299987792969
1 1375 76.1800003051758
1 1376 72.9400024414062
1 1377 68.0999984741211
1 1378 73.6600036621094
1 1379 75.8899993896484
1 1380 76.6900024414062
1 1381 72.4800033569336
1 1382 72.4400024414062
1 1383 70.4000015258789
1 1384 79.2600021362305
1 1385 72.75
1 1386 78.0199966430664
1 1387 66.9100036621094
1 1388 74.8099975585938
1 6 72.8499984741211
1 1389 65.0400009155273
1 1390 72
1 1391 68.6399993896484
1 1392 73.25
1 1393 66.8899993896484
1 1394 66.8000030517578
1 1395 70.7399978637695
1 1396 75.0599975585938
1 1397 72.3199996948242
1 1398 74.2699966430664
1 1399 72.5999984741211
1 1400 70.3000030517578
1 1401 78.3399963378906
1 1402 70.4599990844727
1 1403 58.6699981689453
1 1404 65.6399993896484
1 1405 68.7300033569336
1 1406 71.6100006103516
1 1407 74.3600006103516
1 1408 73.0699996948242
1 1409 71.4800033569336
1 1410 69.9100036621094
1 1411 75.4700012207031
1 1412 62.3300018310547
1 1413 57.3600006103516
1 1414 67.1999969482422
1 1415 57.5999984741211
1 1416 68.9300003051758
1 1417 66.9499969482422
1 1418 72.6999969482422
1 1419 71.370002746582
1 1420 77.8099975585938
1 1421 69.1699981689453
1 1422 73.9300003051758
1 1423 74.879997253418
1 1424 75.0400009155273
1 1425 68.9499969482422
1 1426 69.9300003051758
1 1427 68.3899993896484
1 1428 67
1 1429 77.7900009155273
1 1430 73.5500030517578
1 1431 71.7900009155273
1 1432 59.0999984741211
1 1433 69.8199996948242
1 1434 81.8399963378906
1 1435 73.4899978637695
1 1436 67.8499984741211
1 1437 61.8600006103516
1 1438 68.9800033569336
1 1439 71.379997253418
1 1440 69.370002746582
1 1441 78.8199996948242
1 1442 67.5
1 1443 73.3300018310547
1 1444 76.7200012207031
1 1445 67.0299987792969
1 1446 69.0899963378906
1 1447 76.0199966430664
1 1448 73.5299987792969
1 1449 73.6900024414062
1 1450 74.7799987792969
1 1451 79.9000015258789
1 1452 78.6999969482422
1 1453 70.6699981689453
1 1454 72.6800003051758
1 1455 66.9400024414062
1 1456 64.370002746582
1 1457 56.25
1 1458 71.1500015258789
1 1459 70.5
1 1460 69.870002746582
1 1461 72.5800018310547
1 1462 69.6999969482422
1 1463 78.8899993896484
1 1464 78.3600006103516
1 1465 71.2799987792969
1 1466 70.4499969482422
1 1467 77.5199966430664
1 1468 70.5500030517578
1 1469 67.7099990844727
1 1470 71.7699966430664
1 1471 70.0500030517578
1 1472 66.25
1 1473 74.4499969482422
1 1474 74.8899993896484
1 1475 70.7799987792969
1 1476 78.0100021362305
1 1477 73.2600021362305
1 1478 70.2399978637695
1 1479 68.0899963378906
1 1480 78.8600006103516
1 1481 68.6399993896484
1 1482 65.9300003051758
1 1483 69.0999984741211
1 1484 67.1699981689453
1 1485 78.879997253418
1 1486 69.8899993896484
1 1487 74.6100006103516
1 1488 74.8399963378906
1 1489 73.1500015258789
1 1490 71.0800018310547
1 1491 65.9000015258789
1 1492 73.7799987792969
1 1493 76.1699981689453
1 1494 77.6800003051758
1 1495 67.5500030517578
1 1496 77.6600036621094
1 1497 67.4400024414062
1 1498 74.0599975585938
1 1499 70.5199966430664
1 1500 75.1800003051758
1 1501 78.2300033569336
1 1502 75.8499984741211
1 1503 70.0400009155273
1 1504 73.129997253418
1 1505 66.2200012207031
1 1506 80
1 1507 84.879997253418
1 1508 68.4199981689453
1 1509 65.0299987792969
1 1510 72.7799987792969
1 1511 75.120002746582
1 1512 75.379997253418
1 1513 70.6600036621094
1 1514 74.3000030517578
1 1515 77.6999969482422
1 1516 66.5
1 1517 78.0899963378906
1 1518 69.7600021362305
1 1519 68.129997253418
1 1520 69.1800003051758
1 1521 75.3399963378906
1 1522 69.8300018310547
1 1523 74.1500015258789
1 1524 73.3899993896484
1 1525 62.8699989318848
1 1526 71.8600006103516
1 1527 70.620002746582
1 1528 79.5899963378906
1 1529 69.9599990844727
1 1530 71.1800003051758
1 1531 69.8300018310547
1 1532 69.8199996948242
1 1533 64.7600021362305
1 1534 79.4800033569336
1 1535 76.2399978637695
1 1536 80.2900009155273
1 1537 77.2900009155273
1 1538 79.8600006103516
1 1539 77.5999984741211
1 1540 82.3000030517578
1 1541 68.4499969482422
1 1542 69.3399963378906
1 1543 77.0999984741211
1 1544 67.5400009155273
1 1545 62.6599998474121
1 1546 74.879997253418
1 1547 64.1900024414062
1 1548 79.2300033569336
1 1549 68.4700012207031
1 1550 72.9199981689453
1 1551 72.5199966430664
1 1552 73.4599990844727
1 1553 69.7200012207031
1 1554 75.0899963378906
1 1555 63.6300010681152
1 1556 68.1500015258789
1 1557 69.5100021362305
1 1558 68.870002746582
1 1559 67.1399993896484
1 1560 67.5999984741211
1 1561 77.1800003051758
1 1562 70.2799987792969
1 1563 69.9700012207031
1 1564 68.4100036621094
1 1565 73.7399978637695
1 1566 78.4100036621094
1 1567 70.25
1 1568 68.9300003051758
1 1569 74.0400009155273
1 1570 67.5800018310547
1 1571 71.2300033569336
1 1572 74.8899993896484
1 1573 73.1699981689453
1 1574 73.9199981689453
1 1575 74.5199966430664
1 1576 80.0999984741211
1 1577 77.0800018310547
1 1578 69.1100006103516
1 1579 76.7699966430664
1 1580 68.1500015258789
1 1581 66.879997253418
1 1582 75.120002746582
1 1583 76.2099990844727
1 1584 64.6100006103516
1 1585 74.629997253418
1 1586 73.3899993896484
1 1587 74.4499969482422
1 1588 78.1699981689453
1 1589 72.0500030517578
1 1590 74.0800018310547
1 1591 70.379997253418
1 1592 81.4199981689453
1 1593 70.870002746582
1 1594 74.4800033569336
1 1595 74.1900024414062
1 1596 73.2799987792969
1 1597 72.5199966430664
1 1598 76.8199996948242
1 1599 68.0899963378906
1 1600 74.8399963378906
1 1601 66.8099975585938
1 1602 66.7300033569336
1 1603 75.379997253418
1 1604 75.0599975585938
1 1605 76.4899978637695
1 1606 73.1999969482422
1 1607 69.4800033569336
1 1608 62.0900001525879
1 1609 76.2200012207031
1 1610 73.870002746582
1 1611 69.5400009155273
1 1612 67.0100021362305
1 1613 60.4199981689453
1 1614 66.9599990844727
1 1615 66.7600021362305
1 1616 69.5699996948242
1 1617 78.5999984741211
1 1618 70.2600021362305
1 1619 63.6699981689453
1 1620 65.9899978637695
1 1621 64.3600006103516
1 1622 70.4499969482422
1 1623 65.3000030517578
1 1624 76.9100036621094
1 1625 73.75
1 1626 71.3399963378906
1 1627 73.2699966430664
1 1628 66.6900024414062
1 1629 65.5800018310547
1 1630 71.2399978637695
1 1631 75.1699981689453
1 1632 70.5
1 1633 61.8499984741211
1 1634 73.370002746582
1 1635 63.3699989318848
1 1636 74.9599990844727
1 1637 79.0400009155273
1 1638 69.0199966430664
1 1639 74.0899963378906
1 1640 75.7699966430664
1 1641 73.6399993896484
1 1642 78.2200012207031
1 1643 69.2699966430664
1 1644 60.2799987792969
1 1645 63.0699996948242
1 1646 71.6100006103516
1 1647 77.4199981689453
1 1648 75.379997253418
1 1649 80.8300018310547
1 1650 71.4100036621094
1 1651 77.629997253418
1 1652 66.7300033569336
1 1653 73.6699981689453
1 1654 73.7200012207031
1 1655 66.9000015258789
1 1656 71.9199981689453
1 1657 74.870002746582
1 1658 76.1399993896484
1 1659 80.6399993896484
1 1660 68.5899963378906
1 1661 72.75
1 1662 65.0500030517578
1 1663 73.7799987792969
1 1664 69.5899963378906
1 1665 76.7099990844727
1 1666 78.6800003051758
1 1667 77.0199966430664
1 1668 71.7399978637695
1 1669 74.0800018310547
1 1670 72.2099990844727
1 1671 65.9100036621094
1 1672 72.0500030517578
1 1673 77.9899978637695
1 1674 77
1 1675 70.1800003051758
1 1676 63.5099983215332
1 1677 79.2300033569336
1 1678 70.129997253418
1 1679 68.0500030517578
1 1680 69.5599975585938
1 1681 78.4000015258789
1 1682 69.7300033569336
1 1683 72.9899978637695
1 1684 64.4800033569336
1 1685 68.9899978637695
1 1686 70.8899993896484
1 1687 70.4700012207031
1 1688 67.3199996948242
1 1689 71.370002746582
1 1690 62.5999984741211
1 1691 69.9100036621094
1 1692 72.9800033569336
1 1693 73.0599975585938
1 1694 75.1399993896484
1 1695 73.2200012207031
1 1696 75.7699966430664
1 1697 73.5
1 1698 83.0500030517578
1 1699 76.3099975585938
1 1700 63.4599990844727
1 1701 65.9400024414062
1 1702 67.5800018310547
1 1703 74.9700012207031
1 1704 74.9100036621094
1 1705 73.25
1 1706 68.9700012207031
1 1707 71.75
1 1708 63.8699989318848
1 1709 76.0899963378906
1 1710 69.5500030517578
1 1711 62.2099990844727
1 1712 77.8300018310547
1 1713 77.7099990844727
1 1714 74.4899978637695
1 1715 73.6100006103516
1 1716 76.0199966430664
1 1717 72.1999969482422
1 1718 76.4599990844727
1 1719 70.5299987792969
1 1720 65.0899963378906
1 1721 67.8300018310547
1 1722 71.2399978637695
1 1723 73.0100021362305
1 1724 68.5599975585938
1 1725 70.6900024414062
1 1726 76.129997253418
