FID  BirthYear MumID
1 23 2001 -2651
1 24 2001 -2673
1 25 2001 -2688
1 26 2001 -2756
1 27 2001 4321
1 9 2001 -2727
1 28 2001 -2694
1 10 2001 -2755
1 11 2001 4106
1 12 2001 -2723
1 13 2001 4503
1 14 2001 -2696
1 15 2001 -2711
1 16 2001 7093
1 17 2001 -2717
1 18 2001 -2699
1 19 2001 -2753
1 20 2001 3662
1 8 2001 -2754
1 21 2001 7084
1 22 2001 -2711
1 1727 2014 8800
1 1728 2014 7692
1 1729 2014 7245
1 1730 2014 9023
1 1731 2014 7159
1 1732 2014 5648
1 1733 2014 7695
1 1734 2014 -2700
1 1735 2014 11388
1 1736 2015 8358
1 1737 2015 7194
1 1738 2015 7185
1 1739 2015 7185
1 1740 2015 8729
1 1741 2015 6666
1 1742 2015 7560
1 1743 2015 6625
1 1744 2015 8714
1 1745 2015 8731
1 1746 2015 6354
1 1747 2015 7576
1 1748 2015 6118
1 1749 2015 8240
1 1750 2015 6927
1 1751 2015 6455
1 1752 2015 8715
1 1753 2015 8716
1 1754 2015 8717
1 1755 2015 7143
1 1756 2015 8751
1 1757 2015 6678
1 1758 2015 6866
1 1759 2015 6937
1 1760 2015 7230
1 1761 2015 7230
1 1762 2015 10449
1 1763 2015 7227
1 1764 2015 7476
1 1765 2015 9093
1 1766 2015 9246
1 1767 2015 7245
1 1768 2015 7131
1 1769 2015 8958
1 1770 2015 8958
1 1771 2015 8785
1 1772 2015 6136
1 1773 2015 6724
1 1774 2015 6958
1 1775 2015 8734
1 1776 2015 9169
1 1777 2015 8510
1 1778 2015 8510
1 1779 2015 7710
1 1780 2015 7593
1 1781 2015 6827
1 1782 2015 6827
1 1783 2015 7228
1 1784 2015 8258
1 1785 2015 8712
1 1786 2015 6683
1 1787 2015 8790
1 1788 2015 8759
1 1789 2015 7455
1 1790 2015 8749
1 1791 2015 6851
1 1792 2015 8794
1 1793 2015 6929
1 1794 2015 9023
1 1795 2015 8807
1 1796 2015 9214
1 1797 2015 6945
1 1798 2015 6945
1 1799 2015 7215
1 1800 2015 9016
1 1801 2015 7575
1 1802 2015 8804
1 1803 2015 6776
1 1804 2015 7542
1 1805 2015 8812
1 1806 2015 6900
1 1807 2015 9075
1 1808 2015 8740
1 1809 2015 9240
1 1810 2015 7056
1 1811 2015 10116
1 1812 2015 10450
1 1813 2015 6969
1 1814 2015 7046
1 1815 2015 8506
1 1816 2015 6663
1 1817 2015 6916
1 1818 2015 7206
1 1819 2015 9074
1 1820 2015 -2660
1 1821 2015 6682
1 1822 2015 7692
1 1823 2015 6406
1 1824 2015 6943
1 1825 2015 8783
1 1826 2015 10448
1 1827 2015 -2652
1 1828 2016 9257
1 1829 2016 8811
1  2016 6354
1 1830 2016 9207
1 1831 2016 7241
1 1832 2016 8731
1 1833 2016 7574
1 1834 2016 7056
1 1835 2016 8718
1 1836 2016 6777
1 1837 2016 6717
1 1838 2016 8800
1 1839 2016 9242
1 1840 2016 8798
1 1841 2016 7576
1 1842 2016 7476
1 1843 2016 9214
1 1844 2016 8762
1 1845 2016 10112
1 1846 2016 8265
1 1847 2016 6827
1 1848 2016 9211
1 1849 2016 7109
1 1850 2016 8756
1 1851 2016 7144
1 1852 2016 7143
1 1853 2016 9212
1 1854 2016 8790
1 1855 2016 9805
1 1856 2016 9258
1 1857 2016 7185
1 1858 2016 7131
1 1859 2016 6943
1 1860 2016 9169
1 1861 2016 9841
1 1862 2016 9769
1 1863 2016 8725
1 1864 2016 9208
1 1865 2016 8327
1 1866 2016 6851
1 1867 2016 8766
1 1868 2016 7228
1 1869 2016 7458
1 1870 2016 6663
1 1871 2016 6938
1 1872 2016 10448
1 1873 2016 9074
1 1874 2016 9768
1 1875 2016 6679
1 1876 2016 6348
1 1877 2016 6962
1 1878 2016 6962
1 1879 2016 9023
1 1880 2016 11806
1 1881 2016 6927
1 1882 2016 7565
1 1883 2016 8807
1 1884 2016 9060
1 1885 2016 10449
1 1886 2017 7262
1 1887 2017 9759
1 1888 2017 9075
1 1889 2017 8798
1 1890 2017 7241
1 1891 2017 6644
1 1892 2017 8721
1 1893 2017 8734
1 1894 2017 8714
1 1895 2017 9258
1 1896 2017 8787
1 1897 2017 7700
1 1898 2017 7560
1 1899 2017 8730
1 1900 2017 10180
1 1901 2017 6827
1 1902 2017 8759
1 1903 2017 8718
1 1904 2017 8718
1 1905 2017 8729
1 1906 2017 9833
1 1907 2017 9793
1 1908 2017 10286
1 1909 2017 6892
1 1910 2017 8731
1 1911 2017 9165
1 1912 2017 8751
1 1913 2017 7205
1 1914 2017 7133
1 1915 2017 9251
1 1916 2017 8725
1 1917 2017 9214
1 1918 2017 6937
1 1919 2017 9769
1 1920 2017 6717
1 1921 2017 6717
1 1922 2017 6837
1 1923 2017 7143
1 1924 2017 9870
1 1925 2017 9216
1 1926 2017 7157
1 1927 2017 6348
1 1928 2017 7230
1 1929 2017 9827
1 1930 2017 7185
1 1931 2017 6851
1 1932 2017 10347
1 1933 2017 8762
1 1934 2017 7109
1 1935 2017 6938
1 1936 2017 8240
1 1937 2017 8240
1 1938 2017 9207
1 1939 2017 8749
1 1940 2017 9208
1 1941 2017 8740
1 1942 2017 7194
1 1943 2017 9086
1 1944 2017 6777
1 1945 2017 7131
1 1946 2017 9119
1 1947 2017 9119
1 1948 2017 6943
1 1949 2017 9211
1 1950 2017 9817
1 1951 2017 8785
1 1952 2017 8756
1 1953 2017 7476
1 1954 2017 8758
1 1955 2017 7576
1 1956 2017 10191
1 1957 2017 10231
1 1958 2017 6958
1 1959 2017 9036
1 1960 2017 9764
1 1961 2017 9169
1 1962 2017 6663
1 1963 2017 6945
1 1964 2017 8506
1 1965 2017 6930
1 1966 2017 8780
1 1967 2017 10448
1 1968 2017 7163
1 1969 2017 8783
1 1970 2017 8510
1 1971 2017 8510
1 1972 2017 9030
1 1973 2017 9074
1 1974 2017 7142
1 1975 2017 9029
1 1976 2017 9838
1 1977 2017 7144
1 1978 2017 9083
1 1979 2017 9016
1 1980 2017 7056
1 1981 2017 8473
1 1982 2017 5490
1 1983 2017 6679
1 1984 2017 6690
1 1985 2017 8258
1 1986 2017 8812
1 1987 2017 7252
1 1988 2017 8717
1 1989 2017 10251
1 1990 2017 7053
1 1991 2017 10190
1 1992 2017 8804
1 1993 2017 9895
1 1994 2017 7596
1 1995 2017 9212
1 1996 2017 7542
1 1997 2017 7692
1 1998 2017 9784
1 1999 2017 9834
1 2000 2017 9768
1 2001 2017 10443
1 2002 2017 9125
1 2003 2017 8327
1 2004 2017 8807
1 2005 2017 6967
1 2006 2017 11386
1 2007 2017 7472
1 2008 2017 9822
1 2009 2017 9904
1 2010 2017 7454
1 2011 2017 7043
1 2012 2017 11075
1 2013 2017 8744
1 2014 2017 6982
1 2015 2017 -2660
1 2016 2017 9845
1 2017 2017 8955
1 2018 2017 8358
1 2019 2017 11805
1 2020 2018 11076
1 2021 2018 10449
1 2022 2018 6837
1 2023 2018 8798
1 2024 2018 8720
1 2025 2018 8720
1 2026 2018 8744
1 2027 2018 10220
1 2028 2018 10180
1 2029 2018 8749
1 2030 2018 10225
1 2031 2018 6583
1 2032 2018 8756
1 2033 2018 10349
1 2034 2018 9023
1 2035 2018 7560
1 2036 2018 10237
1 2037 2018 9258
1 2038 2018 7576
1 2039 2018 9833
1 2040 2018 11075
1 2041 2018 7241
1 2042 2018 9214
1 2043 2018 8811
1 2044 2018 10243
1 2045 2018 8804
1 2046 2018 11077
1 2047 2018 11077
1 2048 2018 9805
1 2049 2018 10448
1 2050 2018 10211
1 2051 2018 7695
1 2052 2018 7695
1 2053 2018 8486
1 2054 2018 10632
1 2055 2020 8790
1 2056 2020 8729
1 2057 2020 10112
1 2058 2020 10348
1 2059 2020 10191
1 2060 2020 8312
1 2061 2020 10237
1 2062 2020 9093
1 2063 2020 10642
1 2064 2020 10642
1 2065 2020 10527
1 2066 2020 7157
1 2067 2020 9827
1 2068 2020 8327
1 2069 2020 10575
1 2070 2020 7542
1 2071 2020 10632
1 2072 2020 11076
1 2073 2020 10347
1 2074 2020 9246
1 2075 2020 11189
1 2076 2020 8721
1 2077 2020 11508
1 2078 2020 7587
1 2079 2020 11571
1 2080 2020 9086
1 2081 2020 8510
1 2082 2020 8780
1 2083 2020 9207
1 2084 2020 11512
1 2085 2020 10613
1 2086 2020 10651
1 2087 2020 8712
1 2088 2020 11560
1 2089 2020 8740
1 2090 2020 11581
1 2091 2020 8720
1 2092 2020 7241
1 2093 2020 8807
1 2094 2020 9212
1 2095 2020 10622
1 2096 2020 11541
1 2097 2020 11523
1 2098 2020 9257
1 2099 2020 9125
1 2100 2020 11618
1 2101 2020 11926
1 2102 2020 9074
1 2103 2020 10114
1 2104 2020 11819
1 2105 2020 9849
1 2106 2020 10451
1 2107 2020 9833
1 2108 2020 11549
1 2109 2020 9812
1 2110 2020 8749
1 2111 2020 7163
1 2112 2020 10598
1 2113 2020 -2703
1 2114 2020 11191
1 2115 2020 9805
1 2116 2020 10190
1 29 1990 2165
1 30 1990 2067
1 31 1990 1246
1 32 1990 -2708
1 33 1991 32
1 34 1991 1226
1 35 1991 1226
1 36 1991 1243
1 37 1991 1835
1 38 1991 -2741
1 39 1991 2245
1 40 1991 1879
1 41 1991 1264
1 42 1991 24
1 43 1991 24
1 44 1991 577
1 45 1991 1288
1 46 1991 2128
1 47 1991 2273
1 48 1991 2146
1 49 1991 2146
1 50 1991 -2738
1 51 1991 2363
1 52 1991 1825
1 53 1991 2361
1 54 1991 1899
1 55 1991 2143
1 56 1991 1662
1 57 1991 1101
1 58 1991 1242
1 59 1991 1242
1 60 1991 2164
1 61 1991 2164
1 62 1991 2341
1 63 1991 2178
1 64 1991 2172
1 65 1991 2278
1 66 1991 1090
1 67 1991 1665
1 68 1991 567
1 69 1991 906
1 70 1991 1664
1 71 1991 1664
1 72 1991 1757
1 73 1991 2075
1 74 1991 2272
1 75 1991 1095
1 76 1991 1769
1 77 1991 1769
1 78 1991 1255
1 79 1991 54
1 80 1991 1251
1 81 1991 2214
1 82 1991 2353
1 83 1991 1109
1 84 1991 1289
1 85 1991 1877
1 86 1991 1877
1 7 1991 2366
1 87 1991 1660
1 88 1991 1820
1 89 1991 2374
1 90 1991 1078
1 91 1991 1880
1 92 1991 1554
1 93 1991 2175
1 94 1991 2302
1 95 1991 1252
1 96 1991 2315
1 97 1991 1882
1 98 1991 1876
1 99 1991 1246
1 100 1991 2170
1 101 1991 2311
1 102 1991 1821
1 103 1991 2219
1 104 1991 34
1 105 1991 -2649
1 106 1991 2292
1 107 1991 -2708
1 108 1993 2431
1 109 1993 2443
1 110 1993 2356
1 111 1993 2356
1 112 1993 2164
1 113 1993 1246
1 114 1993 1246
1 115 1993 2569
1 116 1993 54
1 117 1993 2172
1 118 1993 2163
1 119 1993 577
1 120 1993 577
1 121 1993 24
1 122 1993 1741
1 123 1993 1891
1 124 1993 1097
1 125 1993 2170
1 126 1993 2262
1 127 1993 2262
1 128 1993 2627
1 129 1993 1552
1 130 1993 1825
1 131 1993 2236
1 132 1993 2323
1 133 1993 2323
1 134 1993 2341
1 135 1993 2349
1 136 1993 1899
1 137 1993 1887
1 138 1993 36
1 139 1993 2374
1 140 1993 2214
1 141 1993 2214
1 142 1993 2368
1 143 1993 2368
1 144 1993 2706
1 145 1993 1663
1 146 1993 1663
1 147 1993 1820
1 148 1993 2069
1 149 1993 2069
1 150 1993 1660
1 151 1993 1660
1 152 1993 1101
1 153 1993 1101
1 154 1993 1242
1 155 1993 2075
1 156 1993 1882
1 157 1993 1882
1 158 1993 2376
1 159 1993 2532
1 160 1993 2536
1 161 1993 1288
1 162 1993 2534
1 163 1993 1554
1 164 1993 2686
1 165 1993 2663
1 166 1993 1877
1 167 1993 2447
1 168 1993 1079
1 169 1993 1649
1 170 1993 1109
1 171 1993 2073
1 172 1993 2292
1 173 1993 1834
1 174 1993 2641
1 175 1993 2608
1 176 1993 2698
1 177 1993 2637
1 178 1993 32
1 179 1993 2545
1 180 1993 1821
1 181 1993 2343
1 182 1993 1251
1 183 1993 2071
1 184 1994 35
1 185 1994 2360
1 186 1994 2275
1 187 1994 2627
1 188 1994 2431
1 189 1994 2363
1 190 1994 2364
1 191 1994 2401
1 192 1994 2066
1 193 1994 2607
1 194 1994 2353
1 195 1994 2341
1 196 1994 2479
1 197 1994 2362
1 198 1994 2165
1 199 1994 2361
1 200 1994 2409
1 201 1994 2172
1 202 1994 2167
1 203 1994 2460
1 204 1994 2572
1 205 1994 1664
1 206 1994 2163
1 207 1994 2637
1 208 1994 2177
1 209 1994 2356
1 210 1994 1757
1 211 1994 1757
1 212 1994 1259
1 213 1994 2262
1 214 1994 2688
1 215 1994 2549
1 216 1994 1255
1 217 1994 1899
1 218 1994 2462
1 219 1994 2421
1 220 1994 2644
1 221 1994 1820
1 222 1994 2323
1 223 1994 2323
1 224 1994 2064
1 225 1994 30
1 226 1994 30
1 227 1994 1552
1 228 1994 2075
1 229 1994 2373
1 230 1994 1072
1 231 1994 2366
1 232 1994 2569
1 233 1994 1665
1 234 1994 2447
1 235 1994 1663
1 236 1994 2069
1 237 1994 1649
1 238 1994 1649
1 239 1994 1225
1 240 1994 2073
1 241 1994 2073
1 242 1994 1882
1 243 1994 2707
1 244 1994 1887
1 245 1994 1885
1 246 1994 1885
1 247 1994 1660
1 248 1994 2146
1 249 1994 2339
1 250 1994 2339
1 251 1994 2658
1 252 1994 2632
1 253 1994 2617
1 254 1994 2374
1 255 1994 2278
1 256 1994 2686
1 257 1994 2292
1 258 1994 2666
1 259 1994 32
1 260 1994 2223
1 261 1994 1242
1 262 1994 1258
1 263 1994 1226
1 264 1994 2076
1 265 1995 2414
1 266 1995 2066
1 267 1995 2460
1 268 1995 2262
1 269 1995 2572
1 270 1995 2686
1 271 1995 2921
1 272 1995 2549
1 273 1996 2170
1 274 1996 2341
1 275 1996 2341
1 276 1996 2853
1 277 1996 2623
1 278 1996 2361
1 279 1996 3033
1 280 1996 2363
1 281 1996 2245
1 282 1996 2861
1 283 1996 2262
1 284 1996 2262
1 285 1996 2903
1 286 1996 2364
1 287 1996 2275
1 288 1996 2376
1 289 1996 3088
1 290 1996 3121
1 291 1996 3259
1 292 1996 2821
1 293 1996 2465
1 294 1996 2409
1 295 1996 2178
1 296 1996 2178
1 297 1996 2163
1 298 1996 2163
1 299 1996 2572
1 300 1996 2688
1 301 1996 2842
1 302 1996 2842
1 303 1996 2612
1 304 1996 2707
1 305 1996 3260
1 306 1996 2536
1 307 1996 2071
1 308 1996 2064
1 309 1996 3250
1 310 1996 2637
1 311 1996 2637
1 312 1996 2172
1 313 1996 3201
1 314 1996 2377
1 315 1996 2658
1 316 1996 3123
1 317 1996 2073
1 318 1996 2073
1 319 1996 2069
1 320 1996 2421
1 321 1996 2843
1 322 1996 2686
1 323 1996 3299
1 324 1996 3014
1 325 1996 2641
1 326 1996 2695
1 327 1996 3280
1 328 1996 3298
1 329 1996 2214
1 330 1996 3209
1 331 1996 2698
1 332 1996 3293
1 333 1996 2353
1 334 1996 2365
1 335 1996 3291
1 336 1996 2617
1 337 1996 2373
1 338 1996 2373
1 339 1996 2941
1 340 1996 3324
1 341 1996 2143
1 342 1996 2632
1 343 1996 2942
1 344 1996 2223
1 345 1996 1880
1 346 1996 54
1 347 1996 54
1 348 1996 3248
1 349 1996 2479
1 350 1996 56
1 351 1996 55
1 352 1996 2342
1 353 1996 1665
1 354 1996 2362
1 355 1996 1251
1 356 1996 3223
1 357 1996 2292
1 358 1997 2146
1 359 1997 3123
1 360 1997 2610
1 361 1997 2666
1 362 1997 2262
1 363 1997 2262
1 364 1997 2362
1 365 1997 3222
1 366 1997 1741
1 367 1997 1741
1 368 1997 2807
1 369 1997 3199
1 370 1997 2363
1 371 1997 56
1 372 1997 2697
1 373 1997 2697
1 374 1997 3319
1 375 1997 2834
1 376 1997 2460
1 377 1997 2409
1 378 1997 2409
1 379 1997 3214
1 380 1997 3263
1 381 1997 2800
1 382 1997 2632
1 383 1997 2861
1 384 1997 2172
1 385 1997 3242
1 386 1997 2607
1 387 1997 2931
1 388 1997 2169
1 389 1997 2366
1 390 1997 2366
1 391 1997 2369
1 392 1997 2075
1 393 1997 2167
1 394 1997 2830
1 395 1997 2236
1 396 1997 2841
1 397 1997 2178
1 398 1997 2223
1 399 1997 2278
1 400 1997 1649
1 401 1997 2695
1 402 1997 2908
1 403 1997 2658
1 404 1997 2658
1 405 1997 2617
1 406 1997 2617
1 407 1997 2353
1 408 1997 2873
1 409 1997 2177
1 410 1997 2683
1 411 1997 2683
1 412 1997 2214
1 413 1997 2686
1 414 1997 2860
1 415 1997 2361
1 416 1997 2073
1 417 1997 1666
1 418 1997 2698
1 419 1997 2076
1 420 1997 1891
1 421 1997 2447
1 422 1997 2447
1 423 1997 1877
1 424 1997 3533
1 425 1997 57
1 426 1997 55
1 427 1997 2337
1 428 1997 2341
1 5 1997 2699
1 429 1997 2676
1 430 1997 1880
1 431 1997 2359
1 432 1997 2641
1 433 1997 2641
1 434 1997 3303
1 435 1997 2275
1 436 1997 75
1 437 1997 3255
1 438 1997 3203
1 439 1997 54
1 440 1997 54
1 441 1997 3111
1 442 1997 2903
1 443 1997 -2682
1 444 1997 34
1 445 1997 3140
1 446 1998 2066
1 447 1998 3237
1 448 1998 51
1 449 1998 2627
1 450 1998 2800
1 451 1998 3123
1 452 1998 3140
1 453 1998 3440
1 454 1998 2623
1 455 1998 3552
1 456 1998 2617
1 457 1998 2421
1 458 1998 2421
1 459 1998 2163
1 460 1998 3571
1 461 1998 3276
1 462 1998 2146
1 463 1998 3222
1 464 1998 3577
1 465 1998 2572
1 466 1998 3202
1 467 1998 2154
1 468 1998 2804
1 469 1998 2847
1 470 1998 2178
1 471 1998 2706
1 472 1998 2409
1 473 1998 3239
1 474 1998 2610
1 475 1998 3214
1 476 1998 2637
1 477 1998 2353
1 478 1998 2353
1 479 1998 3478
1 480 1998 2245
1 481 1998 2821
1 482 1998 2260
1 483 1998 75
1 484 1998 2834
1 485 1998 2834
1 486 1998 3314
1 487 1998 3314
1 488 1998 2853
1 489 1998 2941
1 490 1998 2941
1 491 1998 2073
1 492 1998 2073
1 493 1998 2476
1 494 1998 2640
1 495 1998 2830
1 496 1998 2549
1 497 1998 2611
1 498 1998 3291
1 499 1998 3255
1 500 1998 2275
1 501 1998 2903
1 502 1998 3319
1 503 1998 2401
1 504 1998 3221
1 505 1998 2536
1 506 1998 2697
1 507 1998 2697
1 508 1998 3307
1 509 1998 2262
1 510 1998 2262
1 511 1998 2931
1 512 1998 2375
1 513 1998 2607
1 514 1998 3428
1 515 1998 3223
1 516 1998 2168
1 517 1998 2632
1 518 1998 3242
1 519 1998 2908
1 520 1998 2676
1 521 1998 30
1 522 1998 3443
1 523 1998 2534
1 524 1998 2799
1 525 1998 2167
1 526 1998 3048
1 527 1998 2873
1 528 1998 2898
1 529 1998 3199
1 530 1998 2885
1 531 1998 3282
1 532 1998 3490
1 533 1998 3027
1 534 1998 2843
1 535 1998 2843
1 536 1998 3248
1 537 1998 2906
1 538 1998 3129
1 539 1998 2236
1 540 1998 2376
1 541 1998 3420
1 542 1998 2644
1 543 1998 2683
1 544 1998 2323
1 545 1998 2323
1 546 1998 2892
1 547 1998 3265
1 548 1998 3272
1 549 1998 2069
1 550 1998 2921
1 551 1998 3203
1 552 1998 2361
1 553 1998 3431
1 554 1998 2278
1 555 1998 2703
1 556 1998 3224
1 557 1998 2377
1 558 1998 3111
1 559 1998 2964
1 560 1998 1880
1 561 1998 2292
1 562 1998 2447
1 563 1998 2686
1 564 1998 2686
1 565 1998 2358
1 566 1998 1834
1 567 1998 3273
1 568 1998 2378
1 569 1998 2899
1 570 1998 3232
1 571 1998 2337
1 572 1998 3607
1 573 1998 3592
1 574 1998 2942
1 575 1998 4522
1 576 1998 3198
1 577 1998 2571
1 578 1998 3753
1 579 1998 4304
1 580 1998 1876
1 581 1998 2612
1 582 1998 68
1 583 1998 2071
1 584 1998 3268
1 585 1998 2170
1 586 1998 2545
1 587 1998 3303
1 588 1998 3033
1 589 1998 3786
1 590 1998 57
1 591 1998 3121
1 592 1998 3076
1 593 1998 2698
1 594 1998 3100
1 595 1998 2174
1 596 1998 -2748
1 597 1998 3301
1 598 1998 -2687
1 599 1998 52
1 600 1999 3759
1 601 2000 2262
1 602 2000 3552
1 603 2000 2607
1 604 2000 2834
1 605 2000 3222
1 606 2000 2706
1 607 2000 3885
1 608 2000 3564
1 609 2000 2368
1 610 2000 4250
1 611 2001 2941
1 612 2001 3725
1 613 2001 2364
1 614 2001 3203
1 615 2001 3268
1 616 2001 3968
1 617 2001 2861
1 618 2001 3567
1 619 2001 4217
1 620 2001 4529
1 621 2001 2829
1 622 2001 4395
1 623 2001 3255
1 624 2001 4051
1 625 2001 3589
1 626 2001 2686
1 627 2001 4250
1 628 2001 2597
1 629 2001 2706
1 630 2001 2683
1 631 2001 2460
1 632 2001 3428
1 633 2001 3282
1 634 2001 4243
1 635 2001 3607
1 636 2001 3704
1 637 2001 2847
1 638 2001 4366
1 639 2001 4193
1 640 2001 3255
1 641 2001 3564
1 642 2001 3250
1 643 2001 4158
1 644 2001 3636
1 645 2001 4522
1 646 2001 4522
1 647 2001 4687
1 648 2001 3316
1 649 2001 3121
1 650 2001 4517
1 651 2001 2640
1 652 2001 3316
1 653 2001 4161
1 654 2001 4242
1 655 2001 3488
1 656 2001 4241
1 657 2001 2787
1 658 2001 3738
1 659 2001 3273
1 660 2001 3692
1 661 2001 3692
1 662 2001 4238
1 663 2001 4469
1 664 2001 4169
1 665 2001 3330
1 666 2001 4212
1 667 2001 2931
1 668 2001 2908
1 669 2001 3473
1 670 2001 2607
1 671 2001 4309
1 672 2001 -2680
1 673 2001 4266
1 674 2001 3121
1 675 2001 3202
1 676 2001 53
1 677 2001 4153
1 678 2001 3954
1 679 2001 3248
1 680 2001 3414
1 681 2001 4305
1 682 2001 3771
1 683 2001 3009
1 684 2001 2860
1 685 2001 4239
1 686 2001 4166
1 687 2001 3659
1 688 2001 3659
1 689 2001 3469
1 690 2001 3224
1 691 2001 4183
1 692 2001 3762
1 693 2001 4259
1 694 2001 3748
1 695 2001 3563
1 696 2001 5239
1 697 2001 4364
1 698 2001 4379
1 699 2001 4410
1 700 2001 4445
1 701 2001 4449
1 702 2001 2375
1 703 2001 2379
1 704 2001 2401
1 705 2001 2627
1 706 2001 2707
1 707 2001 2699
1 708 2001 2631
1 709 2001 2925
1 710 2001 2804
1 711 2001 2807
1 712 2001 2892
1 713 2001 2834
1 714 2001 3088
1 715 2001 3002
1 716 2001 3129
1 717 2001 3048
1 718 2001 3048
1 719 2001 3324
1 720 2001 3222
1 721 2001 3319
1 722 2001 3314
1 723 2001 3236
1 724 2001 3232
1 725 2001 3214
1 726 2001 3259
1 727 2001 3260
1 728 2001 3209
1 729 2001 3301
1 730 2001 3431
1 731 2001 3478
1 732 2001 3538
1 733 2001 3552
1 734 2001 3443
1 735 2001 3571
1 736 2001 3445
1 737 2001 3440
1 738 2001 3681
1 739 2001 4103
1 740 2001 4103
1 741 2001 3734
1 742 2001 3734
1 743 2001 3782
1 744 2001 3796
1 745 2001 3651
1 746 2001 3759
1 747 2001 3881
1 748 2001 3885
1 749 2001 3945
1 750 2001 4004
1 751 2001 4068
1 752 2001 2659
1 753 2001 4155
1 754 2001 4195
1 755 2001 4198
1 756 2001 4223
1 757 2001 4340
1 758 2001 4257
1 759 2001 4312
1 760 2001 2066
1 761 2001 51
1 762 2001 4303
1 763 2001 4306
1 764 2001 4308
1 765 2001 54
1 766 2001 75
1 767 2003 5119
1 768 2003 5076
1 769 2003 4361
1 770 2003 4258
1 771 2003 4410
1 772 2003 4241
1 773 2003 5103
1 774 2003 3762
1 775 2003 2908
1 776 2003 4223
1 777 2003 3559
1 778 2003 3771
1 779 2003 4631
1 780 2003 3748
1 781 2003 4734
1 782 2004 4157
1 783 2004 5078
1 784 2004 3885
1 785 2004 3885
1 4 2004 3641
1 786 2004 3291
1 787 2004 3291
1 788 2004 51
1 789 2004 2377
1 790 2004 3571
1 791 2004 3725
1 792 2004 4104
1 793 2004 5152
1 794 2004 4166
1 795 2004 5101
1 796 2004 5150
1 797 2004 3488
1 798 2004 3201
1 799 2004 2640
1 800 2004 5326
1 801 2004 5244
1 802 2004 4259
1 803 2004 4162
1 804 2004 3659
1 805 2004 3659
1 806 2004 5076
1 807 2004 4396
1 808 2004 5089
1 809 2004 5248
1 810 2004 4346
1 811 2004 3734
1 812 2004 3734
1 813 2004 4308
1 814 2004 4308
1 815 2004 5119
1 816 2004 5232
1 817 2004 5144
1 818 2004 5073
1 819 2004 2800
1 820 2004 2800
1 821 2004 3203
1 822 2004 3203
1 823 2004 4004
1 824 2004 5130
1 825 2004 3445
1 826 2004 4361
1 827 2004 4456
1 828 2004 5669
1 829 2004 4420
1 830 2004 3759
1 831 2004 4241
1 832 2004 4242
1 833 2004 4170
1 834 2004 3945
1 835 2004 3738
1 836 2004 3268
1 837 2004 3268
1 838 2004 4454
1 839 2004 4395
1 840 2004 4432
1 841 2004 4217
1 842 2004 3214
1 843 2004 5135
1 844 2004 4161
1 845 2004 5133
1 846 2004 4529
1 847 2004 5635
1 848 2004 4313
1 849 2004 3289
1 850 2004 5831
1 851 2004 3250
1 852 2004 3250
1 853 2004 5449
1 854 2004 4245
1 855 2004 4522
1 856 2004 4522
1 857 2004 3248
1 858 2004 4103
1 859 2004 4051
1 860 2004 2706
1 861 2004 3443
1 862 2004 3279
1 863 2004 5605
1 864 2004 4404
1 865 2004 4635
1 866 2004 5111
1 867 2004 2834
1 868 2004 2834
1 869 2004 5107
1 870 2004 3636
1 871 2004 3324
1 872 2004 3282
1 873 2004 4460
1 874 2004 3748
1 875 2004 3748
1 876 2004 5110
1 877 2004 5670
1 878 2004 5242
1 879 2004 4459
1 880 2004 3564
1 881 2004 2787
1 882 2004 4734
1 883 2004 5495
1 884 2004 3490
1 885 2004 3533
1 886 2004 4378
1 887 2004 4305
1 888 2004 4386
1 889 2004 4386
1 890 2004 5061
1 891 2004 3259
1 892 2004 5141
1 893 2004 5549
1 894 2004 3303
1 895 2004 4258
1 3 2004 3681
1 896 2004 3319
1 897 2004 4226
1 898 2004 3563
1 899 2004 5485
1 900 2004 3692
1 901 2004 3762
1 902 2004 5634
1 903 2004 5510
1 904 2004 5471
1 905 2004 3202
1 906 2004 3567
1 907 2004 2819
1 908 2004 5548
1 1 2004 3771
1 909 2004 4155
1 910 2004 2627
1 911 2004 5434
1 912 2004 5121
1 913 2004 5276
1 914 2004 4473
1 915 2004 5250
1 916 2004 4322
1 917 2004 3796
1 918 2004 4628
1 919 2004 3009
1 920 2004 2860
1 921 2004 4008
1 922 2004 3538
1 923 2004 5226
1 924 2004 3076
1 925 2004 3236
1 926 2004 4193
1 927 2004 3326
1 928 2004 5589
1 929 2004 4416
1 930 2004 5125
1 931 2005 4166
1 932 2005 3571
1 933 2005 5831
1 934 2005 3725
1 935 2005 4259
1 936 2005 5076
1 937 2005 5669
1 938 2005 5232
1 939 2005 3796
1 940 2005 4410
1 941 2005 4103
1 942 2005 4103
1 943 2005 4238
1 944 2005 5248
1 945 2005 4468
1 946 2005 4456
1 947 2005 4420
1 948 2005 3214
1 949 2005 4004
1 950 2005 3319
1 951 2005 4257
1 952 2005 4257
1 953 2005 4241
1 954 2005 5652
1 955 2005 4361
1 956 2005 4361
1 957 2005 4193
1 958 2005 5111
1 959 2005 5125
1 960 2005 3259
1 961 2005 5121
1 962 2005 5626
1 963 2005 5596
1 964 2005 4575
1 965 2005 5662
1 966 2005 4459
1 967 2005 4470
1 968 2005 3771
1 969 2005 3282
1 970 2005 5510
1 971 2005 4529
1 972 2005 4454
1 973 2005 5127
1 974 2005 3762
1 975 2005 4467
1 976 2005 4628
1 977 2005 5326
1 978 2005 5456
1 979 2005 5226
1 980 2005 5130
1 981 2005 6782
1 982 2006 3641
1 983 2006 5428
1 984 2006 3681
1 985 2006 4432
1 986 2006 5063
1 987 2006 5594
1 988 2006 3738
1 989 2006 4166
1 990 2006 5547
1 991 2006 4407
1 992 2006 3945
1 993 2006 5542
1 2 2006 5597
1 994 2006 4103
1 995 2006 4155
1 996 2006 3659
1 997 2006 5232
1 998 2006 5514
1 999 2006 5483
1 1000 2006 4359
1 1001 2006 5076
1 1002 2006 5081
1 1003 2006 5439
1 1004 2006 4161
1 1005 2006 5662
1 1006 2006 5589
1 1007 2006 5652
1 1008 2006 4456
1 1009 2006 4335
1 1010 2006 3533
1 1011 2006 3533
1 1012 2006 6781
1 1013 2006 4308
1 1014 2006 4051
1 1015 2006 3268
1 1016 2006 3268
1 1017 2006 4420
1 1018 2006 5626
1 1019 2006 4259
1 1020 2006 5150
1 1021 2006 3490
1 1022 2006 4395
1 1023 2006 5250
1 1024 2006 5130
1 1025 2006 5130
1 1026 2006 4459
1 1027 2006 4238
1 1028 2006 5060
1 1029 2006 5431
1 1030 2006 3319
1 1031 2006 3636
1 1032 2006 5562
1 1033 2006 4217
1 1034 2006 5520
1 1035 2006 5490
1 1036 2006 5555
1 1037 2006 4313
1 1038 2006 4734
1 1039 2006 4734
1 1040 2006 4454
1 1041 2006 3762
1 1042 2006 5491
1 1043 2006 5525
1 1044 2006 3704
1 1045 2006 4517
1 1046 2006 4517
1 1047 2006 3265
1 1048 2006 3651
1 1049 2006 5137
1 1050 2006 5122
1 1051 2006 4628
1 1052 2006 5531
1 1053 2006 4473
1 1054 2006 5141
1 1055 2006 3009
1 1056 2006 4193
1 1057 2006 5501
1 1058 2006 4361
1 1059 2006 5111
1 1060 2006 3564
1 1061 2006 5528
1 1062 2006 4346
1 1063 2006 5648
1 1064 2006 4004
1 1065 2006 5831
1 1066 2006 5276
1 1067 2006 4470
1 1068 2007 5103
1 1069 2007 5232
1 1070 2007 5596
1 1071 2007 3571
1 1072 2007 5076
1 1073 2007 5076
1 1074 2007 5631
1 1075 2007 5455
1 1076 2007 5433
1 1077 2007 5469
1 1078 2007 5469
1 1079 2007 5063
1 1080 2007 6136
1 1081 2007 5125
1 1082 2007 4361
1 1083 2007 4361
1 1084 2007 5443
1 1085 2007 5597
1 1086 2007 4420
1 1087 2007 4454
1 1088 2007 6100
1 1089 2007 4241
1 1090 2007 6151
1 1091 2007 5831
1 1092 2007 5439
1 1093 2007 5127
1 1094 2007 4410
1 1095 2007 4217
1 1096 2007 5456
1 1097 2007 5562
1 1098 2007 5662
1 1099 2007 5662
1 1100 2007 5542
1 1101 2007 5430
1 1102 2007 5248
1 1103 2007 5491
1 1104 2007 5917
1 1105 2007 5759
1 1106 2007 4529
1 1107 2007 4529
1 1108 2007 6120
1 1109 2007 5741
1 1110 2007 4238
1 1111 2007 5130
1 1112 2007 5130
1 1113 2007 5119
1 1114 2007 6147
1 1115 2007 4575
1 1116 2007 4575
1 1117 2007 5552
1 1118 2007 6528
1 1119 2007 3567
1 1120 2007 5495
1 1121 2007 5235
1 1122 2007 6780
1 1123 2007 4472
1 1124 2008 5469
1 1125 2008 5469
1 1126 2008 5063
1 1127 2008 6099
1 1128 2008 4361
1 1129 2008 5107
1 1130 2008 5103
1 1131 2008 5439
1 1132 2008 4190
1 1133 2008 4456
1 1134 2008 6410
1 1135 2008 5144
1 1136 2008 6164
1 1137 2008 5076
1 1138 2008 4004
1 1139 2008 4399
1 1140 2008 4359
1 1141 2008 5552
1 1142 2008 5741
1 1143 2008 5456
1 1144 2008 5562
1 1145 2008 5525
1 1146 2008 5133
1 1147 2008 5133
1 1148 2008 5530
1 1149 2008 5759
1 1150 2008 5593
1 1151 2008 5491
1 1152 2008 6488
1 1153 2008 5652
1 1154 2008 4395
1 1155 2008 4395
1 1156 2008 5130
1 1157 2008 6145
1 1158 2008 5486
1 1159 2008 6084
1 1160 2008 6452
1 1161 2008 5127
1 1162 2008 4420
1 1163 2008 6168
1 1164 2008 5542
1 1165 2008 6525
1 1166 2008 6136
1 1167 2008 5089
1 1168 2008 5547
1 1169 2008 5276
1 1170 2008 5631
1 1171 2008 5626
1 1172 2008 6196
1 1173 2008 6159
1 1174 2008 5506
1 1175 2008 4575
1 1176 2008 4529
1 1177 2008 4529
1 1178 2008 3796
1 1179 2008 6435
1 1180 2008 5152
1 1181 2008 5891
1 1182 2008 5460
1 1183 2008 4598
1 1184 2008 5595
1 1185 2008 6124
1 1186 2008 5326
1 1187 2008 5459
1 1188 2008 6779
1 1189 2008 6186
1 1190 2008 4628
1 1191 2008 5648
1 1192 2008 5520
1 1193 2008 6588
1 1194 2008 7076
1 1195 2008 6354
1 1196 2008 7068
1 1197 2008 7081
1 1198 2008 6125
1 1199 2008 5430
1 1200 2008 5831
1 1201 2009 5127
1 1202 2009 6082
1 1203 2009 4404
1 1204 2009 5421
1 1205 2009 4361
1 1206 2009 6690
1 1207 2009 5248
1 1208 2009 6588
1 1209 2009 5150
1 1210 2009 5469
1 1211 2009 5326
1 1212 2009 5431
1 1213 2009 5542
1 1214 2009 6193
1 1215 2009 5130
1 1216 2009 5130
1 1217 2009 4395
1 1218 2009 5427
1 1219 2009 5427
1 1220 2009 6488
1 1221 2009 5535
1 1222 2009 5535
1 1223 2009 6663
1 1224 2009 6425
1 1225 2009 6593
1 1226 2009 5891
1 1227 2009 5141
1 1228 2009 5141
1 1229 2009 5530
1 1230 2009 5520
1 1231 2009 6196
1 1232 2009 6196
1 1233 2009 6435
1 1234 2009 5232
1 1235 2009 6084
1 1236 2009 4631
1 1237 2009 6656
1 1238 2009 6164
1 1239 2009 4190
1 1240 2009 6625
1 1241 2009 4359
1 1242 2009 5486
1 1243 2009 5543
1 1244 2009 6644
1 1245 2009 6724
1 1246 2009 6369
1 1247 2009 5439
1 1248 2009 6151
1 1249 2009 4004
1 1250 2009 6695
1 1251 2009 4238
1 1252 2009 5604
1 1253 2009 5060
1 1254 2009 6615
1 1255 2009 5444
1 1256 2009 6723
1 1257 2009 5526
1 1258 2009 6692
1 1259 2009 5759
1 1260 2009 4420
1 1261 2009 4456
1 1262 2009 5552
1 1263 2009 6150
1 1264 2009 4258
1 1265 2009 5626
1 1266 2009 5505
1 1267 2009 5595
1 1268 2009 5831
1 1269 2010 6646
1 1270 2010 4361
1 1271 2010 6690
1 1272 2010 6585
1 1273 2010 6827
1 1274 2010 5101
1 1275 2010 5596
1 1276 2010 6724
1 1277 2010 6189
1 1278 2010 6681
1 1279 2010 5248
1 1280 2010 5130
1 1281 2010 5469
1 1282 2010 5469
1 1283 2010 6369
1 1284 2010 4407
1 1285 2010 6867
1 1286 2010 6168
1 1287 2010 6691
1 1288 2010 7046
1 1289 2010 5439
1 1290 2010 5144
1 1291 2010 4359
1 1292 2010 6338
1 1293 2010 6860
1 1294 2010 6100
1 1295 2010 5433
1 1296 2010 5552
1 1297 2010 5127
1 1298 2010 6910
1 1299 2010 6086
1 1300 2010 5491
1 1301 2010 6904
1 1302 2010 6425
1 1303 2010 6588
1 1304 2010 5456
1 1305 2010 5604
1 1306 2010 6770
1 1307 2010 6780
1 1308 2010 6780
1 1309 2010 5111
1 1310 2010 6625
1 1311 2010 5443
1 1312 2010 6196
1 1313 2010 6125
1 1314 2010 6730
1 1315 2010 6892
1 1316 2010 6938
1 1317 2010 6929
1 1318 2010 6990
1 1319 2010 6408
1 1320 2010 6688
1 1321 2010 6159
1 1322 2010 5562
1 1323 2010 5604
1 1324 2010 6776
1 1325 2010 6455
1 1326 2010 6786
1 1327 2010 5662
1 1328 2010 5133
1 1329 2010 5089
1 1330 2010 5119
1 1331 2010 5632
1 1332 2010 5535
1 1333 2010 5891
1 1334 2010 5137
1 1335 2010 5631
1 1336 2010 5431
1 1337 2010 6969
1 1338 2010 6537
1 1339 2010 6866
1 1340 2010 6713
1 1341 2010 6937
1 1342 2010 6909
1 1343 2010 6930
1 1344 2010 6900
1 1345 2010 6697
1 1346 2010 6907
1 1347 2010 6679
1 1348 2010 6718
1 1349 2010 5430
1 1350 2010 5485
1 1351 2010 6193
1 1352 2010 6979
1 1353 2010 6958
1 1354 2010 6084
1 1355 2010 6988
1 1356 2010 7063
1 1357 2010 5459
1 1358 2010 6834
1 1359 2010 6617
1 1360 2010 5427
1 1361 2010 6726
1 1362 2010 7707
1 1363 2010 7068
1 1364 2010 6593
1 1365 2010 6674
1 1366 2010 6609
1 1367 2010 6099
1 1368 2010 6927
1 1369 2010 6176
1 1370 2010 6682
1 1371 2010 6150
1 1372 2010 4410
1 1373 2010 3259
1 1374 2011 6082
1 1375 2011 7068
1 1376 2011 4628
1 1377 2011 5433
1 1378 2011 6086
1 1379 2011 6605
1 1380 2011 5596
1 1381 2011 6777
1 1382 2011 6827
1 1383 2011 6644
1 1384 2011 6781
1 1385 2011 4361
1 1386 2011 6911
1 1387 2011 6829
1 1388 2011 5662
1 6 2011 6646
1 1389 2011 6189
1 1390 2011 7267
1 1391 2011 6688
1 1392 2011 6892
1 1393 2011 6168
1 1394 2011 7124
1 1395 2011 6971
1 1396 2011 7131
1 1397 2011 6867
1 1398 2011 6124
1 1399 2011 5455
1 1400 2011 6155
1 1401 2011 7157
1 1402 2011 6692
1 1403 2011 6369
1 1404 2011 6369
1 1405 2011 6414
1 1406 2011 7205
1 1407 2011 7056
1 1408 2011 4359
1 1409 2011 6730
1 1410 2011 6588
1 1411 2011 6588
1 1412 2011 7253
1 1413 2011 6713
1 1414 2011 7228
1 1415 2011 5443
1 1416 2011 6127
1 1417 2011 6928
1 1418 2011 6679
1 1419 2011 6930
1 1420 2011 6969
1 1421 2011 6948
1 1422 2011 5084
1 1423 2011 6452
1 1424 2011 6681
1 1425 2011 6723
1 1426 2011 6958
1 1427 2011 5127
1 1428 2011 6150
1 1429 2011 6585
1 1430 2011 5520
1 1431 2011 6617
1 1432 2011 5530
1 1433 2011 6718
1 1434 2011 7039
1 1435 2011 6920
1 1436 2011 6972
1 1437 2011 7144
1 1438 2011 6100
1 1439 2011 5631
1 1440 2011 7172
1 1441 2011 6859
1 1442 2011 7163
1 1443 2011 6441
1 1444 2011 6717
1 1445 2011 6196
1 1446 2011 6196
1 1447 2011 6678
1 1448 2011 5604
1 1449 2011 5490
1 1450 2011 5444
1 1451 2011 6171
1 1452 2011 6682
1 1453 2011 6770
1 1454 2011 5594
1 1455 2011 7108
1 1456 2011 6583
1 1457 2011 6159
1 1458 2011 5089
1 1459 2011 5741
1 1460 2011 6726
1 1461 2011 6900
1 1462 2011 6118
1 1463 2011 7051
1 1464 2011 6089
1 1465 2011 6525
1 1466 2011 7146
1 1467 2011 6967
1 1468 2011 5525
1 1469 2011 6683
1 1470 2011 6663
1 1471 2011 6780
1 1472 2011 5460
1 1473 2011 10283
1 1474 2011 5593
1 1475 2011 6435
1 1476 2011 5762
1 1477 2011 6837
1 1478 2011 6916
1 1479 2011 7201
1 1480 2011 6976
1 1481 2011 5133
1 1482 2011 5133
1 1483 2011 6609
1 1484 2011 9242
1 1485 2011 6724
1 1486 2011 5094
1 1487 2011 6725
1 1488 2011 6927
1 1489 2011 6910
1 1490 2011 5137
1 1491 2011 6841
1 1492 2011 6193
1 1493 2011 5505
1 1494 2011 5562
1 1495 2011 7257
1 1496 2011 7079
1 1497 2011 7215
1 1498 2011 6988
1 1499 2011 7698
1 1500 2011 6776
1 1501 2011 6338
1 1502 2011 6186
1 1503 2011 -2775
1 1504 2011 -2691
1 1505 2011 6768
1 1506 2011 6904
1 1507 2011 -2716
1 1508 2011 7700
1 1509 2011 -2801
1 1510 2011 -2701
1 1511 2011 5506
1 1512 2011 -2655
1 1513 2011 6857
1 1514 2011 -2736
1 1515 2011 -2666
1 1516 2011 -2718
1 1517 2011 7076
1 1518 2011 -2774
1 1519 2011 -2780
1 1520 2011 -2712
1 1521 2012 6837
1 1522 2012 5520
1 1523 2012 6900
1 1524 2013 6680
1 1525 2013 8751
1 1526 2013 6691
1 1527 2013 6690
1 1528 2013 6833
1 1529 2013 7241
1 1530 2013 7459
1 1531 2013 7454
1 1532 2013 6644
1 1533 2013 7576
1 1534 2013 7185
1 1535 2013 6777
1 1536 2013 7157
1 1537 2013 6168
1 1538 2013 6086
1 1539 2013 6837
1 1540 2013 7205
1 1541 2013 6625
1 1542 2013 6625
1 1543 2013 7476
1 1544 2013 8258
1 1545 2013 8729
1 1546 2013 6938
1 1547 2013 7230
1 1548 2013 6354
1 1549 2013 5597
1 1550 2013 6827
1 1551 2013 6827
1 1552 2013 7172
1 1553 2013 7267
1 1554 2013 7458
1 1555 2013 7262
1 1556 2013 7262
1 1557 2013 6678
1 1558 2013 6678
1 1559 2013 7039
1 1560 2013 8749
1 1561 2013 10449
1 1562 2013 7560
1 1563 2013 7560
1 1564 2013 8730
1 1565 2013 6151
1 1566 2013 6608
1 1567 2013 8240
1 1568 2013 8265
1 1569 2013 8718
1 1570 2013 8510
1 1571 2013 7163
1 1572 2013 7215
1 1573 2013 6958
1 1574 2013 6930
1 1575 2013 6930
1 1576 2013 7133
1 1577 2013 7227
1 1578 2013 7455
1 1579 2013 7051
1 1580 2013 7261
1 1581 2013 7261
1 1582 2013 6834
1 1583 2013 6369
1 1584 2013 6948
1 1585 2013 7198
1 1586 2013 7542
1 1587 2013 6969
1 1588 2013 8327
1 1589 2013 6900
1 1590 2013 8765
1 1591 2013 7143
1 1592 2013 7109
1 1593 2013 6176
1 1594 2013 6663
1 1595 2013 6688
1 1596 2013 5751
1 1597 2013 6874
1 1598 2013 7257
1 1599 2013 8771
1 1600 2013 7472
1 1601 2013 6196
1 1602 2013 6196
1 1603 2013 5594
1 1604 2013 6683
1 1605 2013 6770
1 1606 2013 7228
1 1607 2013 6916
1 1608 2013 8740
1 1609 2013 6679
1 1610 2013 4465
1 1611 2013 6617
1 1612 2013 6617
1 1613 2013 8793
1 1614 2013 7068
1 1615 2013 6867
1 1616 2013 6867
1 1617 2013 7043
1 1618 2013 6682
1 1619 2013 6682
1 1620 2013 6425
1 1621 2013 6425
1 1622 2013 6136
1 1623 2013 6136
1 1624 2013 6982
1 1625 2013 6967
1 1626 2013 6967
1 1627 2013 10113
1 1628 2013 8745
1 1629 2013 8792
1 1630 2013 5648
1 1631 2013 7574
1 1632 2013 6615
1 1633 2013 8780
1 1634 2013 7194
1 1635 2013 8473
1 1636 2013 6990
1 1637 2013 6776
1 1638 2013 8813
1 1639 2013 6723
1 1640 2013 9242
1 1641 2013 6857
1 1642 2013 6866
1 1643 2013 7071
1 1644 2013 8744
1 1645 2013 8721
1 1646 2013 10450
1 1647 2013 7108
1 1648 2014 7068
1 1649 2014 8265
1 1650 2014 6690
1 1651 2014 8718
1 1652 2014 6168
1 1653 2014 6833
1 1654 2014 8358
1 1655 2014 8787
1 1656 2014 8714
1 1657 2014 6777
1 1658 2014 7143
1 1659 2014 9251
1 1660 2014 6827
1 1661 2014 6827
1 1662 2014 8759
1 1663 2014 7227
1 1664 2014 6348
1 1665 2014 8240
1 1666 2014 7565
1 1667 2014 6688
1 1668 2014 6779
1 1669 2014 6937
1 1670 2014 7454
1 1671 2014 6605
1 1672 2014 8725
1 1673 2014 6086
1 1674 2014 6929
1 1675 2014 6678
1 1676 2014 6678
1 1677 2014 9258
1 1678 2014 7185
1 1679 2014 6958
1 1680 2014 6958
1 1681 2014 7476
1 1682 2014 7593
1 1683 2014 7063
1 1684 2014 8762
1 1685 2014 7576
1 1686 2014 7576
1 1687 2014 8473
1 1688 2014 7560
1 1689 2014 7261
1 1690 2014 7261
1 1691 2014 7232
1 1692 2014 6663
1 1693 2014 6118
1 1694 2014 6866
1 1695 2014 7071
1 1696 2014 8749
1 1697 2014 6930
1 1698 2014 6969
1 1699 2014 5490
1 1700 2014 7206
1 1701 2014 6717
1 1702 2014 6717
1 1703 2014 6851
1 1704 2014 8740
1 1705 2014 7687
1 1706 2014 7215
1 1707 2014 6369
1 1708 2014 9239
1 1709 2014 6979
1 1710 2014 5597
1 1711 2014 8812
1 1712 2014 7574
1 1713 2014 10449
1 1714 2014 7202
1 1715 2014 6666
1 1716 2014 6435
1 1717 2014 10113
1 1718 2014 7542
1 1719 2014 6916
1 1720 2014 6916
1 1721 2014 6962
1 1722 2014 6962
1 1723 2014 6682
1 1724 2014 6948
1 1725 2014 6967
1 1726 2014 6967
