1 23 2 0
1 24 1 0
1 25 1 0
1 26 1 0
1 27 2 0
1 9 2 0
1 28 1 0
1 10 2 0
1 11 2 1
1 12 2 0
1 13 1 0
1 14 2 0
1 15 2 1
1 16 2 0
1 17 2 0
1 18 2 0
1 19 1 0
1 20 2 0
1 8 1 0
1 21 1 0
1 22 1 1
1 1727 2 0
1 1728 2 0
1 1729 2 0
1 1730 2 0
1 1731 1 0
1 1732 2 0
1 1733 2 0
1 1734 2 0
1 1735 2 0
1 1736 2 0
1 1737 2 0
1 1738 2 1
1 1739 1 1
1 1740 1 0
1 1741 1 0
1 1742 2 0
1 1743 1 0
1 1744 2 0
1 1745 1 0
1 1746 2 0
1 1747 2 1
1 1748 1 0
1 1749 2 0
1 1750 2 0
1 1751 1 0
1 1752 2 0
1 1753 2 0
1 1754 2 0
1 1755 2 0
1 1756 1 0
1 1757 2 0
1 1758 2 0
1 1759 1 0
1 1760 1 1
1 1761 2 1
1 1762 2 0
1 1763 2 0
1 1764 2 0
1 1765 2 0
1 1766 1 0
1 1767 1 0
1 1768 1 1
1 1769 1 1
1 1770 2 1
1 1771 2 0
1 1772 1 0
1 1773 1 1
1 1774 1 0
1 1775 1 0
1 1776 1 0
1 1777 1 1
1 1778 1 1
1 1779 1 0
1 1780 1 0
1 1781 1 1
1 1782 1 1
1 1783 2 0
1 1784 1 0
1 1785 2 0
1 1786 2 0
1 1787 1 0
1 1788 1 0
1 1789 2 0
1 1790 1 0
1 1791 2 0
1 1792 2 0
1 1793 1 0
1 1794 1 0
1 1795 2 0
1 1796 2 0
1 1797 1 1
1 1798 2 1
1 1799 1 0
1 1800 1 0
1 1801 2 0
1 1802 1 0
1 1803 2 0
1 1804 1 0
1 1805 1 0
1 1806 2 0
1 1807 2 0
1 1808 1 0
1 1809 1 0
1 1810 2 0
1 1811 2 0
1 1812 2 1
1 1813 2 1
1 1814 1 0
1 1815 2 1
1 1816 1 0
1 1817 1 0
1 1818 2 1
1 1819 2 0
1 1820 1 0
1 1821 1 0
1 1822 1 0
1 1823 1 0
1 1824 2 0
1 1825 1 0
1 1826 1 0
1 1827 2 0
1 1828 1 0
1 1829 1 0
1  2 1
1 1830 2 0
1 1831 2 0
1 1832 2 0
1 1833 1 0
1 1834 1 1
1 1835 2 0
1 1836 2 0
1 1837 1 0
1 1838 1 0
1 1839 1 0
1 1840 2 0
1 1841 1 1
1 1842 1 0
1 1843 2 0
1 1844 2 0
1 1845 2 0
1 1846 2 0
1 1847 1 1
1 1848 2 0
1 1849 2 0
1 1850 1 0
1 1851 2 0
1 1852 2 0
1 1853 2 0
1 1854 2 0
1 1855 2 0
1 1856 1 0
1 1857 1 1
1 1858 2 1
1 1859 1 0
1 1860 1 0
1 1861 2 0
1 1862 2 0
1 1863 2 0
1 1864 1 0
1 1865 2 0
1 1866 2 0
1 1867 2 0
1 1868 1 0
1 1869 1 0
1 1870 2 0
1 1871 2 0
1 1872 2 0
1 1873 1 0
1 1874 1 0
1 1875 1 0
1 1876 1 0
1 1877 2 1
1 1878 1 1
1 1879 1 0
1 1880 2 0
1 1881 1 0
1 1882 2 0
1 1883 2 0
1 1884 2 0
1 1885 2 1
1 1886 2 0
1 1887 2 0
1 1888 1 0
1 1889 2 0
1 1890 1 0
1 1891 2 1
1 1892 2 0
1 1893 1 0
1 1894 2 0
1 1895 2 0
1 1896 1 0
1 1897 1 0
1 1898 2 0
1 1899 2 0
1 1900 2 0
1 1901 2 1
1 1902 2 0
1 1903 1 1
1 1904 1 1
1 1905 2 0
1 1906 1 0
1 1907 1 0
1 1908 2 0
1 1909 1 0
1 1910 1 0
1 1911 2 0
1 1912 1 0
1 1913 2 0
1 1914 1 0
1 1915 1 0
1 1916 1 0
1 1917 1 0
1 1918 1 0
1 1919 1 0
1 1920 2 1
1 1921 2 1
1 1922 2 0
1 1923 1 0
1 1924 2 0
1 1925 1 0
1 1926 1 0
1 1927 1 0
1 1928 1 1
1 1929 2 0
1 1930 1 0
1 1931 1 0
1 1932 2 0
1 1933 2 0
1 1934 1 0
1 1935 2 0
1 1936 1 1
1 1937 1 1
1 1938 2 0
1 1939 2 0
1 1940 2 0
1 1941 2 0
1 1942 2 0
1 1943 2 0
1 1944 2 0
1 1945 1 0
1 1946 2 1
1 1947 1 1
1 1948 1 0
1 1949 2 0
1 1950 1 0
1 1951 1 0
1 1952 2 0
1 1953 2 1
1 1954 1 0
1 1955 1 1
1 1956 1 0
1 1957 2 0
1 1958 2 1
1 1959 2 0
1 1960 1 0
1 1961 2 0
1 1962 1 0
1 1963 2 0
1 1964 2 1
1 1965 1 0
1 1966 2 0
1 1967 2 0
1 1968 2 0
1 1969 1 0
1 1970 2 1
1 1971 2 1
1 1972 2 0
1 1973 1 0
1 1974 2 0
1 1975 2 0
1 1976 1 0
1 1977 2 0
1 1978 1 0
1 1979 1 0
1 1980 2 1
1 1981 1 0
1 1982 2 0
1 1983 2 0
1 1984 1 0
1 1985 1 0
1 1986 1 0
1 1987 2 0
1 1988 1 0
1 1989 2 0
1 1990 2 0
1 1991 2 0
1 1992 1 0
1 1993 2 0
1 1994 1 0
1 1995 1 0
1 1996 1 0
1 1997 1 0
1 1998 2 0
1 1999 2 0
1 2000 1 0
1 2001 1 0
1 2002 1 0
1 2003 1 0
1 2004 2 0
1 2005 2 1
1 2006 1 0
1 2007 2 0
1 2008 2 0
1 2009 1 0
1 2010 1 0
1 2011 2 1
1 2012 2 0
1 2013 2 0
1 2014 1 0
1 2015 1 0
1 2016 1 0
1 2017 1 0
1 2018 1 0
1 2019 2 0
1 2020 2 0
1 2021 2 0
1 2022 2 0
1 2023 2 0
1 2024 2 1
1 2025 1 1
1 2026 2 0
1 2027 1 0
1 2028 1 0
1 2029 2 0
1 2030 2 0
1 2031 2 0
1 2032 2 0
1 2033 1 0
1 2034 1 0
1 2035 2 0
1 2036 2 0
1 2037 2 0
1 2038 2 1
1 2039 1 0
1 2040 2 0
1 2041 1 0
1 2042 1 0
1 2043 1 1
1 2044 1 0
1 2045 1 1
1 2046 1 1
1 2047 1 1
1 2048 1 1
1 2049 2 1
1 2050 1 0
1 2051 1 1
1 2052 2 1
1 2053 2 0
1 2054 2 0
1 2055 1 1
1 2056 2 1
1 2057 2 0
1 2058 1 0
1 2059 2 1
1 2060 1 0
1 2061 1 0
1 2062 1 0
1 2063 1 1
1 2064 2 1
1 2065 2 0
1 2066 2 0
1 2067 2 1
1 2068 2 0
1 2069 1 0
1 2070 2 1
1 2071 2 0
1 2072 2 0
1 2073 1 0
1 2074 1 1
1 2075 2 0
1 2076 2 0
1 2077 1 0
1 2078 1 0
1 2079 1 0
1 2080 2 1
1 2081 1 0
1 2082 1 1
1 2083 1 1
1 2084 1 0
1 2085 2 0
1 2086 1 0
1 2087 2 1
1 2088 2 0
1 2089 2 0
1 2090 2 0
1 2091 1 1
1 2092 2 1
1 2093 1 0
1 2094 2 0
1 2095 1 1
1 2096 2 0
1 2097 1 0
1 2098 1 1
1 2099 1 1
1 2100 1 0
1 2101 2 0
1 2102 2 1
1 2103 2 0
1 2104 2 0
1 2105 2 0
1 2106 1 0
1 2107 1 0
1 2108 1 0
1 2109 1 1
1 2110 1 0
1 2111 1 1
1 2112 2 0
1 2113 2 0
1 2114 2 0
1 2115 2 1
1 2116 2 0
1 29 1 0
1 30 1 0
1 31 1 0
1 32 2 0
1 33 2 0
1 34 2 1
1 35 2 1
1 36 1 0
1 37 2 0
1 38 1 0
1 39 1 0
1 40 2 1
1 41 2 0
1 42 2 1
1 43 2 1
1 44 1 1
1 45 2 1
1 46 1 0
1 47 1 0
1 48 1 1
1 49 2 1
1 50 2 0
1 51 2 0
1 52 1 1
1 53 2 0
1 54 1 1
1 55 1 0
1 56 2 0
1 57 2 1
1 58 1 1
1 59 2 1
1 60 1 1
1 61 2 1
1 62 1 0
1 63 1 0
1 64 1 0
1 65 2 0
1 66 1 1
1 67 1 0
1 68 1 0
1 69 1 1
1 70 2 1
1 71 2 1
1 72 1 1
1 73 2 0
1 74 1 0
1 75 2 1
1 76 1 1
1 77 1 1
1 78 1 0
1 79 1 0
1 80 2 1
1 81 2 0
1 82 1 0
1 83 2 1
1 84 2 0
1 85 2 1
1 86 2 1
1 7 2 0
1 87 1 0
1 88 1 1
1 89 1 0
1 90 2 0
1 91 2 0
1 92 2 0
1 93 2 0
1 94 1 0
1 95 2 0
1 96 1 0
1 97 2 0
1 98 1 0
1 99 1 0
1 100 2 0
1 101 1 0
1 102 2 0
1 103 1 0
1 104 2 0
1 105 2 0
1 106 2 0
1 107 2 0
1 108 1 0
1 109 2 0
1 110 2 1
1 111 1 1
1 112 1 1
1 113 2 1
1 114 1 1
1 115 2 0
1 116 1 0
1 117 2 0
1 118 2 0
1 119 1 1
1 120 1 1
1 121 1 1
1 122 2 1
1 123 1 0
1 124 1 0
1 125 1 0
1 126 1 1
1 127 1 1
1 128 2 0
1 129 1 1
1 130 1 1
1 131 1 0
1 132 2 1
1 133 1 1
1 134 1 0
1 135 1 0
1 136 2 1
1 137 1 1
1 138 1 0
1 139 2 0
1 140 1 1
1 141 1 1
1 142 2 1
1 143 1 1
1 144 2 0
1 145 2 1
1 146 1 1
1 147 1 1
1 148 2 1
1 149 1 1
1 150 2 1
1 151 1 1
1 152 1 1
1 153 1 1
1 154 1 1
1 155 1 0
1 156 1 1
1 157 1 1
1 158 2 1
1 159 2 0
1 160 1 0
1 161 1 1
1 162 2 0
1 163 2 1
1 164 1 0
1 165 2 0
1 166 2 1
1 167 1 0
1 168 1 1
1 169 2 0
1 170 1 1
1 171 2 1
1 172 2 0
1 173 2 0
1 174 1 0
1 175 1 0
1 176 1 0
1 177 2 0
1 178 2 0
1 179 2 0
1 180 2 0
1 181 1 0
1 182 2 0
1 183 1 0
1 184 2 0
1 185 2 0
1 186 1 0
1 187 1 0
1 188 1 0
1 189 1 0
1 190 2 0
1 191 1 0
1 192 1 0
1 193 2 0
1 194 1 0
1 195 1 0
1 196 2 0
1 197 2 0
1 198 2 0
1 199 2 0
1 200 1 0
1 201 2 0
1 202 1 0
1 203 1 0
1 204 2 0
1 205 2 0
1 206 1 0
1 207 1 0
1 208 2 0
1 209 1 1
1 210 2 1
1 211 2 1
1 212 1 0
1 213 1 1
1 214 1 0
1 215 1 0
1 216 1 0
1 217 1 0
1 218 2 0
1 219 1 0
1 220 1 0
1 221 2 0
1 222 1 1
1 223 1 1
1 224 2 0
1 225 2 1
1 226 2 1
1 227 1 0
1 228 2 0
1 229 2 1
1 230 1 0
1 231 2 1
1 232 1 0
1 233 2 0
1 234 1 0
1 235 2 0
1 236 1 0
1 237 1 1
1 238 2 1
1 239 1 0
1 240 2 1
1 241 1 1
1 242 2 1
1 243 2 0
1 244 1 1
1 245 2 1
1 246 2 1
1 247 2 0
1 248 2 0
1 249 1 1
1 250 2 1
1 251 2 1
1 252 1 0
1 253 2 0
1 254 2 1
1 255 2 0
1 256 1 0
1 257 1 0
1 258 2 0
1 259 1 0
1 260 2 0
1 261 1 0
1 262 1 0
1 263 2 0
1 264 2 0
1 265 2 0
1 266 1 0
1 267 1 0
1 268 1 1
1 269 1 1
1 270 1 0
1 271 1 0
1 272 1 0
1 273 2 0
1 274 1 1
1 275 2 1
1 276 2 0
1 277 1 1
1 278 1 0
1 279 2 0
1 280 2 0
1 281 2 0
1 282 2 0
1 283 1 1
1 284 1 1
1 285 2 1
1 286 2 0
1 287 1 0
1 288 1 0
1 289 2 0
1 290 2 0
1 291 2 0
1 292 1 1
1 293 2 1
1 294 2 0
1 295 1 1
1 296 2 1
1 297 2 1
1 298 2 1
1 299 1 0
1 300 1 0
1 301 1 1
1 302 1 1
1 303 1 0
1 304 1 0
1 305 1 0
1 306 2 0
1 307 1 0
1 308 1 0
1 309 1 0
1 310 2 1
1 311 1 1
1 312 2 0
1 313 1 0
1 314 1 0
1 315 1 1
1 316 2 1
1 317 2 1
1 318 1 1
1 319 2 0
1 320 2 1
1 321 2 0
1 322 1 0
1 323 1 0
1 324 1 0
1 325 1 1
1 326 2 0
1 327 2 0
1 328 1 0
1 329 1 0
1 330 1 0
1 331 2 0
1 332 1 0
1 333 2 0
1 334 1 0
1 335 2 0
1 336 2 1
1 337 2 1
1 338 2 1
1 339 2 0
1 340 1 0
1 341 2 0
1 342 2 0
1 343 2 0
1 344 2 0
1 345 2 0
1 346 2 1
1 347 2 1
1 348 1 0
1 349 2 0
1 350 2 1
1 351 2 0
1 352 2 0
1 353 2 0
1 354 2 0
1 355 1 0
1 356 2 0
1 357 1 0
1 358 2 0
1 359 2 0
1 360 2 0
1 361 2 0
1 362 2 1
1 363 2 1
1 364 1 0
1 365 1 0
1 366 2 1
1 367 1 1
1 368 1 0
1 369 2 0
1 370 2 0
1 371 1 0
1 372 2 1
1 373 2 1
1 374 1 0
1 375 2 0
1 376 1 0
1 377 2 1
1 378 2 1
1 379 2 0
1 380 1 0
1 381 2 0
1 382 1 0
1 383 2 0
1 384 1 0
1 385 2 0
1 386 2 0
1 387 2 0
1 388 2 0
1 389 1 1
1 390 2 1
1 391 2 0
1 392 2 0
1 393 1 0
1 394 2 0
1 395 2 0
1 396 2 0
1 397 1 1
1 398 1 0
1 399 2 0
1 400 2 0
1 401 2 0
1 402 1 1
1 403 1 1
1 404 1 1
1 405 2 1
1 406 2 1
1 407 2 0
1 408 2 0
1 409 2 0
1 410 1 1
1 411 2 1
1 412 2 0
1 413 1 0
1 414 1 0
1 415 1 0
1 416 2 1
1 417 2 0
1 418 1 0
1 419 2 0
1 420 2 0
1 421 2 1
1 422 1 1
1 423 1 0
1 424 1 0
1 425 1 0
1 426 2 0
1 427 2 0
1 428 1 0
1 5 2 0
1 429 1 1
1 430 2 0
1 431 1 0
1 432 2 1
1 433 2 1
1 434 1 0
1 435 1 0
1 436 2 0
1 437 2 0
1 438 2 0
1 439 1 1
1 440 2 1
1 441 1 0
1 442 2 0
1 443 2 0
1 444 2 0
1 445 2 0
1 446 1 0
1 447 2 0
1 448 1 0
1 449 2 0
1 450 1 0
1 451 2 0
1 452 1 0
1 453 2 0
1 454 2 0
1 455 1 0
1 456 2 1
1 457 1 1
1 458 2 1
1 459 2 0
1 460 2 0
1 461 1 0
1 462 1 1
1 463 2 0
1 464 2 0
1 465 1 0
1 466 1 0
1 467 1 0
1 468 2 0
1 469 2 0
1 470 1 0
1 471 1 0
1 472 1 0
1 473 2 0
1 474 2 0
1 475 1 0
1 476 1 1
1 477 2 1
1 478 1 1
1 479 1 0
1 480 2 0
1 481 1 0
1 482 1 0
1 483 2 0
1 484 1 1
1 485 1 1
1 486 2 1
1 487 1 1
1 488 1 1
1 489 1 1
1 490 2 1
1 491 2 1
1 492 2 1
1 493 1 0
1 494 1 0
1 495 2 0
1 496 2 0
1 497 1 0
1 498 2 0
1 499 1 0
1 500 1 0
1 501 1 0
1 502 2 0
1 503 2 0
1 504 1 0
1 505 1 0
1 506 2 1
1 507 1 1
1 508 1 0
1 509 2 1
1 510 1 1
1 511 1 0
1 512 1 0
1 513 2 0
1 514 2 0
1 515 2 0
1 516 2 0
1 517 1 0
1 518 1 0
1 519 1 0
1 520 2 0
1 521 2 0
1 522 2 0
1 523 2 0
1 524 1 0
1 525 2 0
1 526 2 0
1 527 1 0
1 528 2 0
1 529 1 0
1 530 2 1
1 531 2 0
1 532 2 0
1 533 1 0
1 534 2 1
1 535 2 1
1 536 1 0
1 537 2 0
1 538 2 0
1 539 1 0
1 540 2 0
1 541 2 0
1 542 1 0
1 543 2 0
1 544 2 1
1 545 1 1
1 546 1 0
1 547 2 0
1 548 2 0
1 549 1 1
1 550 1 1
1 551 1 0
1 552 1 0
1 553 1 0
1 554 2 0
1 555 1 0
1 556 2 0
1 557 2 0
1 558 1 0
1 559 2 0
1 560 2 0
1 561 2 0
1 562 1 1
1 563 2 1
1 564 2 1
1 565 2 0
1 566 1 0
1 567 1 0
1 568 2 0
1 569 2 0
1 570 2 0
1 571 1 0
1 572 2 0
1 573 2 0
1 574 1 0
1 575 2 0
1 576 1 0
1 577 2 0
1 578 2 0
1 579 2 0
1 580 2 0
1 581 2 0
1 582 2 0
1 583 1 0
1 584 1 0
1 585 1 0
1 586 2 0
1 587 1 0
1 588 1 0
1 589 1 0
1 590 2 0
1 591 1 0
1 592 1 0
1 593 2 0
1 594 2 0
1 595 2 0
1 596 2 0
1 597 2 0
1 598 2 0
1 599 2 0
1 600 2 0
1 601 2 1
1 602 1 1
1 603 1 0
1 604 1 1
1 605 2 1
1 606 1 1
1 607 1 0
1 608 1 0
1 609 1 0
1 610 2 0
1 611 1 1
1 612 2 0
1 613 1 0
1 614 2 0
1 615 2 1
1 616 2 0
1 617 2 1
1 618 2 1
1 619 1 0
1 620 1 0
1 621 2 0
1 622 2 0
1 623 1 1
1 624 1 0
1 625 2 1
1 626 1 0
1 627 1 0
1 628 1 0
1 629 1 0
1 630 2 0
1 631 2 0
1 632 1 0
1 633 2 0
1 634 1 0
1 635 2 0
1 636 2 0
1 637 2 1
1 638 1 0
1 639 1 0
1 640 1 1
1 641 1 0
1 642 1 0
1 643 2 0
1 644 1 0
1 645 2 1
1 646 2 1
1 647 1 0
1 648 2 1
1 649 1 1
1 650 1 0
1 651 2 0
1 652 2 1
1 653 2 0
1 654 1 0
1 655 2 0
1 656 1 0
1 657 1 0
1 658 1 0
1 659 2 0
1 660 1 1
1 661 2 1
1 662 2 0
1 663 1 0
1 664 1 0
1 665 1 1
1 666 1 0
1 667 1 0
1 668 2 0
1 669 2 0
1 670 1 0
1 671 2 0
1 672 1 0
1 673 1 0
1 674 2 1
1 675 2 0
1 676 2 0
1 677 2 0
1 678 1 0
1 679 2 0
1 680 1 0
1 681 2 0
1 682 1 0
1 683 1 0
1 684 1 0
1 685 1 0
1 686 2 0
1 687 2 1
1 688 1 1
1 689 1 0
1 690 1 0
1 691 2 0
1 692 2 0
1 693 2 0
1 694 2 0
1 695 1 0
1 696 1 0
1 697 1 0
1 698 1 0
1 699 1 0
1 700 2 0
1 701 2 0
1 702 1 0
1 703 1 0
1 704 1 0
1 705 2 0
1 706 1 0
1 707 2 0
1 708 1 0
1 709 2 0
1 710 2 0
1 711 2 1
1 712 2 0
1 713 1 0
1 714 1 0
1 715 1 0
1 716 1 1
1 717 2 1
1 718 2 1
1 719 1 0
1 720 1 1
1 721 2 0
1 722 1 1
1 723 2 1
1 724 1 0
1 725 1 1
1 726 1 1
1 727 1 0
1 728 1 0
1 729 1 1
1 730 1 0
1 731 2 0
1 732 2 0
1 733 2 0
1 734 2 0
1 735 1 0
1 736 2 0
1 737 2 0
1 738 2 0
1 739 1 1
1 740 1 1
1 741 2 1
1 742 2 1
1 743 2 0
1 744 1 0
1 745 1 0
1 746 1 0
1 747 2 0
1 748 1 0
1 749 2 0
1 750 1 0
1 751 2 0
1 752 2 1
1 753 2 0
1 754 1 0
1 755 2 0
1 756 2 0
1 757 1 0
1 758 2 0
1 759 2 0
1 760 2 0
1 761 2 0
1 762 2 0
1 763 2 0
1 764 2 0
1 765 2 1
1 766 2 0
1 767 2 0
1 768 2 0
1 769 1 1
1 770 1 0
1 771 1 0
1 772 1 1
1 773 1 0
1 774 2 0
1 775 2 1
1 776 2 1
1 777 2 0
1 778 2 1
1 779 1 0
1 780 1 0
1 781 2 0
1 782 1 0
1 783 2 0
1 784 2 1
1 785 1 1
1 4 1 0
1 786 2 1
1 787 2 1
1 788 2 0
1 789 2 0
1 790 1 0
1 791 2 0
1 792 1 0
1 793 2 0
1 794 2 0
1 795 1 0
1 796 1 0
1 797 2 0
1 798 1 0
1 799 1 0
1 800 1 0
1 801 1 0
1 802 2 0
1 803 1 0
1 804 2 1
1 805 1 1
1 806 1 0
1 807 1 1
1 808 2 1
1 809 2 0
1 810 1 0
1 811 1 1
1 812 1 1
1 813 1 1
1 814 2 1
1 815 2 0
1 816 1 0
1 817 2 0
1 818 2 0
1 819 2 1
1 820 2 1
1 821 2 1
1 822 2 1
1 823 2 1
1 824 1 0
1 825 1 0
1 826 1 0
1 827 1 0
1 828 1 0
1 829 2 0
1 830 1 0
1 831 1 0
1 832 1 0
1 833 2 0
1 834 2 0
1 835 2 0
1 836 1 1
1 837 1 1
1 838 2 1
1 839 1 0
1 840 2 0
1 841 1 1
1 842 2 0
1 843 2 0
1 844 2 0
1 845 1 0
1 846 1 1
1 847 2 0
1 848 2 1
1 849 2 0
1 850 2 0
1 851 1 1
1 852 2 1
1 853 2 0
1 854 2 0
1 855 1 1
1 856 1 1
1 857 2 1
1 858 1 1
1 859 1 0
1 860 2 0
1 861 2 1
1 862 1 0
1 863 1 0
1 864 2 0
1 865 2 0
1 866 2 0
1 867 2 1
1 868 1 1
1 869 2 0
1 870 1 0
1 871 2 0
1 872 1 0
1 873 1 0
1 874 1 1
1 875 2 1
1 876 2 0
1 877 1 0
1 878 1 0
1 879 2 0
1 880 2 0
1 881 2 0
1 882 2 0
1 883 1 0
1 884 2 0
1 885 1 0
1 886 1 0
1 887 1 0
1 888 2 1
1 889 2 1
1 890 1 0
1 891 1 0
1 892 1 1
1 893 1 0
1 894 2 0
1 895 2 1
1 3 2 0
1 896 1 0
1 897 2 0
1 898 1 0
1 899 1 0
1 900 1 0
1 901 1 0
1 902 2 0
1 903 2 0
1 904 1 0
1 905 1 0
1 906 2 1
1 907 2 0
1 908 1 0
1 1 1 0
1 909 1 0
1 910 1 1
1 911 1 0
1 912 2 0
1 913 1 0
1 914 2 0
1 915 2 0
1 916 1 0
1 917 1 0
1 918 1 0
1 919 2 0
1 920 2 0
1 921 1 0
1 922 1 0
1 923 1 0
1 924 1 0
1 925 1 0
1 926 1 0
1 927 2 0
1 928 2 0
1 929 2 0
1 930 1 0
1 931 1 0
1 932 1 0
1 933 2 0
1 934 2 0
1 935 1 0
1 936 1 0
1 937 2 0
1 938 1 0
1 939 1 0
1 940 2 0
1 941 2 1
1 942 2 1
1 943 1 0
1 944 1 0
1 945 1 0
1 946 2 0
1 947 2 0
1 948 1 0
1 949 2 0
1 950 1 0
1 951 2 1
1 952 1 1
1 953 1 0
1 954 1 0
1 955 1 1
1 956 1 1
1 957 2 0
1 958 1 0
1 959 1 0
1 960 2 0
1 961 1 0
1 962 1 0
1 963 2 0
1 964 1 0
1 965 2 0
1 966 2 0
1 967 2 0
1 968 1 1
1 969 2 0
1 970 1 0
1 971 1 0
1 972 2 0
1 973 1 0
1 974 2 0
1 975 1 0
1 976 2 0
1 977 1 0
1 978 2 0
1 979 1 0
1 980 2 0
1 981 2 0
1 982 2 1
1 983 1 0
1 984 1 1
1 985 2 0
1 986 2 0
1 987 1 0
1 988 2 0
1 989 2 0
1 990 2 0
1 991 2 0
1 992 1 0
1 993 1 0
1 2 2 0
1 994 2 0
1 995 2 1
1 996 1 1
1 997 1 0
1 998 1 0
1 999 1 0
1 1000 2 0
1 1001 1 0
1 1002 2 0
1 1003 1 0
1 1004 1 0
1 1005 1 0
1 1006 2 0
1 1007 1 0
1 1008 2 1
1 1009 1 0
1 1010 1 1
1 1011 2 1
1 1012 2 0
1 1013 2 0
1 1014 2 0
1 1015 1 1
1 1016 1 1
1 1017 2 0
1 1018 2 0
1 1019 1 0
1 1020 2 0
1 1021 2 0
1 1022 1 1
1 1023 2 0
1 1024 1 1
1 1025 2 1
1 1026 2 0
1 1027 2 0
1 1028 1 0
1 1029 1 0
1 1030 2 1
1 1031 1 0
1 1032 1 0
1 1033 1 0
1 1034 1 0
1 1035 1 0
1 1036 2 0
1 1037 2 1
1 1038 2 1
1 1039 2 1
1 1040 2 0
1 1041 1 0
1 1042 2 0
1 1043 2 0
1 1044 1 0
1 1045 1 1
1 1046 1 1
1 1047 1 0
1 1048 1 0
1 1049 1 0
1 1050 2 0
1 1051 2 0
1 1052 2 0
1 1053 2 1
1 1054 2 1
1 1055 1 0
1 1056 2 1
1 1057 2 0
1 1058 2 0
1 1059 1 0
1 1060 2 0
1 1061 2 0
1 1062 1 0
1 1063 2 0
1 1064 2 0
1 1065 2 0
1 1066 2 0
1 1067 2 0
1 1068 2 0
1 1069 2 0
1 1070 1 0
1 1071 1 0
1 1072 2 1
1 1073 1 1
1 1074 2 0
1 1075 1 0
1 1076 2 1
1 1077 2 1
1 1078 2 1
1 1079 1 0
1 1080 1 0
1 1081 2 0
1 1082 2 1
1 1083 1 1
1 1084 1 0
1 1085 1 1
1 1086 1 0
1 1087 2 1
1 1088 1 0
1 1089 2 0
1 1090 2 0
1 1091 2 1
1 1092 2 0
1 1093 1 0
1 1094 2 1
1 1095 1 1
1 1096 1 0
1 1097 2 0
1 1098 1 1
1 1099 1 1
1 1100 1 1
1 1101 1 0
1 1102 2 0
1 1103 1 0
1 1104 2 0
1 1105 2 0
1 1106 2 1
1 1107 2 1
1 1108 1 0
1 1109 2 0
1 1110 2 0
1 1111 1 1
1 1112 2 1
1 1113 2 0
1 1114 1 0
1 1115 2 1
1 1116 1 1
1 1117 1 0
1 1118 1 0
1 1119 1 0
1 1120 1 0
1 1121 2 0
1 1122 2 1
1 1123 2 0
1 1124 1 1
1 1125 2 1
1 1126 2 0
1 1127 1 0
1 1128 1 0
1 1129 2 0
1 1130 2 0
1 1131 1 0
1 1132 2 0
1 1133 2 1
1 1134 1 0
1 1135 2 0
1 1136 1 0
1 1137 1 1
1 1138 1 0
1 1139 1 1
1 1140 1 0
1 1141 1 0
1 1142 2 0
1 1143 1 1
1 1144 1 0
1 1145 1 0
1 1146 2 1
1 1147 1 1
1 1148 2 0
1 1149 2 0
1 1150 1 0
1 1151 1 0
1 1152 1 0
1 1153 2 0
1 1154 1 1
1 1155 2 1
1 1156 1 1
1 1157 1 1
1 1158 2 0
1 1159 2 0
1 1160 2 0
1 1161 1 0
1 1162 2 0
1 1163 2 0
1 1164 1 0
1 1165 2 0
1 1166 2 0
1 1167 2 0
1 1168 1 1
1 1169 1 0
1 1170 1 0
1 1171 2 0
1 1172 1 0
1 1173 2 0
1 1174 1 1
1 1175 1 1
1 1176 1 1
1 1177 1 1
1 1178 2 0
1 1179 2 0
1 1180 1 0
1 1181 2 0
1 1182 2 1
1 1183 2 0
1 1184 2 0
1 1185 2 0
1 1186 2 0
1 1187 1 0
1 1188 2 0
1 1189 1 0
1 1190 1 0
1 1191 2 1
1 1192 1 1
1 1193 2 0
1 1194 2 0
1 1195 2 0
1 1196 1 0
1 1197 2 0
1 1198 2 0
1 1199 1 0
1 1200 1 0
1 1201 1 0
1 1202 2 0
1 1203 2 0
1 1204 1 0
1 1205 2 0
1 1206 2 0
1 1207 2 0
1 1208 1 0
1 1209 1 0
1 1210 1 1
1 1211 2 0
1 1212 2 0
1 1213 1 0
1 1214 2 1
1 1215 1 1
1 1216 1 1
1 1217 2 0
1 1218 2 1
1 1219 2 1
1 1220 2 0
1 1221 2 1
1 1222 2 1
1 1223 1 0
1 1224 1 0
1 1225 2 0
1 1226 1 0
1 1227 1 1
1 1228 1 1
1 1229 2 0
1 1230 2 1
1 1231 1 1
1 1232 2 1
1 1233 2 0
1 1234 1 0
1 1235 2 0
1 1236 2 1
1 1237 2 0
1 1238 2 0
1 1239 1 0
1 1240 2 0
1 1241 2 0
1 1242 2 0
1 1243 1 0
1 1244 1 0
1 1245 2 0
1 1246 2 0
1 1247 1 0
1 1248 2 0
1 1249 2 1
1 1250 2 0
1 1251 2 0
1 1252 2 0
1 1253 2 0
1 1254 1 0
1 1255 2 1
1 1256 2 0
1 1257 1 0
1 1258 2 0
1 1259 2 0
1 1260 2 1
1 1261 2 0
1 1262 1 0
1 1263 2 0
1 1264 2 0
1 1265 2 0
1 1266 2 0
1 1267 2 1
1 1268 2 1
1 1269 2 1
1 1270 2 1
1 1271 2 0
1 1272 1 0
1 1273 1 0
1 1274 2 0
1 1275 1 0
1 1276 1 0
1 1277 1 0
1 1278 2 0
1 1279 2 0
1 1280 1 0
1 1281 1 1
1 1282 2 1
1 1283 1 1
1 1284 2 0
1 1285 2 0
1 1286 1 0
1 1287 2 0
1 1288 1 0
1 1289 1 0
1 1290 1 0
1 1291 2 0
1 1292 2 0
1 1293 1 0
1 1294 1 0
1 1295 2 0
1 1296 2 0
1 1297 1 0
1 1298 1 0
1 1299 2 0
1 1300 1 1
1 1301 2 0
1 1302 1 0
1 1303 2 1
1 1304 1 0
1 1305 1 1
1 1306 2 0
1 1307 1 1
1 1308 2 1
1 1309 2 0
1 1310 1 0
1 1311 1 1
1 1312 1 0
1 1313 1 0
1 1314 1 0
1 1315 1 0
1 1316 2 0
1 1317 2 0
1 1318 2 0
1 1319 1 0
1 1320 1 0
1 1321 1 0
1 1322 1 0
1 1323 1 1
1 1324 1 0
1 1325 2 0
1 1326 1 0
1 1327 1 0
1 1328 2 1
1 1329 2 0
1 1330 2 0
1 1331 2 0
1 1332 2 1
1 1333 2 0
1 1334 1 1
1 1335 1 0
1 1336 1 0
1 1337 1 0
1 1338 2 0
1 1339 2 0
1 1340 1 0
1 1341 2 0
1 1342 1 0
1 1343 1 0
1 1344 1 0
1 1345 2 0
1 1346 2 0
1 1347 2 0
1 1348 2 0
1 1349 1 0
1 1350 2 1
1 1351 2 0
1 1352 1 0
1 1353 1 0
1 1354 2 0
1 1355 2 0
1 1356 2 0
1 1357 2 0
1 1358 1 0
1 1359 2 0
1 1360 1 0
1 1361 1 0
1 1362 1 0
1 1363 1 0
1 1364 1 0
1 1365 2 0
1 1366 2 0
1 1367 2 0
1 1368 1 0
1 1369 2 0
1 1370 2 0
1 1371 2 0
1 1372 1 0
1 1373 2 0
1 1374 1 0
1 1375 2 0
1 1376 2 0
1 1377 1 1
1 1378 1 0
1 1379 2 0
1 1380 2 0
1 1381 1 0
1 1382 1 0
1 1383 2 0
1 1384 2 0
1 1385 2 0
1 1386 2 0
1 1387 2 0
1 1388 2 0
1 6 2 0
1 1389 1 0
1 1390 2 0
1 1391 1 0
1 1392 2 0
1 1393 2 0
1 1394 2 0
1 1395 1 0
1 1396 1 0
1 1397 2 0
1 1398 2 0
1 1399 2 0
1 1400 1 0
1 1401 1 0
1 1402 2 0
1 1403 2 1
1 1404 2 1
1 1405 1 0
1 1406 2 0
1 1407 2 0
1 1408 2 0
1 1409 1 0
1 1410 2 1
1 1411 2 1
1 1412 2 0
1 1413 1 0
1 1414 2 0
1 1415 2 1
1 1416 1 0
1 1417 1 0
1 1418 2 0
1 1419 1 0
1 1420 2 0
1 1421 1 0
1 1422 2 0
1 1423 1 0
1 1424 1 0
1 1425 1 0
1 1426 1 0
1 1427 1 0
1 1428 1 0
1 1429 2 0
1 1430 2 0
1 1431 1 0
1 1432 1 0
1 1433 1 0
1 1434 2 0
1 1435 2 0
1 1436 2 1
1 1437 2 0
1 1438 1 1
1 1439 2 0
1 1440 2 0
1 1441 1 0
1 1442 1 0
1 1443 1 0
1 1444 1 0
1 1445 2 1
1 1446 1 1
1 1447 2 0
1 1448 1 0
1 1449 2 0
1 1450 2 0
1 1451 1 0
1 1452 1 0
1 1453 2 0
1 1454 1 0
1 1455 2 0
1 1456 1 0
1 1457 2 1
1 1458 1 0
1 1459 2 0
1 1460 1 0
1 1461 2 0
1 1462 1 0
1 1463 1 0
1 1464 1 0
1 1465 2 0
1 1466 2 0
1 1467 2 0
1 1468 1 0
1 1469 2 0
1 1470 2 0
1 1471 2 1
1 1472 2 0
1 1473 1 0
1 1474 2 0
1 1475 2 0
1 1476 2 0
1 1477 2 0
1 1478 2 0
1 1479 1 0
1 1480 1 0
1 1481 1 1
1 1482 2 1
1 1483 1 0
1 1484 1 0
1 1485 2 0
1 1486 2 0
1 1487 2 0
1 1488 1 0
1 1489 1 0
1 1490 1 0
1 1491 1 0
1 1492 2 0
1 1493 2 0
1 1494 2 0
1 1495 1 0
1 1496 2 0
1 1497 1 0
1 1498 2 0
1 1499 2 0
1 1500 2 0
1 1501 1 0
1 1502 2 0
1 1503 2 0
1 1504 2 1
1 1505 2 0
1 1506 2 0
1 1507 2 0
1 1508 2 0
1 1509 1 0
1 1510 1 0
1 1511 2 0
1 1512 2 0
1 1513 1 0
1 1514 2 0
1 1515 2 0
1 1516 1 0
1 1517 2 0
1 1518 2 0
1 1519 2 0
1 1520 2 0
1 1521 2 0
1 1522 2 1
1 1523 2 0
1 1524 2 0
1 1525 2 0
1 1526 1 0
1 1527 1 0
1 1528 2 0
1 1529 2 0
1 1530 2 0
1 1531 1 0
1 1532 1 1
1 1533 1 0
1 1534 2 0
1 1535 1 0
1 1536 2 0
1 1537 1 0
1 1538 2 0
1 1539 2 0
1 1540 2 0
1 1541 1 1
1 1542 2 1
1 1543 1 0
1 1544 2 0
1 1545 2 0
1 1546 1 0
1 1547 1 1
1 1548 2 0
1 1549 2 0
1 1550 1 1
1 1551 2 1
1 1552 1 0
1 1553 2 1
1 1554 2 0
1 1555 1 1
1 1556 1 1
1 1557 1 1
1 1558 2 1
1 1559 2 0
1 1560 1 0
1 1561 2 0
1 1562 2 1
1 1563 1 1
1 1564 1 0
1 1565 2 0
1 1566 2 0
1 1567 2 0
1 1568 1 0
1 1569 1 0
1 1570 2 0
1 1571 2 0
1 1572 2 0
1 1573 1 1
1 1574 2 1
1 1575 1 1
1 1576 2 0
1 1577 1 0
1 1578 2 0
1 1579 1 0
1 1580 1 1
1 1581 2 1
1 1582 2 0
1 1583 2 0
1 1584 2 1
1 1585 1 0
1 1586 1 0
1 1587 2 1
1 1588 1 0
1 1589 2 0
1 1590 1 0
1 1591 2 0
1 1592 2 0
1 1593 1 1
1 1594 1 0
1 1595 2 0
1 1596 2 0
1 1597 1 0
1 1598 2 0
1 1599 1 0
1 1600 1 0
1 1601 1 1
1 1602 2 1
1 1603 2 0
1 1604 1 0
1 1605 1 0
1 1606 1 0
1 1607 1 1
1 1608 1 0
1 1609 2 0
1 1610 2 0
1 1611 1 1
1 1612 2 1
1 1613 1 0
1 1614 2 0
1 1615 1 1
1 1616 1 1
1 1617 1 0
1 1618 2 1
1 1619 2 1
1 1620 2 1
1 1621 2 1
1 1622 1 1
1 1623 1 1
1 1624 2 0
1 1625 2 1
1 1626 2 1
1 1627 2 0
1 1628 2 0
1 1629 1 0
1 1630 1 0
1 1631 2 0
1 1632 2 0
1 1633 1 0
1 1634 1 0
1 1635 1 0
1 1636 1 0
1 1637 1 0
1 1638 1 0
1 1639 2 0
1 1640 1 1
1 1641 2 0
1 1642 2 0
1 1643 2 0
1 1644 2 0
1 1645 1 0
1 1646 2 0
1 1647 2 0
1 1648 1 0
1 1649 2 0
1 1650 1 0
1 1651 2 0
1 1652 2 0
1 1653 2 0
1 1654 2 0
1 1655 2 0
1 1656 1 0
1 1657 1 0
1 1658 1 0
1 1659 2 0
1 1660 1 1
1 1661 2 1
1 1662 1 0
1 1663 2 0
1 1664 1 0
1 1665 1 0
1 1666 2 0
1 1667 2 0
1 1668 1 0
1 1669 2 0
1 1670 2 0
1 1671 1 1
1 1672 1 0
1 1673 1 0
1 1674 2 0
1 1675 1 1
1 1676 2 1
1 1677 2 0
1 1678 1 1
1 1679 1 1
1 1680 2 1
1 1681 2 0
1 1682 1 0
1 1683 2 0
1 1684 1 0
1 1685 2 1
1 1686 1 1
1 1687 2 0
1 1688 2 1
1 1689 2 1
1 1690 1 1
1 1691 2 1
1 1692 2 0
1 1693 2 0
1 1694 2 1
1 1695 1 0
1 1696 2 0
1 1697 2 1
1 1698 2 0
1 1699 1 0
1 1700 2 1
1 1701 2 1
1 1702 2 1
1 1703 2 0
1 1704 2 0
1 1705 2 0
1 1706 2 1
1 1707 2 1
1 1708 1 0
1 1709 2 0
1 1710 1 0
1 1711 2 0
1 1712 2 0
1 1713 2 0
1 1714 2 1
1 1715 2 0
1 1716 1 0
1 1717 1 0
1 1718 2 0
1 1719 2 1
1 1720 1 1
1 1721 2 1
1 1722 2 1
1 1723 2 0
1 1724 1 1
1 1725 2 1
1 1726 1 1
