1 977 84.8600006103516
1 978 87.5299987792969
1 979 86.8399963378906
1 980 72.8899993896484
1 981 88.120002746582
1 982 85.7799987792969
1 983 82.5899963378906
1 984 86.7799987792969
1 88 86.5699996948242
1 97 89.5599975585938
1 98 87.5800018310547
1 99 79.2099990844727
1 100 80.25
1 101 83.7399978637695
1 102 78.9300003051758
1 79 87.0699996948242
1 75 83.1100006103516
1 103 75.2099990844727
1 104 80.7200012207031
1 985 78.0899963378906
1 986 84.0500030517578
1 987 89.5999984741211
1 105 81.1100006103516
1 106 82.9199981689453
1 107 89.2099990844727
1 108 73.120002746582
1 109 82.1100006103516
1 65 82.4000015258789
1 110 81.9300003051758
1 111 80.4199981689453
1 58 78.9700012207031
1 112 81.8499984741211
1 113 77.0299987792969
1 114 71.7399978637695
1 115 82.879997253418
1 116 85.870002746582
1 117 79.9400024414062
1 67 84.4899978637695
1 118 78.0199966430664
1 119 81.4599990844727
1 85 84.3000030517578
1 120 84.0500030517578
1 121 86.4899978637695
1 122 87.5999984741211
1 123 71.7099990844727
1 124 79.0400009155273
1 125 89.8899993896484
1 126 83.5800018310547
1 127 84.0500030517578
1 128 79.4700012207031
1 129 77.7200012207031
1 130 79.5299987792969
1 50 84.0999984741211
1 45 77.5100021362305
1 44 81.5100021362305
1 131 80.2099990844727
1 132 80.8300018310547
1 133 81.9300003051758
1 134 82.2399978637695
1 51 84.379997253418
1 135 85.629997253418
1 136 81
1 137 87.0999984741211
1 138 81
1 82 85.9000015258789
1 139 86.9300003051758
1 140 83.2200012207031
1 141 82.1699981689453
1 142 83.629997253418
1 143 80.0100021362305
1 78 83.5
1 144 80.8399963378906
1 145 92.1100006103516
1 146 74.1399993896484
1 74 78.2600021362305
1 147 88.8499984741211
1 148 83.8600006103516
1 59 92.5800018310547
1 149 86.5899963378906
1 150 84.6500015258789
1 151 83.4800033569336
1 152 81.75
1 153 88.3399963378906
1 154 86.2200012207031
1 155 77.0299987792969
1 156 83.1399993896484
1 157 78.6100006103516
1 158 89.120002746582
1 159 76.6999969482422
1 160 87.8899993896484
1 69 82.8099975585938
1 161 79.8199996948242
1 162 87.7900009155273
1 55 73.4800033569336
1 163 81.0999984741211
1 66 81.4100036621094
1 164 69.1800003051758
1 165 83.1999969482422
1 166 79.3099975585938
1 167 83.9700012207031
1 71 83.2099990844727
1 46 87.2799987792969
1 168 75.9899978637695
1 169 80.4499969482422
1 170 78.5500030517578
1 171 76.9499969482422
1 172 89.7200012207031
1 173 84
1 174 82.3199996948242
1 175 80.8899993896484
1 176 85.5699996948242
1 177 85.7600021362305
1 178 88.1399993896484
1 179 80.8399963378906
1 180 86.1800003051758
1 64 83.7300033569336
1 181 81.0699996948242
1 182 79.9700012207031
1 183 78.25
1 184 81.2799987792969
1 185 77.3899993896484
1 186 86.0299987792969
1 187 83.870002746582
1 188 77.379997253418
1 189 88.0100021362305
1 72 82.8499984741211
1 190 82.2799987792969
1 191 73.75
1 192 80.8899993896484
1 193 83.0199966430664
1 194 86.9800033569336
1 195 76.2300033569336
1 196 74.9199981689453
1 197 80.6800003051758
1 198 75.8099975585938
1 199 83.4800033569336
1 54 77.0599975585938
1 200 86.6900024414062
1 201 87.0800018310547
1 202 80.4300003051758
1 203 80.5
1 204 81.9599990844727
1 49 80.8000030517578
1 43 78.3899993896484
1 205 80.8000030517578
1 206 82.2600021362305
1 207 78.7099990844727
1 208 77.9899978637695
1 209 78.9100036621094
1 210 81.7099990844727
1 211 81.5999984741211
1 212 77.0800018310547
1 213 83.5
1 214 79.5
1 215 88.1999969482422
1 216 79.6800003051758
1 217 83.3499984741211
1 218 85.8300018310547
1 219 80.7099990844727
1 220 86
1 221 86.8199996948242
1 80 90.8300018310547
1 62 79.5
1 222 75.6100006103516
1 223 81.25
1 224 81.5699996948242
1 225 78.0800018310547
1 226 82.6900024414062
1 227 85.6900024414062
1 228 83.5800018310547
1 229 82.6699981689453
1 230 75.379997253418
1 231 79.879997253418
1 232 77.9800033569336
1 233 87.4899978637695
1 234 78.6999969482422
1 235 84.4700012207031
1 236 78.9199981689453
1 237 83.7399978637695
1 56 82.4700012207031
1 238 85.120002746582
1 239 80.5999984741211
1 240 72.5199966430664
1 241 76.4100036621094
1 242 77.5800018310547
1 243 82.8000030517578
1 244 79.3199996948242
1 245 77
1 246 80.2099990844727
1 247 84.8399963378906
1 248 81.6900024414062
1 249 87.5599975585938
1 250 81.7799987792969
1 251 69.6500015258789
1 252 77.870002746582
1 39 83.5500030517578
1 253 79
1 254 76.620002746582
1 255 77.6600036621094
1 52 90.8600006103516
1 256 75.7099990844727
1 257 83.7699966430664
1 258 82.4000015258789
1 259 86.5999984741211
1 260 84.5500030517578
1 261 87.6900024414062
1 262 83.0999984741211
1 263 90.2900009155273
1 264 78.8499984741211
1 265 81.4000015258789
1 266 80.9499969482422
1 267 83.8499984741211
1 33 86.3600006103516
1 268 83.2699966430664
1 269 83.1999969482422
1 270 83.8399963378906
1 271 81.8300018310547
1 272 84.75
1 273 77.870002746582
1 274 79.3000030517578
1 275 84.0800018310547
1 76 82.6999969482422
1 276 77.8099975585938
1 277 71.4499969482422
1 278 73.5500030517578
1 279 80.4199981689453
1 280 79.1900024414062
1 30 82.5
1 281 80.4199981689453
1 282 83.1800003051758
1 77 80.7099990844727
1 283 82.2600021362305
1 284 81.0299987792969
1 285 81.1999969482422
1 73 85
1 286 80.2900009155273
1 287 84.1100006103516
1 288 81.5800018310547
1 289 78.7799987792969
1 290 80.0599975585938
1 28 81.75
1 291 72.9899978637695
1 292 83.1500015258789
1 293 86.8300018310547
1 294 91.4499969482422
1 295 79.4400024414062
1 296 80.6699981689453
1 297 83.8399963378906
1 298 73.3099975585938
1 299 84.0999984741211
1 300 77.5
1 301 79.9100036621094
1 302 77.8399963378906
1 303 85.5
1 304 77.1399993896484
1 305 80.3499984741211
1 306 78.0299987792969
1 68 79.9000015258789
1 307 89.1999969482422
1 24 83.0800018310547
1 63 77.3000030517578
1 308 80.5
1 309 79.6999969482422
1 310 82.0100021362305
1 311 80.8000030517578
1 312 89.0500030517578
1 313 85
1 314 84.3399963378906
1 315 80.3899993896484
1 60 84.4499969482422
1 316 76.4899978637695
1 317 89.8899993896484
1 318 80.4400024414062
1 319 87.4400024414062
1 10 69.879997253418
1 320 75.9000015258789
1 321 79.6900024414062
1 322 76.9800033569336
1 5 83.8000030517578
1 323 75.4899978637695
1 324 80.8000030517578
1 325 82.120002746582
1 326 69.8499984741211
1 2 81.870002746582
1 327 80.120002746582
1 328 81.3300018310547
1 329 82.4499969482422
1 330 78.6999969482422
1 57 84.4100036621094
1 331 76.5500030517578
1 332 80.6999969482422
1 333 79.6699981689453
1 334 88.9199981689453
1 335 78.0999984741211
1 336 79.370002746582
1 337 79.7600021362305
1 338 75.4700012207031
1 339 80.4000015258789
1 340 84.6500015258789
1 341 88.8499984741211
1 342 79.4800033569336
1 53 84.8099975585938
1 343 78.6999969482422
1 344 84.8399963378906
1 345 80.4700012207031
1 346 91.6699981689453
1 347 78.0800018310547
1 38 82.5
1 348 88.3499984741211
1 349 88.5500030517578
1 350 80.0100021362305
1 351 82.9700012207031
1 352 78.1399993896484
1 353 80.7200012207031
1 354 84.9700012207031
1 355 83.3000030517578
1 356 92.7699966430664
1 357 71.7699966430664
1 358 78.2799987792969
1 359 83.5
1 360 78.1500015258789
1 361 83.3600006103516
1 362 84.8499984741211
1 363 80.6999969482422
1 364 82.8499984741211
1 86 77.6999969482422
1 365 81.4700012207031
1 366 78.75
1 367 83.6500015258789
1 368 79.0999984741211
1 48 85.25
1 369 81.6100006103516
1 370 84.4300003051758
1 371 81.6500015258789
1 372 84.6699981689453
1 373 85.8499984741211
1 83 81.4000015258789
1 374 77.9400024414062
1 375 82.370002746582
1 376 87.7699966430664
1 377 80.9000015258789
1 378 86.0299987792969
1 379 77
1 380 82.5100021362305
1 381 76.3000030517578
1 382 85.25
1 81 80.1399993896484
1 383 81.2699966430664
1 384 83.8499984741211
1 385 83.6800003051758
1 386 77.7900009155273
1 387 84.6500015258789
1 388 76.7799987792969
1 389 80.1999969482422
1 390 76.8499984741211
1 391 77.6999969482422
1 392 85.5500030517578
1 393 83.0999984741211
1 394 82.3499984741211
1 395 79.5100021362305
1 396 84.3399963378906
1 397 72.7900009155273
1 398 84.2799987792969
1 399 86.4300003051758
1 400 82.9499969482422
1 401 84.0999984741211
1 402 77.6699981689453
1 403 81.4199981689453
1 42 79.8000030517578
1 404 80.3000030517578
1 405 82.2099990844727
1 406 84.7399978637695
1 87 77.7799987792969
1 407 81.6800003051758
1 408 84.6699981689453
1 409 77.9800033569336
1 410 83.2900009155273
1 411 77.8300018310547
1 412 82.8899993896484
1 84 84.6500015258789
1 413 83.129997253418
1 414 70.8600006103516
1 415 82.5299987792969
1 416 83.7699966430664
1 417 84.7699966430664
1 418 89.2900009155273
1 419 81.5800018310547
1 420 79.6999969482422
1 421 86.8499984741211
1 422 77.4100036621094
1 423 85.4499969482422
1 424 88.4000015258789
1 15 82.6800003051758
1 425 84.5100021362305
1 426 77.4800033569336
1 427 79.3199996948242
1 9 80.620002746582
1 428 79.3899993896484
1 429 76.4499969482422
1 4 79.8000030517578
1 430 85.2600021362305
1 431 78.4100036621094
1 432 73.0299987792969
1 433 83.1999969482422
1 434 80.5500030517578
1 435 79.9800033569336
1 436 82.4199981689453
1 437 78.3499984741211
1 41 75.8300018310547
1 438 77.2399978637695
1 439 85.7900009155273
1 440 79.5999984741211
1 441 86.6900024414062
1 442 83.2900009155273
1 37 81.2099990844727
1 443 88.0999984741211
1 90 85.7900009155273
1 444 76.9000015258789
1 445 81.4499969482422
1 446 80.5699996948242
1 447 80.4300003051758
1 448 77.6800003051758
1 449 78.5999984741211
1 450 81.5
1 32 77.0699996948242
1 451 83.9000015258789
1 29 79.2699966430664
1 452 78.5
1 453 79.4899978637695
1 454 85.6900024414062
1 455 79.5999984741211
1 456 87.1500015258789
1 457 77.8000030517578
1 458 85.1999969482422
1 459 88.25
1 460 78.4000015258789
1 461 83
1 462 77.8000030517578
1 463 79.8499984741211
1 464 81.6999969482422
1 465 79.2200012207031
1 466 80.5999984741211
1 467 77.6500015258789
1 468 70
1 469 83.9100036621094
1 470 76.6500015258789
1 471 74.2600021362305
1 472 84.75
1 473 90.6999969482422
1 474 83.4000015258789
1 475 82.5
1 476 74.4000015258789
1 477 79.3000030517578
1 478 84.8199996948242
1 479 74.6500015258789
1 480 80.2900009155273
1 481 84.6999969482422
1 482 84.6500015258789
1 483 83.5500030517578
1 484 80.5
1 485 79.5999984741211
1 486 84.3399963378906
1 487 83.5299987792969
1 488 81.8499984741211
1 489 76.6500015258789
1 490 79.6100006103516
1 491 80.620002746582
1 492 80.5500030517578
1 14 81.6999969482422
1 493 79.8499984741211
1 494 78.6999969482422
1 495 79.6500015258789
1 496 80.5800018310547
1 497 81.1500015258789
1 498 83.4100036621094
1 499 76.6800003051758
1 8 79.4599990844727
1 500 76.75
1 501 79.5
1 502 79.6500015258789
1 1 81.3499984741211
1 503 79.4000015258789
1 504 82.9499969482422
1 505 80.4499969482422
1 506 88.7699966430664
1 507 75.0899963378906
1 508 83.8600006103516
1 27 82.4899978637695
1 509 80.0699996948242
1 510 76.0400009155273
1 511 83.870002746582
1 512 79.5599975585938
1 513 78.2099990844727
1 514 83.3300018310547
1 515 81.0199966430664
1 23 82.5899963378906
1 18 81.5100021362305
1 13 76.9599990844727
1 516 79.4300003051758
1 517 82.7099990844727
1 518 87.1699981689453
1 519 76.4400024414062
1 520 85
1 521 82.4199981689453
1 522 83.7699966430664
1 523 81
1 524 81.3199996948242
1 525 80.5
1 526 75.5
1 36 78.870002746582
1 89 74.9000015258789
1 527 84.6399993896484
1 528 86.1999969482422
1 529 86
1 26 81.2300033569336
1 22 82.7900009155273
1 530 86.0400009155273
1 531 85.6500015258789
1 532 78.5899963378906
1 533 72.9000015258789
1 534 77.1999969482422
1 535 79.3300018310547
1 536 79.8099975585938
1 537 78.0999984741211
1 538 81.0599975585938
1 539 83.7200012207031
1 540 79
1 541 82.1699981689453
1 542 84.1800003051758
1 543 68.9199981689453
1 544 82.2300033569336
1 545 80.8000030517578
1 546 82.0299987792969
1 547 80.8600006103516
1 548 85.7799987792969
1 549 84.5699996948242
1 550 81.870002746582
1 551 85.7699966430664
1 552 80.7200012207031
1 553 80.6999969482422
1 40 82.8199996948242
1 35 81.129997253418
1 554 76.6500015258789
1 555 85.8099975585938
1 556 75.9599990844727
1 557 80.8399963378906
1 558 75
1 559 84.4599990844727
1 560 74.5100021362305
1 561 79.8300018310547
1 562 85.3099975585938
1 563 84.8899993896484
1 564 76.6900024414062
1 565 76.0699996948242
1 566 84.25
1 567 75.2900009155273
1 568 75.879997253418
1 569 72.8899993896484
1 570 83.370002746582
1 571 81.879997253418
1 572 74.1999969482422
1 31 82.8899993896484
1 573 84.0400009155273
1 574 78.0999984741211
1 575 83.9599990844727
1 576 81.25
1 577 74.1800003051758
1 578 80.4100036621094
1 579 81.2600021362305
1 580 80.3600006103516
1 581 84.7600021362305
1 582 81.4300003051758
1 583 83.1600036621094
1 584 72.9899978637695
1 585 76.3300018310547
1 586 83.1500015258789
1 587 74.6600036621094
1 588 76.0400009155273
1 589 80.0400009155273
1 590 84.2699966430664
1 591 68.120002746582
1 592 81.25
1 593 84.5299987792969
1 594 84.0199966430664
1 595 81.1600036621094
1 596 77.379997253418
1 597 83.4899978637695
1 598 88.3499984741211
1 599 85.4899978637695
1 600 80.4700012207031
1 601 81.2099990844727
1 602 80.0899963378906
1 603 79.7099990844727
1 604 85.1999969482422
1 605 84.5699996948242
1 25 83.8099975585938
1 606 80.4599990844727
1 607 83.5999984741211
1 608 80.6600036621094
1 609 80.4199981689453
1 610 77.4499969482422
1 611 74.8499984741211
1 612 81.3399963378906
1 613 76.7799987792969
1 21 87.5899963378906
1 614 84.379997253418
1 615 80.9599990844727
1 17 83.0500030517578
1 616 72.4199981689453
1 617 75.8899993896484
1 618 81.6800003051758
1 619 77.8899993896484
1 620 76.4000015258789
1 621 76.8600006103516
1 622 83
1 623 80.4499969482422
1 624 80.9000015258789
1 625 86.879997253418
1 626 84.3399963378906
1 70 80.9000015258789
1 627 85.2799987792969
1 628 81.5400009155273
1 629 68.8199996948242
1 630 80.1900024414062
1 631 84.2600021362305
1 632 76.7600021362305
1 12 72.7200012207031
1 633 90.3099975585938
1 634 84.4300003051758
1 635 85.6500015258789
1 636 78.0599975585938
1 637 77.3899993896484
1 638 79.8099975585938
1 639 79.75
1 640 82.9000015258789
1 641 72.879997253418
1 642 82.8099975585938
1 643 83.8899993896484
1 644 90.0899963378906
1 645 74.5
1 646 71.1600036621094
1 647 83.3399963378906
1 648 81.9499969482422
1 649 83.0800018310547
1 650 82.8600006103516
1 651 77.4499969482422
1 91 83.0899963378906
1 652 88.7600021362305
1 653 82.6399993896484
1 654 81.2399978637695
1 655 82.9899978637695
1 656 79.129997253418
1 657 84
1 658 83.2300033569336
1 659 82.2200012207031
1 660 83.7600021362305
1 661 75.4700012207031
1 662 85.9100036621094
1 663 88.8099975585938
1 664 87.7200012207031
1 92 78.379997253418
1 665 80.1500015258789
1 666 82.3099975585938
1 667 81.9000015258789
1 668 76.5100021362305
1 669 74.5400009155273
1 670 74.3499984741211
1 671 83.5400009155273
1 672 78.9199981689453
1 20 86.7099990844727
1 16 87.5599975585938
1 673 85.9499969482422
1 674 75.4499969482422
1 675 82.8899993896484
1 676 82.4899978637695
1 677 82.0800018310547
1 678 78.2300033569336
1 679 82.7600021362305
1 680 79
1 681 81.8600006103516
1 682 80.2200012207031
1 683 76.9300003051758
1 684 87.0400009155273
1 685 77.120002746582
1 686 72.879997253418
1 61 85.2399978637695
1 687 79.3899993896484
1 688 82.4300003051758
1 689 74.9100036621094
1 690 75.9100036621094
1 7 83.8000030517578
1 691 78.0699996948242
1 692 81.9199981689453
1 693 85.2099990844727
1 694 83.5800018310547
1 695 88.8199996948242
1 696 83.1100006103516
1 697 84.7300033569336
1 698 86.2300033569336
1 3 86.3199996948242
1 699 84.2900009155273
1 700 79.3899993896484
1 701 77.1100006103516
1 702 87.8199996948242
1 703 82.0599975585938
1 704 79.9700012207031
1 34 83.120002746582
1 705 84.5800018310547
1 706 89.4499969482422
1 707 77.9100036621094
1 708 83.5100021362305
1 709 83.25
1 710 79.2699966430664
1 711 75.9800033569336
1 712 84.2600021362305
1 713 81.1100006103516
1 714 86.4000015258789
1 715 83.5500030517578
1 716 76.3199996948242
1 717 80.9000015258789
1 718 83.879997253418
1 719 78.5599975585938
1 720 81.8199996948242
1 721 86.379997253418
1 722 92.0400009155273
1 723 73.5899963378906
1 724 81.2399978637695
1 725 75.8300018310547
1 726 84.6699981689453
1 727 87.9499969482422
1 728 87.3199996948242
1 729 88.620002746582
1 730 83.0999984741211
1 731 78.3300018310547
1 732 82.3300018310547
1 733 85.9300003051758
1 734 83.9499969482422
1 735 79.370002746582
1 736 80.7699966430664
1 737 82.3899993896484
1 738 82.1699981689453
1 739 79.4800033569336
1 740 76.75
1 741 77.9100036621094
1 742 84.1900024414062
1 743 84.2799987792969
1 744 86.4700012207031
1 745 77.9100036621094
1 746 77.2200012207031
1 747 84.129997253418
1 748 77.7200012207031
1 749 83.9300003051758
1 750 88.9400024414062
1 751 76.8899993896484
1 752 84.1600036621094
1 19 84.9000015258789
1 753 80.2200012207031
1 754 84.0199966430664
1 755 83.5199966430664
1 756 79.8300018310547
1 757 79.5100021362305
1 758 83.6600036621094
1 759 81.9700012207031
1 760 77.4499969482422
1 761 86.6900024414062
1 762 75.379997253418
1 763 80.2900009155273
1 764 70.4899978637695
1 765 81.1600036621094
1 766 78.1699981689453
1 767 77.1900024414062
1 768 85.629997253418
1 769 76.8899993896484
1 770 81.7799987792969
1 771 77.3899993896484
1 772 80.120002746582
1 773 80.8499984741211
1 774 85.7300033569336
1 775 82.629997253418
1 776 80.1999969482422
1 777 77.0199966430664
1 778 87.5699996948242
1 779 79.7799987792969
1 780 82.6999969482422
1 781 81.8399963378906
1 782 83.3000030517578
1 783 84.0800018310547
1 784 84.5400009155273
1 785 84.75
1 786 78.6399993896484
1 787 81.9899978637695
1 788 81.9300003051758
1 789 85.0299987792969
1 790 87.0500030517578
1 791 82.0800018310547
1 792 80.9599990844727
1 793 77.3499984741211
1 794 88.370002746582
1 795 83.4199981689453
1 796 80.0400009155273
1 797 85.0599975585938
1 798 82.129997253418
1 799 82.5500030517578
1 800 77.6699981689453
1 801 88.4599990844727
1 802 84.7900009155273
1 803 84.6500015258789
1 804 80.1699981689453
1 805 86.1100006103516
1 806 81.1999969482422
1 807 76
1 808 81.4800033569336
1 809 82.0500030517578
1 810 77.620002746582
1 811 82.8499984741211
1 812 86.3099975585938
1 813 76.2699966430664
1 814 80.7900009155273
1 815 79.9199981689453
1 816 76.8899993896484
1 817 85.2900009155273
1 818 87.870002746582
1 11 81.0999984741211
1 819 79.4000015258789
1 820 75.7099990844727
1 821 82.2099990844727
1 822 86.1699981689453
1 823 82.1999969482422
1 824 78.3600006103516
1 825 85.7600021362305
1 826 79.2300033569336
1 827 77.75
1 828 82.25
1 829 86.5500030517578
1 830 76.7200012207031
1 831 72.9800033569336
1 832 85.8199996948242
1 833 80.7099990844727
1 834 76.9599990844727
1 835 83.2399978637695
1 836 78.5100021362305
1 837 81.9300003051758
1 838 89.3000030517578
1 839 80.0100021362305
1 840 78.6100006103516
1 841 80.2300033569336
1 842 79.0299987792969
1 843 80.8899993896484
1 844 84.6500015258789
1 845 80.6600036621094
1 846 83.0299987792969
1 847 80.6100006103516
1 848 84.870002746582
1 849 79.6100006103516
1 850 81.1100006103516
1 851 91.629997253418
1 852 81.6900024414062
1 853 88.3000030517578
1 854 78.3600006103516
1 855 85.5
1 856 85.25
1 857 83.0100021362305
1 858 79.9100036621094
1 859 89
1 860 87.0899963378906
1 861 87.0899963378906
1 862 82.1100006103516
1 863 81.8399963378906
1 864 81.8399963378906
1 865 81.7900009155273
1 866 80.6100006103516
1 867 75.7399978637695
1 868 82.120002746582
1 869 84.5400009155273
1 870 85.1500015258789
1 871 77.5400009155273
1 872 89.1100006103516
1 873 79.7900009155273
1 874 73.2699966430664
1 875 83.5100021362305
1 876 67.5500030517578
1 877 77.4100036621094
1 878 85.7799987792969
1 879 83.1500015258789
1 880 76.5999984741211
1 881 79.0199966430664
1 6 75.4199981689453
1 882 87.879997253418
1 883 85.629997253418
1 884 81.0599975585938
1 885 77.629997253418
1 886 74.5400009155273
1 887 87.7300033569336
1 888 80.4400024414062
1 889 80.6100006103516
1 890 76.8600006103516
1 891 81.370002746582
1 892 79.1800003051758
1 893 87.8300018310547
1 894 81.5
1 895 90.370002746582
1 47 80.5500030517578
1 896 84.7399978637695
1 897 75.6600036621094
1 93 78.0899963378906
1 898 77.7900009155273
1 899 82.7699966430664
1 900 83.0100021362305
1 94 81.620002746582
1 901 77.3499984741211
1 902 80.1999969482422
1 903 89.0800018310547
1 904 74.0800018310547
1 905 78.7699966430664
1 906 90.4400024414062
1 907 87.4899978637695
1 908 74.1100006103516
1 909 82.620002746582
1 910 81.5699996948242
1 911 78.3099975585938
1 912 80.1999969482422
1 913 84.3600006103516
1 914 81.5199966430664
1 915 74.2099990844727
1 916 80.7699966430664
1 917 76.2799987792969
1 918 77.0100021362305
1 919 81.3899993896484
1 920 82.75
1 921 77.4100036621094
1 922 81.2200012207031
1 923 84.120002746582
1 924 74.9000015258789
1 925 82.5199966430664
1 926 78.8499984741211
1 927 82.620002746582
1 928 84.1100006103516
1 929 80.6399993896484
1 930 84.4300003051758
1 931 81.7099990844727
1 932 83.5299987792969
1 933 88.7200012207031
1 934 83.1699981689453
1 935 84.5100021362305
1 936 82.1800003051758
1 937 81.0899963378906
1 938 76.75
1 939 87.6800003051758
1 940 80.3499984741211
1 941 78.6699981689453
1 942 86.2900009155273
1 943 78.8199996948242
1 944 82.1399993896484
1 945 88.6100006103516
1 946 82.3600006103516
1 947 83.0599975585938
1 948 93.1600036621094
1 949 88.4300003051758
1 950 80.7799987792969
1 951 69.7099990844727
1 952 75.75
1 953 79.1699981689453
1 954 93.9300003051758
1 95 81.3199996948242
1 955 85.8899993896484
1 96 86.1999969482422
1 956 83.9199981689453
1 957 81.75
1 958 81.129997253418
1 959 84.0699996948242
1 960 81.0500030517578
1 961 78.7699966430664
1 962 81.2200012207031
1 963 86.2799987792969
1 964 82.1900024414062
1 965 78.2399978637695
1 966 84.3399963378906
1 967 74.1600036621094
1 968 83.5400009155273
1 969 87.0699996948242
1 970 86.5800018310547
1 971 81.8600006103516
1 972 79.379997253418
1 973 80.6600036621094
1 974 88.7200012207031
1 975 81.1900024414062
1 976 82.870002746582
