FID  BirthYear
1 977 2014
1 978 2012
1 979 2013
1 980 2013
1 981 2011
1 982 2007
1 983 2015
1 984 2015
1 88 1983
1 97 1983
1 98 1983
1 99 1983
1 100 1983
1 101 1983
1 102 1983
1 79 1983
1 75 1983
1 103 1983
1 104 1983
1 985 2012
1 986 2014
1 987 2017
1 105 1984
1 106 1984
1 107 1984
1 108 1984
1 109 1984
1 65 1984
1 110 1984
1 111 1984
1 58 1984
1 112 1984
1 113 1984
1 114 1984
1 115 1984
1 116 1985
1 117 1985
1 67 1986
1 118 1986
1 119 1986
1 85 1986
1 120 1986
1 121 1987
1 122 1987
1 123 1987
1 124 1987
1 125 1987
1 126 1987
1 127 1987
1 128 1987
1 129 1987
1 130 1987
1 50 1987
1 45 1987
1 44 1987
1 131 1987
1 132 1987
1 133 1987
1 134 1987
1 51 1987
1 135 1987
1 136 1988
1 137 1988
1 138 1988
1 82 1988
1 139 1988
1 140 1988
1 141 1988
1 142 1988
1 143 1988
1 78 1988
1 144 1988
1 145 1989
1 146 1989
1 74 1989
1 147 1989
1 148 1989
1 59 1989
1 149 1989
1 150 1989
1 151 1989
1 152 1989
1 153 1989
1 154 1989
1 155 1989
1 156 1989
1 157 1989
1 158 1989
1 159 1989
1 160 1989
1 69 1989
1 161 1989
1 162 1989
1 55 1989
1 163 1989
1 66 1989
1 164 1989
1 165 1989
1 166 1989
1 167 1989
1 71 1989
1 46 1989
1 168 1989
1 169 1989
1 170 1990
1 171 1990
1 172 1990
1 173 1990
1 174 1990
1 175 1990
1 176 1990
1 177 1990
1 178 1990
1 179 1990
1 180 1990
1 64 1990
1 181 1990
1 182 1990
1 183 1990
1 184 1990
1 185 1990
1 186 1990
1 187 1990
1 188 1990
1 189 1990
1 72 1990
1 190 1990
1 191 1990
1 192 1990
1 193 1990
1 194 1990
1 195 1990
1 196 1990
1 197 1990
1 198 1990
1 199 1990
1 54 1990
1 200 1990
1 201 1990
1 202 1990
1 203 1990
1 204 1990
1 49 1990
1 43 1990
1 205 1990
1 206 1990
1 207 1990
1 208 1990
1 209 1990
1 210 1990
1 211 1990
1 212 1990
1 213 1990
1 214 1991
1 215 1991
1 216 1991
1 217 1991
1 218 1991
1 219 1991
1 220 1991
1 221 1991
1 80 1991
1 62 1991
1 222 1991
1 223 1991
1 224 1991
1 225 1991
1 226 1991
1 227 1991
1 228 1991
1 229 1991
1 230 1991
1 231 1991
1 232 1991
1 233 1991
1 234 1991
1 235 1991
1 236 1991
1 237 1991
1 56 1991
1 238 1991
1 239 1991
1 240 1992
1 241 1992
1 242 1992
1 243 1992
1 244 1992
1 245 1992
1 246 1992
1 247 1992
1 248 1992
1 249 1992
1 250 1992
1 251 1992
1 252 1992
1 39 1992
1 253 1992
1 254 1992
1 255 1992
1 52 1992
1 256 1992
1 257 1992
1 258 1992
1 259 1992
1 260 1992
1 261 1992
1 262 1992
1 263 1992
1 264 1992
1 265 1992
1 266 1992
1 267 1992
1 33 1992
1 268 1992
1 269 1992
1 270 1992
1 271 1992
1 272 1992
1 273 1992
1 274 1992
1 275 1992
1 76 1992
1 276 1992
1 277 1992
1 278 1992
1 279 1992
1 280 1992
1 30 1992
1 281 1992
1 282 1992
1 77 1992
1 283 1992
1 284 1993
1 285 1993
1 73 1993
1 286 1993
1 287 1993
1 288 1993
1 289 1993
1 290 1993
1 28 1993
1 291 1993
1 292 1993
1 293 1993
1 294 1993
1 295 1993
1 296 1993
1 297 1993
1 298 1993
1 299 1993
1 300 1993
1 301 1993
1 302 1993
1 303 1993
1 304 1993
1 305 1993
1 306 1993
1 68 1993
1 307 1993
1 24 1993
1 63 1993
1 308 1993
1 309 1993
1 310 1993
1 311 1993
1 312 1993
1 313 1993
1 314 1993
1 315 1993
1 60 1993
1 316 1994
1 317 1994
1 318 1994
1 319 1994
1 10 1994
1 320 1994
1 321 1994
1 322 1994
1 5 1994
1 323 1994
1 324 1994
1 325 1994
1 326 1995
1 2 1995
1 327 1995
1 328 1995
1 329 1995
1 330 1995
1 57 1995
1 331 1995
1 332 1995
1 333 1995
1 334 1995
1 335 1995
1 336 1995
1 337 1995
1 338 1995
1 339 1995
1 340 1995
1 341 1995
1 342 1995
1 53 1995
1 343 1995
1 344 1995
1 345 1995
1 346 1995
1 347 1995
1 38 1995
1 348 1995
1 349 1995
1 350 1995
1 351 1995
1 352 1995
1 353 1995
1 354 1995
1 355 1995
1 356 1995
1 357 1995
1 358 1995
1 359 1995
1 360 1995
1 361 1995
1 362 1995
1 363 1995
1 364 1995
1 86 1995
1 365 1995
1 366 1995
1 367 1995
1 368 1995
1 48 1995
1 369 1995
1 370 1995
1 371 1995
1 372 1995
1 373 1995
1 83 1995
1 374 1995
1 375 1995
1 376 1995
1 377 1995
1 378 1995
1 379 1995
1 380 1995
1 381 1996
1 382 1996
1 81 1996
1 383 1996
1 384 1996
1 385 1996
1 386 1996
1 387 1996
1 388 1996
1 389 1996
1 390 1996
1 391 1996
1 392 1996
1 393 1996
1 394 1996
1 395 1996
1 396 1996
1 397 1996
1 398 1996
1 399 1996
1 400 1996
1 401 1996
1 402 1996
1 403 1996
1 42 1996
1 404 1996
1 405 1996
1 406 1996
1 87 1996
1 407 1996
1 408 1996
1 409 1996
1 410 1996
1 411 1996
1 412 1996
1 84 1996
1 413 1996
1 414 1996
1 415 1996
1 416 1996
1 417 1996
1 418 1996
1 419 1997
1 420 1997
1 421 1997
1 422 1997
1 423 1997
1 424 1997
1 15 1997
1 425 1997
1 426 1997
1 427 1997
1 9 1997
1 428 1997
1 429 1997
1 4 1997
1 430 1998
1 431 1998
1 432 1998
1 433 1998
1 434 1998
1 435 1998
1 436 1998
1 437 1998
1 41 1998
1 438 1998
1 439 1997
1 440 1998
1 441 1998
1 442 1993
1 37 1996
1 443 1998
1 90 1979
1 444 1999
1 445 1999
1 446 1999
1 447 1999
1 448 1999
1 449 1999
1 450 1999
1 32 1999
1 451 1999
1 29 1999
1 452 1999
1 453 1999
1 454 1999
1 455 1999
1 456 1999
1 457 1999
1 458 1999
1 459 1999
1 460 1999
1 461 1999
1 462 1999
1 463 1999
1 464 1999
1 465 1999
1 466 1999
1 467 1999
1 468 1999
1 469 1999
1 470 1999
1 471 1999
1 472 1999
1 473 1999
1 474 1999
1 475 1999
1 476 1999
1 477 1999
1 478 1999
1 479 1999
1 480 1999
1 481 1999
1 482 1999
1 483 1999
1 484 1999
1 485 1999
1 486 1999
1 487 1999
1 488 1999
1 489 1999
1 490 1999
1 491 1999
1 492 1999
1 14 1999
1 493 1999
1 494 1999
1 495 1999
1 496 1999
1 497 1999
1 498 1999
1 499 1999
1 8 1999
1 500 1999
1 501 1999
1 502 1999
1 1 1999
1 503 1998
1 504 1996
1 505 1999
1 506 2000
1 507 2000
1 508 2000
1 27 2000
1 509 2000
1 510 2000
1 511 2000
1 512 2000
1 513 2000
1 514 2000
1 515 2000
1 23 2000
1 18 2000
1 13 2000
1 516 2000
1 517 2000
1 518 2000
1 519 2000
1 520 2000
1 521 2000
1 522 2000
1 523 2000
1 524 2000
1 525 2000
1 526 2000
1 36 2000
1 89 1992
1 527 2000
1 528 1999
1 529 1997
1 26 2001
1 22 2001
1 530 2001
1 531 2001
1 532 2000
1 533 1999
1 534 1999
1 535 2002
1 536 2002
1 537 2002
1 538 2002
1 539 2002
1 540 2002
1 541 2002
1 542 2002
1 543 2002
1 544 2002
1 545 2002
1 546 2002
1 547 2002
1 548 2002
1 549 2002
1 550 2002
1 551 2002
1 552 2002
1 553 2002
1 40 2002
1 35 2002
1 554 2002
1 555 2002
1 556 2002
1 557 2002
1 558 2002
1 559 2002
1 560 2002
1 561 2002
1 562 2002
1 563 2002
1 564 2002
1 565 2002
1 566 2002
1 567 2002
1 568 2002
1 569 2002
1 570 2002
1 571 2002
1 572 2002
1 31 2002
1 573 2002
1 574 2002
1 575 2002
1 576 2002
1 577 2002
1 578 2002
1 579 2002
1 580 2002
1 581 2002
1 582 2002
1 583 2002
1 584 2002
1 585 2002
1 586 2002
1 587 2002
1 588 2002
1 589 2002
1 590 2002
1 591 2002
1 592 2000
1 593 2001
1 594 2001
1 595 2001
1 596 2002
1 597 2003
1 598 2003
1 599 2003
1 600 2003
1 601 2003
1 602 2003
1 603 2003
1 604 2003
1 605 2003
1 25 2003
1 606 2003
1 607 2003
1 608 2003
1 609 2003
1 610 2003
1 611 2003
1 612 2003
1 613 2003
1 21 2003
1 614 2003
1 615 2003
1 17 2003
1 616 2003
1 617 2003
1 618 2003
1 619 2003
1 620 2003
1 621 2003
1 622 2003
1 623 2003
1 624 2003
1 625 2003
1 626 2003
1 70 2003
1 627 2003
1 628 2003
1 629 2003
1 630 2003
1 631 2003
1 632 2003
1 12 2003
1 633 2003
1 634 2003
1 635 2003
1 636 2003
1 637 2003
1 638 2003
1 639 2003
1 640 2003
1 641 2003
1 642 2003
1 643 2003
1 644 2003
1 645 2003
1 646 2003
1 647 2003
1 648 2003
1 649 2003
1 650 2003
1 651 2003
1 91 1980
1 652 2003
1 653 2003
1 654 2003
1 655 2002
1 656 2003
1 657 2002
1 658 2003
1 659 2002
1 660 2000
1 661 2004
1 662 2004
1 663 2004
1 664 2004
1 92 1980
1 665 2004
1 666 2004
1 667 2005
1 668 2005
1 669 2005
1 670 2005
1 671 2005
1 672 2005
1 20 2005
1 16 2005
1 673 2005
1 674 2005
1 675 2005
1 676 2005
1 677 2005
1 678 2005
1 679 2005
1 680 2005
1 681 2005
1 682 2005
1 683 2005
1 684 2005
1 685 2005
1 686 2005
1 61 2005
1 687 2005
1 688 2005
1 689 2005
1 690 2005
1 7 2005
1 691 2005
1 692 2002
1 693 2000
1 694 2002
1 695 2002
1 696 2000
1 697 2002
1 698 2001
1 3 2004
1 699 1999
1 700 2001
1 701 2005
1 702 2000
1 703 2006
1 704 2006
1 34 2006
1 705 2006
1 706 2006
1 707 2006
1 708 2006
1 709 2006
1 710 2006
1 711 2006
1 712 2006
1 713 2006
1 714 2006
1 715 2006
1 716 2006
1 717 2006
1 718 2006
1 719 2006
1 720 2006
1 721 2006
1 722 2006
1 723 2006
1 724 2005
1 725 2006
1 726 2006
1 727 2003
1 728 2007
1 729 2007
1 730 2007
1 731 2007
1 732 2007
1 733 2007
1 734 2007
1 735 2007
1 736 2007
1 737 2007
1 738 2007
1 739 2007
1 740 2007
1 741 2007
1 742 2007
1 743 2007
1 744 2007
1 745 2007
1 746 2007
1 747 2007
1 748 2007
1 749 2007
1 750 2007
1 751 2007
1 752 2007
1 19 2007
1 753 2007
1 754 2007
1 755 2007
1 756 2007
1 757 2007
1 758 2007
1 759 2007
1 760 2007
1 761 2007
1 762 2007
1 763 2007
1 764 2007
1 765 2007
1 766 2007
1 767 2007
1 768 2007
1 769 2007
1 770 2007
1 771 2007
1 772 2007
1 773 2007
1 774 2007
1 775 2007
1 776 2007
1 777 2007
1 778 2007
1 779 2007
1 780 2006
1 781 2007
1 782 2007
1 783 2007
1 784 2006
1 785 2007
1 786 2007
1 787 2005
1 788 2007
1 789 2006
1 790 2005
1 791 2008
1 792 2008
1 793 2008
1 794 2008
1 795 2008
1 796 2008
1 797 2008
1 798 2008
1 799 2008
1 800 2008
1 801 2008
1 802 2008
1 803 2008
1 804 2008
1 805 2008
1 806 2008
1 807 2008
1 808 2008
1 809 2008
1 810 2008
1 811 2008
1 812 2008
1 813 2008
1 814 2008
1 815 2008
1 816 2008
1 817 2008
1 818 2008
1 11 2008
1 819 2008
1 820 2008
1 821 2008
1 822 2008
1 823 2008
1 824 2008
1 825 2008
1 826 2008
1 827 2008
1 828 2008
1 829 2008
1 830 2008
1 831 2008
1 832 2008
1 833 2008
1 834 2008
1 835 2008
1 836 2008
1 837 2008
1 838 2008
1 839 2008
1 840 2008
1 841 2008
1 842 2008
1 843 2008
1 844 2008
1 845 2008
1 846 2008
1 847 2007
1 848 2007
1 849 2007
1 850 2007
1 851 2008
1 852 2007
1 853 2009
1 854 2009
1 855 2009
1 856 2009
1 857 2009
1 858 2009
1 859 2009
1 860 2009
1 861 2009
1 862 2009
1 863 2009
1 864 2009
1 865 2009
1 866 2009
1 867 2009
1 868 2009
1 869 2009
1 870 2009
1 871 2009
1 872 2009
1 873 2009
1 874 2009
1 875 2009
1 876 2009
1 877 2009
1 878 2009
1 879 2009
1 880 2009
1 881 2009
1 6 2009
1 882 2009
1 883 2009
1 884 2009
1 885 2009
1 886 2009
1 887 2009
1 888 2009
1 889 2009
1 890 2009
1 891 2009
1 892 2009
1 893 2009
1 894 2009
1 895 2008
1 47 2005
1 896 2007
1 897 2010
1 93 1981
1 898 2010
1 899 2010
1 900 2010
1 94 1981
1 901 2010
1 902 2010
1 903 2009
1 904 2009
1 905 2009
1 906 2009
1 907 2009
1 908 2009
1 909 2009
1 910 2009
1 911 2009
1 912 2008
1 913 2010
1 914 2007
1 915 2008
1 916 2008
1 917 2007
1 918 2007
1 919 2006
1 920 2011
1 921 2011
1 922 2011
1 923 2011
1 924 2011
1 925 2011
1 926 2011
1 927 2012
1 928 2012
1 929 2012
1 930 2012
1 931 2012
1 932 2012
1 933 2012
1 934 2012
1 935 2012
1 936 2012
1 937 2012
1 938 2012
1 939 2012
1 940 2012
1 941 2012
1 942 2009
1 943 2008
1 944 2008
1 945 2003
1 946 2009
1 947 2007
1 948 2005
1 949 2009
1 950 2012
1 951 2012
1 952 2012
1 953 2011
1 954 2008
1 95 1982
1 955 2013
1 96 1982
1 956 2013
1 957 2013
1 958 2013
1 959 2012
1 960 2012
1 961 2011
1 962 2011
1 963 2010
1 964 2014
1 965 2014
1 966 2014
1 967 2014
1 968 2014
1 969 2014
1 970 2014
1 971 2014
1 972 2014
1 973 2014
1 974 2014
1 975 2014
1 976 2014
