1 977 4
1 978 6
1 979 8
1 980 3
1 981 6
1 982 8
1 983 3
1 984 3
1 88 11
1 97 16
1 98 9
1 99 8
1 100 9
1 101 11
1 102 9
1 79 11
1 75 11
1 103 14
1 104 15
1 985 6
1 986 5
1 987 4
1 105 11
1 106 15
1 107 11
1 108 8
1 109 11
1 65 13
1 110 13
1 111 11
1 58 11
1 112 11
1 113 8
1 114 11
1 115 10
1 116 10
1 117 9
1 67 12
1 118 9
1 119 9
1 85 16
1 120 12
1 121 11
1 122 5
1 123 11
1 124 3
1 125 8
1 126 8
1 127 8
1 128 12
1 129 5
1 130 12
1 50 11
1 45 12
1 44 8
1 131 5
1 132 8
1 133 8
1 134 8
1 51 11
1 135 8
1 136 2
1 137 4
1 138 14
1 82 11
1 139 14
1 140 10
1 141 11
1 142 11
1 143 4
1 78 11
1 144 11
1 145 9
1 146 6
1 74 6
1 147 6
1 148 3
1 59 6
1 149 3
1 150 3
1 151 3
1 152 6
1 153 3
1 154 3
1 155 3
1 156 6
1 157 6
1 158 3
1 159 10
1 160 3
1 69 10
1 161 10
1 162 9
1 55 4
1 163 6
1 66 10
1 164 10
1 165 9
1 166 3
1 167 9
1 71 10
1 46 10
1 168 3
1 169 10
1 170 9
1 171 12
1 172 9
1 173 9
1 174 5
1 175 4
1 176 9
1 177 4
1 178 5
1 179 5
1 180 9
1 64 9
1 181 5
1 182 5
1 183 5
1 184 9
1 185 5
1 186 7
1 187 4
1 188 9
1 189 5
1 72 12
1 190 4
1 191 4
1 192 9
1 193 15
1 194 5
1 195 4
1 196 4
1 197 9
1 198 9
1 199 5
1 54 7
1 200 5
1 201 9
1 202 9
1 203 12
1 204 9
1 49 9
1 43 8
1 205 12
1 206 7
1 207 8
1 208 9
1 209 5
1 210 7
1 211 12
1 212 9
1 213 12
1 214 11
1 215 4
1 216 8
1 217 4
1 218 8
1 219 8
1 220 4
1 221 8
1 80 8
1 62 11
1 222 4
1 223 7
1 224 13
1 225 8
1 226 6
1 227 8
1 228 3
1 229 6
1 230 7
1 231 8
1 232 8
1 233 8
1 234 11
1 235 3
1 236 8
1 237 4
1 56 8
1 238 8
1 239 4
1 240 11
1 241 6
1 242 3
1 243 3
1 244 7
1 245 10
1 246 7
1 247 7
1 248 7
1 249 7
1 250 7
1 251 7
1 252 7
1 39 13
1 253 10
1 254 7
1 255 3
1 52 7
1 256 13
1 257 6
1 258 7
1 259 10
1 260 3
1 261 5
1 262 2
1 263 3
1 264 7
1 265 10
1 266 6
1 267 10
1 33 6
1 268 7
1 269 10
1 270 3
1 271 3
1 272 7
1 273 7
1 274 10
1 275 5
1 76 10
1 276 7
1 277 7
1 278 7
1 279 12
1 280 5
1 30 10
1 281 13
1 282 13
1 77 10
1 283 5
1 284 6
1 285 12
1 73 9
1 286 12
1 287 5
1 288 6
1 289 12
1 290 6
1 28 9
1 291 12
1 292 9
1 293 5
1 294 6
1 295 6
1 296 6
1 297 6
1 298 12
1 299 9
1 300 9
1 301 6
1 302 6
1 303 4
1 304 6
1 305 9
1 306 6
1 68 6
1 307 6
1 24 12
1 63 6
1 308 9
1 309 9
1 310 6
1 311 9
1 312 6
1 313 6
1 314 6
1 315 6
1 60 6
1 316 5
1 317 5
1 318 5
1 319 5
1 10 11
1 320 8
1 321 5
1 322 3
1 5 8
1 323 7
1 324 8
1 325 5
1 326 4
1 2 10
1 327 10
1 328 13
1 329 6
1 330 7
1 57 10
1 331 7
1 332 4
1 333 4
1 334 4
1 335 7
1 336 10
1 337 10
1 338 4
1 339 4
1 340 12
1 341 4
1 342 13
1 53 15
1 343 7
1 344 4
1 345 4
1 346 4
1 347 12
1 38 12
1 348 4
1 349 4
1 350 4
1 351 12
1 352 4
1 353 4
1 354 10
1 355 7
1 356 10
1 357 4
1 358 10
1 359 10
1 360 7
1 361 4
1 362 7
1 363 7
1 364 7
1 86 10
1 365 4
1 366 4
1 367 7
1 368 6
1 48 7
1 369 12
1 370 4
1 371 10
1 372 4
1 373 4
1 83 7
1 374 4
1 375 4
1 376 4
1 377 4
1 378 4
1 379 7
1 380 4
1 381 6
1 382 3
1 81 13
1 383 3
1 384 9
1 385 15
1 386 3
1 387 6
1 388 9
1 389 6
1 390 6
1 391 6
1 392 6
1 393 3
1 394 6
1 395 9
1 396 11
1 397 3
1 398 9
1 399 3
1 400 3
1 401 3
1 402 11
1 403 3
1 42 6
1 404 9
1 405 13
1 406 11
1 87 3
1 407 12
1 408 3
1 409 3
1 410 3
1 411 9
1 412 9
1 84 6
1 413 3
1 414 3
1 415 11
1 416 3
1 417 3
1 418 3
1 419 10
1 420 10
1 421 10
1 422 11
1 423 5
1 424 10
1 15 9
1 425 8
1 426 10
1 427 8
1 9 8
1 428 10
1 429 10
1 4 12
1 430 7
1 431 7
1 432 9
1 433 4
1 434 4
1 435 12
1 436 9
1 437 4
1 41 9
1 438 7
1 439 10
1 440 4
1 441 10
1 442 6
1 37 9
1 443 4
1 90 16
1 444 3
1 445 3
1 446 8
1 447 6
1 448 6
1 449 3
1 450 3
1 32 8
1 451 3
1 29 8
1 452 3
1 453 6
1 454 6
1 455 3
1 456 6
1 457 3
1 458 3
1 459 3
1 460 3
1 461 6
1 462 3
1 463 3
1 464 3
1 465 16
1 466 3
1 467 3
1 468 3
1 469 8
1 470 3
1 471 8
1 472 3
1 473 3
1 474 3
1 475 3
1 476 3
1 477 3
1 478 6
1 479 2
1 480 8
1 481 3
1 482 3
1 483 3
1 484 3
1 485 3
1 486 8
1 487 11
1 488 3
1 489 3
1 490 10
1 491 6
1 492 3
1 14 6
1 493 8
1 494 3
1 495 3
1 496 3
1 497 3
1 498 7
1 499 10
1 8 8
1 500 3
1 501 3
1 502 3
1 1 6
1 503 7
1 504 9
1 505 3
1 506 7
1 507 4
1 508 12
1 27 12
1 509 9
1 510 5
1 511 5
1 512 5
1 513 11
1 514 5
1 515 10
1 23 10
1 18 10
1 13 11
1 516 11
1 517 7
1 518 9
1 519 12
1 520 7
1 521 7
1 522 14
1 523 5
1 524 9
1 525 8
1 526 9
1 36 10
1 89 7
1 527 7
1 528 3
1 529 5
1 26 10
1 22 11
1 530 4
1 531 16
1 532 7
1 533 3
1 534 3
1 535 8
1 536 3
1 537 3
1 538 9
1 539 9
1 540 3
1 541 6
1 542 3
1 543 3
1 544 3
1 545 3
1 546 10
1 547 5
1 548 3
1 549 10
1 550 3
1 551 3
1 552 10
1 553 9
1 40 9
1 35 5
1 554 9
1 555 3
1 556 10
1 557 3
1 558 10
1 559 3
1 560 8
1 561 5
1 562 3
1 563 3
1 564 3
1 565 3
1 566 10
1 567 7
1 568 3
1 569 10
1 570 3
1 571 10
1 572 3
1 31 9
1 573 10
1 574 3
1 575 3
1 576 3
1 577 9
1 578 5
1 579 3
1 580 9
1 581 10
1 582 9
1 583 3
1 584 3
1 585 8
1 586 3
1 587 9
1 588 3
1 589 3
1 590 3
1 591 9
1 592 9
1 593 6
1 594 10
1 595 4
1 596 3
1 597 9
1 598 8
1 599 9
1 600 9
1 601 4
1 602 8
1 603 9
1 604 8
1 605 8
1 25 11
1 606 9
1 607 9
1 608 9
1 609 9
1 610 8
1 611 9
1 612 9
1 613 9
1 21 7
1 614 9
1 615 8
1 17 9
1 616 4
1 617 7
1 618 9
1 619 15
1 620 8
1 621 12
1 622 16
1 623 9
1 624 9
1 625 9
1 626 7
1 70 13
1 627 9
1 628 11
1 629 9
1 630 9
1 631 8
1 632 6
1 12 12
1 633 4
1 634 8
1 635 9
1 636 8
1 637 8
1 638 9
1 639 11
1 640 9
1 641 12
1 642 9
1 643 6
1 644 8
1 645 8
1 646 9
1 647 7
1 648 8
1 649 12
1 650 8
1 651 10
1 91 12
1 652 7
1 653 9
1 654 7
1 655 3
1 656 9
1 657 8
1 658 4
1 659 3
1 660 5
1 661 10
1 662 10
1 663 8
1 664 8
1 92 14
1 665 7
1 666 7
1 667 7
1 668 9
1 669 10
1 670 6
1 671 9
1 672 7
1 20 7
1 16 7
1 673 7
1 674 11
1 675 7
1 676 7
1 677 6
1 678 9
1 679 11
1 680 7
1 681 7
1 682 8
1 683 8
1 684 7
1 685 5
1 686 12
1 61 7
1 687 8
1 688 9
1 689 7
1 690 7
1 7 7
1 691 9
1 692 3
1 693 5
1 694 3
1 695 3
1 696 5
1 697 3
1 698 4
1 3 7
1 699 8
1 700 6
1 701 4
1 702 9
1 703 6
1 704 8
1 34 6
1 705 4
1 706 3
1 707 12
1 708 11
1 709 4
1 710 8
1 711 10
1 712 5
1 713 8
1 714 6
1 715 10
1 716 6
1 717 6
1 718 6
1 719 6
1 720 6
1 721 9
1 722 6
1 723 6
1 724 7
1 725 5
1 726 5
1 727 5
1 728 5
1 729 7
1 730 5
1 731 5
1 732 7
1 733 11
1 734 5
1 735 5
1 736 8
1 737 8
1 738 8
1 739 8
1 740 5
1 741 6
1 742 9
1 743 5
1 744 5
1 745 9
1 746 5
1 747 4
1 748 11
1 749 5
1 750 4
1 751 9
1 752 8
1 19 5
1 753 9
1 754 11
1 755 7
1 756 5
1 757 9
1 758 9
1 759 5
1 760 9
1 761 5
1 762 11
1 763 9
1 764 5
1 765 5
1 766 5
1 767 3
1 768 5
1 769 4
1 770 5
1 771 5
1 772 4
1 773 11
1 774 5
1 775 5
1 776 8
1 777 7
1 778 5
1 779 5
1 780 6
1 781 9
1 782 9
1 783 11
1 784 10
1 785 5
1 786 5
1 787 7
1 788 3
1 789 5
1 790 3
1 791 10
1 792 9
1 793 8
1 794 6
1 795 4
1 796 3
1 797 4
1 798 4
1 799 10
1 800 6
1 801 4
1 802 9
1 803 4
1 804 6
1 805 6
1 806 4
1 807 3
1 808 10
1 809 3
1 810 4
1 811 4
1 812 6
1 813 4
1 814 4
1 815 6
1 816 8
1 817 4
1 818 4
1 11 10
1 819 4
1 820 8
1 821 10
1 822 4
1 823 4
1 824 10
1 825 10
1 826 4
1 827 8
1 828 4
1 829 10
1 830 10
1 831 4
1 832 4
1 833 3
1 834 8
1 835 4
1 836 10
1 837 4
1 838 6
1 839 10
1 840 8
1 841 8
1 842 6
1 843 9
1 844 10
1 845 10
1 846 10
1 847 8
1 848 5
1 849 5
1 850 8
1 851 8
1 852 5
1 853 3
1 854 7
1 855 9
1 856 3
1 857 9
1 858 3
1 859 3
1 860 9
1 861 10
1 862 5
1 863 3
1 864 3
1 865 3
1 866 9
1 867 3
1 868 3
1 869 3
1 870 3
1 871 3
1 872 7
1 873 3
1 874 9
1 875 5
1 876 5
1 877 7
1 878 7
1 879 3
1 880 7
1 881 6
1 6 8
1 882 6
1 883 3
1 884 7
1 885 9
1 886 3
1 887 7
1 888 9
1 889 5
1 890 10
1 891 7
1 892 5
1 893 3
1 894 3
1 895 4
1 47 9
1 896 5
1 897 6
1 93 16
1 898 8
1 899 8
1 900 4
1 94 10
1 901 8
1 902 4
1 903 5
1 904 3
1 905 12
1 906 6
1 907 9
1 908 7
1 909 3
1 910 7
1 911 3
1 912 6
1 913 6
1 914 7
1 915 4
1 916 8
1 917 5
1 918 5
1 919 6
1 920 7
1 921 7
1 922 7
1 923 3
1 924 5
1 925 7
1 926 7
1 927 6
1 928 4
1 929 6
1 930 6
1 931 6
1 932 6
1 933 3
1 934 3
1 935 6
1 936 6
1 937 6
1 938 6
1 939 9
1 940 6
1 941 6
1 942 3
1 943 4
1 944 4
1 945 9
1 946 3
1 947 5
1 948 7
1 949 3
1 950 6
1 951 6
1 952 6
1 953 7
1 954 9
1 95 10
1 955 5
1 96 12
1 956 8
1 957 3
1 958 8
1 959 6
1 960 6
1 961 3
1 962 3
1 963 6
1 964 4
1 965 4
1 966 4
1 967 4
1 968 4
1 969 4
1 970 7
1 971 4
1 972 4
1 973 4
1 974 4
1 975 4
1 976 7
