1 23 11
1 24 11
1 25 11
1 26 11
1 27 11
1 9 9
1 28 12
1 10 9
1 11 10
1 12 10
1 13 10
1 14 10
1 15 10
1 16 11
1 17 11
1 18 11
1 19 11
1 20 11
1 8 9
1 21 11
1 22 11
1 1727 10
1 1728 10
1 1729 9
1 1730 9
1 1731 12
1 1732 10
1 1733 12
1 1734 11
1 1735 11
1 1736 9
1 1737 11
1 1738 10
1 1739 9
1 1740 11
1 1741 10
1 1742 11
1 1743 11
1 1744 11
1 1745 10
1 1746 10
1 1747 10
1 1748 9
1 1749 11
1 1750 10
1 1751 10
1 1752 11
1 1753 11
1 1754 11
1 1755 10
1 1756 10
1 1757 9
1 1758 11
1 1759 10
1 1760 10
1 1761 11
1 1762 11
1 1763 9
1 1764 11
1 1765 10
1 1766 10
1 1767 10
1 1768 10
1 1769 10
1 1770 9
1 1771 8
1 1772 11
1 1773 10
1 1774 11
1 1775 10
1 1776 12
1 1777 10
1 1778 11
1 1779 11
1 1780 11
1 1781 9
1 1782 9
1 1783 11
1 1784 10
1 1785 11
1 1786 9
1 1787 10
1 1788 11
1 1789 10
1 1790 11
1 1791 11
1 1792 10
1 1793 11
1 1794 10
1 1795 9
1 1796 11
1 1797 9
1 1798 9
1 1799 9
1 1800 10
1 1801 11
1 1802 10
1 1803 8
1 1804 10
1 1805 9
1 1806 7
1 1807 8
1 1808 10
1 1809 12
1 1810 11
1 1811 10
1 1812 10
1 1813 10
1 1814 12
1 1815 8
1 1816 10
1 1817 10
1 1818 9
1 1819 7
1 1820 11
1 1821 11
1 1822 11
1 1823 11
1 1824 10
1 1825 11
1 1826 11
1 1827 10
1 1828 11
1 1829 12
1  10
1 1830 11
1 1831 11
1 1832 11
1 1833 12
1 1834 10
1 1835 10
1 1836 11
1 1837 11
1 1838 12
1 1839 12
1 1840 11
1 1841 11
1 1842 11
1 1843 11
1 1844 11
1 1845 11
1 1846 12
1 1847 12
1 1848 11
1 1849 11
1 1850 10
1 1851 11
1 1852 11
1 1853 11
1 1854 11
1 1855 11
1 1856 8
1 1857 11
1 1858 10
1 1859 8
1 1860 12
1 1861 11
1 1862 10
1 1863 11
1 1864 11
1 1865 10
1 1866 10
1 1867 10
1 1868 10
1 1869 10
1 1870 10
1 1871 10
1 1872 10
1 1873 10
1 1874 8
1 1875 9
1 1876 10
1 1877 8
1 1878 7
1 1879 10
1 1880 10
1 1881 11
1 1882 10
1 1883 10
1 1884 11
1 1885 10
1 1886 10
1 1887 11
1 1888 10
1 1889 10
1 1890 11
1 1891 11
1 1892 11
1 1893 10
1 1894 11
1 1895 9
1 1896 11
1 1897 11
1 1898 9
1 1899 10
1 1900 10
1 1901 8
1 1902 11
1 1903 9
1 1904 11
1 1905 11
1 1906 9
1 1907 11
1 1908 11
1 1909 11
1 1910 10
1 1911 10
1 1912 11
1 1913 11
1 1914 11
1 1915 11
1 1916 12
1 1917 10
1 1918 9
1 1919 11
1 1920 9
1 1921 8
1 1922 10
1 1923 11
1 1924 10
1 1925 11
1 1926 11
1 1927 10
1 1928 10
1 1929 10
1 1930 12
1 1931 11
1 1932 12
1 1933 10
1 1934 12
1 1935 9
1 1936 10
1 1937 10
1 1938 11
1 1939 11
1 1940 11
1 1941 10
1 1942 9
1 1943 9
1 1944 10
1 1945 12
1 1946 11
1 1947 11
1 1948 9
1 1949 11
1 1950 11
1 1951 9
1 1952 11
1 1953 9
1 1954 12
1 1955 10
1 1956 11
1 1957 11
1 1958 9
1 1959 10
1 1960 11
1 1961 11
1 1962 9
1 1963 11
1 1964 11
1 1965 11
1 1966 12
1 1967 8
1 1968 12
1 1969 9
1 1970 11
1 1971 10
1 1972 10
1 1973 11
1 1974 10
1 1975 10
1 1976 11
1 1977 10
1 1978 10
1 1979 11
1 1980 9
1 1981 11
1 1982 10
1 1983 9
1 1984 8
1 1985 11
1 1986 8
1 1987 11
1 1988 11
1 1989 11
1 1990 9
1 1991 9
1 1992 10
1 1993 10
1 1994 10
1 1995 11
1 1996 11
1 1997 11
1 1998 11
1 1999 11
1 2000 9
1 2001 11
1 2002 10
1 2003 11
1 2004 8
1 2005 6
1 2006 11
1 2007 10
1 2008 10
1 2009 11
1 2010 10
1 2011 6
1 2012 8
1 2013 10
1 2014 11
1 2015 12
1 2016 10
1 2017 11
1 2018 12
1 2019 11
1 2020 12
1 2021 12
1 2022 12
1 2023 10
1 2024 10
1 2025 10
1 2026 11
1 2027 11
1 2028 9
1 2029 10
1 2030 10
1 2031 12
1 2032 11
1 2033 9
1 2034 9
1 2035 7
1 2036 12
1 2037 11
1 2038 11
1 2039 12
1 2040 11
1 2041 11
1 2042 7
1 2043 10
1 2044 10
1 2045 10
1 2046 11
1 2047 11
1 2048 9
1 2049 12
1 2050 12
1 2051 7
1 2052 10
1 2053 11
1 2054 11
1 2055 12
1 2056 12
1 2057 11
1 2058 11
1 2059 11
1 2060 12
1 2061 11
1 2062 12
1 2063 11
1 2064 10
1 2065 12
1 2066 11
1 2067 11
1 2068 12
1 2069 12
1 2070 11
1 2071 11
1 2072 11
1 2073 12
1 2074 12
1 2075 11
1 2076 12
1 2077 12
1 2078 12
1 2079 9
1 2080 8
1 2081 12
1 2082 11
1 2083 12
1 2084 11
1 2085 10
1 2086 11
1 2087 11
1 2088 10
1 2089 10
1 2090 10
1 2091 10
1 2092 11
1 2093 12
1 2094 10
1 2095 11
1 2096 10
1 2097 9
1 2098 9
1 2099 11
1 2100 11
1 2101 8
1 2102 10
1 2103 12
1 2104 10
1 2105 10
1 2106 11
1 2107 12
1 2108 12
1 2109 11
1 2110 12
1 2111 12
1 2112 10
1 2113 12
1 2114 10
1 2115 12
1 2116 12
1 29 13
1 30 8
1 31 12
1 32 12
1 33 11
1 34 10
1 35 10
1 36 12
1 37 11
1 38 12
1 39 10
1 40 11
1 41 11
1 42 12
1 43 11
1 44 12
1 45 10
1 46 11
1 47 11
1 48 11
1 49 10
1 50 11
1 51 10
1 52 12
1 53 10
1 54 11
1 55 11
1 56 12
1 57 11
1 58 11
1 59 10
1 60 12
1 61 11
1 62 12
1 63 12
1 64 11
1 65 11
1 66 12
1 67 12
1 68 11
1 69 11
1 70 12
1 71 13
1 72 12
1 73 11
1 74 11
1 75 11
1 76 11
1 77 11
1 78 12
1 79 11
1 80 11
1 81 8
1 82 11
1 83 11
1 84 11
1 85 11
1 86 11
1 7 10
1 87 12
1 88 12
1 89 11
1 90 12
1 91 11
1 92 12
1 93 11
1 94 6
1 95 12
1 96 11
1 97 13
1 98 9
1 99 12
1 100 11
1 101 10
1 102 11
1 103 12
1 104 12
1 105 12
1 106 9
1 107 11
1 108 11
1 109 12
1 110 11
1 111 11
1 112 12
1 113 11
1 114 11
1 115 12
1 116 12
1 117 12
1 118 11
1 119 11
1 120 12
1 121 12
1 122 11
1 123 13
1 124 12
1 125 11
1 126 11
1 127 12
1 128 12
1 129 11
1 130 11
1 131 11
1 132 11
1 133 12
1 134 12
1 135 12
1 136 12
1 137 12
1 138 11
1 139 12
1 140 11
1 141 12
1 142 11
1 143 9
1 144 11
1 145 12
1 146 12
1 147 7
1 148 12
1 149 11
1 150 11
1 151 12
1 152 11
1 153 11
1 154 12
1 155 12
1 156 12
1 157 11
1 158 11
1 159 10
1 160 12
1 161 12
1 162 11
1 163 11
1 164 11
1 165 10
1 166 9
1 167 12
1 168 12
1 169 12
1 170 11
1 171 12
1 172 9
1 173 12
1 174 11
1 175 10
1 176 5
1 177 11
1 178 12
1 179 12
1 180 12
1 181 11
1 182 11
1 183 12
1 184 12
1 185 11
1 186 12
1 187 11
1 188 12
1 189 12
1 190 11
1 191 11
1 192 12
1 193 10
1 194 12
1 195 12
1 196 11
1 197 4
1 198 12
1 199 11
1 200 11
1 201 11
1 202 4
1 203 12
1 204 11
1 205 11
1 206 11
1 207 11
1 208 11
1 209 11
1 210 10
1 211 12
1 212 11
1 213 10
1 214 12
1 215 11
1 216 11
1 217 11
1 218 9
1 219 11
1 220 12
1 221 10
1 222 10
1 223 8
1 224 11
1 225 11
1 226 11
1 227 11
1 228 11
1 229 11
1 230 12
1 231 11
1 232 11
1 233 10
1 234 11
1 235 11
1 236 12
1 237 8
1 238 9
1 239 8
1 240 11
1 241 10
1 242 4
1 243 8
1 244 12
1 245 10
1 246 11
1 247 11
1 248 12
1 249 11
1 250 10
1 251 10
1 252 11
1 253 6
1 254 10
1 255 9
1 256 8
1 257 12
1 258 8
1 259 13
1 260 11
1 261 12
1 262 12
1 263 9
1 264 12
1 265 3
1 266 11
1 267 10
1 268 11
1 269 11
1 270 11
1 271 13
1 272 8
1 273 11
1 274 12
1 275 11
1 276 11
1 277 11
1 278 13
1 279 11
1 280 11
1 281 12
1 282 11
1 283 11
1 284 10
1 285 12
1 286 12
1 287 12
1 288 12
1 289 12
1 290 12
1 291 12
1 292 11
1 293 11
1 294 11
1 295 4
1 296 11
1 297 10
1 298 10
1 299 12
1 300 12
1 301 12
1 302 12
1 303 11
1 304 12
1 305 12
1 306 12
1 307 12
1 308 13
1 309 10
1 310 6
1 311 4
1 312 12
1 313 12
1 314 12
1 315 12
1 316 10
1 317 10
1 318 12
1 319 12
1 320 10
1 321 11
1 322 12
1 323 10
1 324 12
1 325 12
1 326 12
1 327 10
1 328 13
1 329 12
1 330 12
1 331 11
1 332 11
1 333 11
1 334 11
1 335 8
1 336 10
1 337 9
1 338 10
1 339 10
1 340 9
1 341 11
1 342 11
1 343 12
1 344 13
1 345 12
1 346 11
1 347 11
1 348 12
1 349 11
1 350 12
1 351 12
1 352 11
1 353 8
1 354 12
1 355 11
1 356 12
1 357 12
1 358 13
1 359 11
1 360 5
1 361 10
1 362 9
1 363 9
1 364 11
1 365 11
1 366 6
1 367 11
1 368 8
1 369 11
1 370 12
1 371 5
1 372 9
1 373 8
1 374 12
1 375 12
1 376 12
1 377 10
1 378 11
1 379 11
1 380 10
1 381 11
1 382 12
1 383 11
1 384 11
1 385 7
1 386 12
1 387 11
1 388 10
1 389 11
1 390 12
1 391 12
1 392 12
1 393 11
1 394 12
1 395 7
1 396 11
1 397 9
1 398 12
1 399 11
1 400 10
1 401 10
1 402 11
1 403 11
1 404 11
1 405 10
1 406 10
1 407 12
1 408 11
1 409 11
1 410 12
1 411 11
1 412 11
1 413 12
1 414 11
1 415 11
1 416 11
1 417 7
1 418 11
1 419 11
1 420 10
1 421 10
1 422 10
1 423 9
1 424 11
1 425 11
1 426 12
1 427 6
1 428 12
1 5 12
1 429 9
1 430 11
1 431 11
1 432 7
1 433 8
1 434 10
1 435 12
1 436 10
1 437 12
1 438 11
1 439 12
1 440 11
1 441 12
1 442 11
1 443 12
1 444 12
1 445 12
1 446 11
1 447 10
1 448 11
1 449 11
1 450 12
1 451 10
1 452 11
1 453 10
1 454 10
1 455 12
1 456 10
1 457 10
1 458 10
1 459 10
1 460 10
1 461 11
1 462 11
1 463 10
1 464 10
1 465 10
1 466 11
1 467 11
1 468 12
1 469 10
1 470 11
1 471 11
1 472 11
1 473 10
1 474 10
1 475 11
1 476 10
1 477 10
1 478 11
1 479 11
1 480 12
1 481 11
1 482 11
1 483 11
1 484 10
1 485 11
1 486 10
1 487 12
1 488 11
1 489 10
1 490 9
1 491 10
1 492 10
1 493 11
1 494 11
1 495 11
1 496 10
1 497 11
1 498 11
1 499 12
1 500 11
1 501 11
1 502 8
1 503 11
1 504 10
1 505 11
1 506 10
1 507 9
1 508 11
1 509 9
1 510 10
1 511 11
1 512 12
1 513 10
1 514 11
1 515 11
1 516 10
1 517 11
1 518 11
1 519 8
1 520 10
1 521 11
1 522 11
1 523 11
1 524 11
1 525 10
1 526 10
1 527 11
1 528 10
1 529 11
1 530 9
1 531 11
1 532 11
1 533 9
1 534 10
1 535 10
1 536 12
1 537 11
1 538 11
1 539 10
1 540 11
1 541 10
1 542 12
1 543 11
1 544 9
1 545 10
1 546 12
1 547 10
1 548 9
1 549 10
1 550 12
1 551 11
1 552 12
1 553 11
1 554 10
1 555 11
1 556 9
1 557 11
1 558 12
1 559 10
1 560 11
1 561 10
1 562 10
1 563 10
1 564 10
1 565 11
1 566 10
1 567 11
1 568 10
1 569 10
1 570 10
1 571 11
1 572 11
1 573 9
1 574 10
1 575 12
1 576 11
1 577 10
1 578 9
1 579 10
1 580 9
1 581 9
1 582 10
1 583 11
1 584 10
1 585 10
1 586 10
1 587 10
1 588 11
1 589 10
1 590 10
1 591 11
1 592 11
1 593 10
1 594 11
1 595 10
1 596 11
1 597 10
1 598 10
1 599 11
1 600 8
1 601 12
1 602 11
1 603 11
1 604 8
1 605 13
1 606 9
1 607 13
1 608 13
1 609 11
1 610 11
1 611 8
1 612 11
1 613 10
1 614 10
1 615 9
1 616 11
1 617 9
1 618 10
1 619 11
1 620 8
1 621 11
1 622 9
1 623 11
1 624 12
1 625 10
1 626 11
1 627 11
1 628 11
1 629 11
1 630 10
1 631 8
1 632 12
1 633 10
1 634 10
1 635 11
1 636 10
1 637 9
1 638 10
1 639 10
1 640 11
1 641 10
1 642 12
1 643 10
1 644 11
1 645 10
1 646 9
1 647 10
1 648 8
1 649 10
1 650 9
1 651 10
1 652 8
1 653 11
1 654 10
1 655 10
1 656 11
1 657 12
1 658 12
1 659 10
1 660 10
1 661 9
1 662 10
1 663 8
1 664 10
1 665 8
1 666 8
1 667 10
1 668 9
1 669 11
1 670 11
1 671 8
1 672 11
1 673 8
1 674 10
1 675 8
1 676 11
1 677 10
1 678 10
1 679 11
1 680 10
1 681 11
1 682 11
1 683 12
1 684 11
1 685 11
1 686 10
1 687 9
1 688 10
1 689 12
1 690 10
1 691 9
1 692 11
1 693 9
1 694 9
1 695 11
1 696 11
1 697 9
1 698 10
1 699 10
1 700 8
1 701 10
1 702 11
1 703 11
1 704 11
1 705 10
1 706 10
1 707 11
1 708 11
1 709 11
1 710 11
1 711 8
1 712 11
1 713 10
1 714 10
1 715 11
1 716 11
1 717 9
1 718 9
1 719 11
1 720 8
1 721 11
1 722 11
1 723 10
1 724 10
1 725 10
1 726 11
1 727 11
1 728 12
1 729 10
1 730 12
1 731 10
1 732 10
1 733 11
1 734 10
1 735 10
1 736 11
1 737 11
1 738 11
1 739 10
1 740 11
1 741 10
1 742 9
1 743 11
1 744 11
1 745 12
1 746 12
1 747 11
1 748 10
1 749 10
1 750 11
1 751 11
1 752 11
1 753 11
1 754 11
1 755 10
1 756 11
1 757 9
1 758 11
1 759 9
1 760 9
1 761 11
1 762 11
1 763 10
1 764 12
1 765 10
1 766 12
1 767 11
1 768 12
1 769 9
1 770 12
1 771 11
1 772 12
1 773 11
1 774 11
1 775 11
1 776 11
1 777 10
1 778 12
1 779 10
1 780 10
1 781 9
1 782 9
1 783 10
1 784 9
1 785 10
1 4 11
1 786 8
1 787 9
1 788 10
1 789 8
1 790 13
1 791 10
1 792 12
1 793 9
1 794 12
1 795 12
1 796 11
1 797 9
1 798 11
1 799 11
1 800 10
1 801 10
1 802 10
1 803 9
1 804 10
1 805 10
1 806 9
1 807 11
1 808 9
1 809 9
1 810 11
1 811 11
1 812 10
1 813 11
1 814 10
1 815 9
1 816 8
1 817 11
1 818 10
1 819 9
1 820 8
1 821 9
1 822 8
1 823 10
1 824 8
1 825 11
1 826 10
1 827 11
1 828 11
1 829 10
1 830 11
1 831 11
1 832 11
1 833 11
1 834 11
1 835 11
1 836 10
1 837 10
1 838 9
1 839 11
1 840 12
1 841 10
1 842 10
1 843 9
1 844 10
1 845 11
1 846 11
1 847 11
1 848 9
1 849 10
1 850 9
1 851 10
1 852 10
1 853 9
1 854 9
1 855 11
1 856 10
1 857 9
1 858 10
1 859 11
1 860 10
1 861 9
1 862 12
1 863 11
1 864 10
1 865 11
1 866 8
1 867 9
1 868 9
1 869 11
1 870 11
1 871 10
1 872 10
1 873 11
1 874 11
1 875 9
1 876 11
1 877 11
1 878 11
1 879 11
1 880 10
1 881 10
1 882 10
1 883 8
1 884 11
1 885 11
1 886 10
1 887 12
1 888 9
1 889 9
1 890 10
1 891 12
1 892 9
1 893 11
1 894 10
1 895 10
1 3 10
1 896 10
1 897 9
1 898 9
1 899 9
1 900 12
1 901 9
1 902 8
1 903 10
1 904 8
1 905 9
1 906 9
1 907 10
1 908 9
1 1 12
1 909 12
1 910 11
1 911 11
1 912 11
1 913 11
1 914 9
1 915 11
1 916 10
1 917 11
1 918 10
1 919 9
1 920 11
1 921 11
1 922 11
1 923 10
1 924 8
1 925 10
1 926 10
1 927 9
1 928 9
1 929 10
1 930 9
1 931 12
1 932 11
1 933 11
1 934 12
1 935 12
1 936 12
1 937 11
1 938 11
1 939 11
1 940 10
1 941 9
1 942 8
1 943 11
1 944 12
1 945 11
1 946 11
1 947 11
1 948 12
1 949 11
1 950 11
1 951 11
1 952 12
1 953 11
1 954 11
1 955 12
1 956 11
1 957 9
1 958 11
1 959 10
1 960 11
1 961 11
1 962 11
1 963 11
1 964 12
1 965 11
1 966 11
1 967 11
1 968 11
1 969 12
1 970 11
1 971 12
1 972 11
1 973 6
1 974 11
1 975 12
1 976 10
1 977 11
1 978 10
1 979 6
1 980 10
1 981 11
1 982 12
1 983 12
1 984 11
1 985 11
1 986 11
1 987 11
1 988 11
1 989 11
1 990 11
1 991 12
1 992 10
1 993 10
1 2 11
1 994 10
1 995 12
1 996 11
1 997 12
1 998 12
1 999 11
1 1000 11
1 1001 11
1 1002 11
1 1003 11
1 1004 11
1 1005 12
1 1006 11
1 1007 11
1 1008 9
1 1009 11
1 1010 9
1 1011 9
1 1012 11
1 1013 12
1 1014 9
1 1015 11
1 1016 4
1 1017 9
1 1018 11
1 1019 9
1 1020 11
1 1021 11
1 1022 9
1 1023 11
1 1024 11
1 1025 9
1 1026 10
1 1027 11
1 1028 11
1 1029 10
1 1030 10
1 1031 11
1 1032 11
1 1033 11
1 1034 12
1 1035 11
1 1036 10
1 1037 11
1 1038 9
1 1039 10
1 1040 10
1 1041 11
1 1042 10
1 1043 10
1 1044 10
1 1045 11
1 1046 11
1 1047 11
1 1048 10
1 1049 12
1 1050 10
1 1051 11
1 1052 11
1 1053 11
1 1054 11
1 1055 10
1 1056 11
1 1057 10
1 1058 8
1 1059 11
1 1060 11
1 1061 10
1 1062 9
1 1063 11
1 1064 10
1 1065 11
1 1066 12
1 1067 11
1 1068 11
1 1069 10
1 1070 12
1 1071 11
1 1072 12
1 1073 11
1 1074 9
1 1075 11
1 1076 11
1 1077 7
1 1078 11
1 1079 12
1 1080 8
1 1081 12
1 1082 10
1 1083 11
1 1084 12
1 1085 12
1 1086 9
1 1087 11
1 1088 6
1 1089 12
1 1090 12
1 1091 11
1 1092 11
1 1093 11
1 1094 10
1 1095 12
1 1096 11
1 1097 12
1 1098 12
1 1099 12
1 1100 8
1 1101 10
1 1102 12
1 1103 12
1 1104 12
1 1105 12
1 1106 11
1 1107 12
1 1108 11
1 1109 12
1 1110 11
1 1111 11
1 1112 12
1 1113 12
1 1114 12
1 1115 10
1 1116 11
1 1117 11
1 1118 6
1 1119 12
1 1120 7
1 1121 10
1 1122 11
1 1123 12
1 1124 11
1 1125 10
1 1126 11
1 1127 12
1 1128 12
1 1129 11
1 1130 11
1 1131 11
1 1132 12
1 1133 9
1 1134 10
1 1135 12
1 1136 11
1 1137 10
1 1138 12
1 1139 12
1 1140 11
1 1141 11
1 1142 12
1 1143 11
1 1144 12
1 1145 11
1 1146 12
1 1147 12
1 1148 11
1 1149 11
1 1150 11
1 1151 12
1 1152 12
1 1153 11
1 1154 11
1 1155 11
1 1156 10
1 1157 12
1 1158 10
1 1159 9
1 1160 12
1 1161 10
1 1162 11
1 1163 11
1 1164 11
1 1165 11
1 1166 11
1 1167 11
1 1168 12
1 1169 12
1 1170 12
1 1171 12
1 1172 12
1 1173 11
1 1174 12
1 1175 12
1 1176 11
1 1177 11
1 1178 11
1 1179 12
1 1180 12
1 1181 9
1 1182 11
1 1183 12
1 1184 11
1 1185 7
1 1186 11
1 1187 11
1 1188 12
1 1189 12
1 1190 12
1 1191 11
1 1192 12
1 1193 11
1 1194 11
1 1195 9
1 1196 10
1 1197 12
1 1198 10
1 1199 12
1 1200 11
1 1201 12
1 1202 9
1 1203 11
1 1204 11
1 1205 12
1 1206 12
1 1207 11
1 1208 8
1 1209 12
1 1210 10
1 1211 11
1 1212 11
1 1213 10
1 1214 10
1 1215 11
1 1216 9
1 1217 9
1 1218 10
1 1219 10
1 1220 9
1 1221 11
1 1222 11
1 1223 8
1 1224 12
1 1225 11
1 1226 10
1 1227 11
1 1228 9
1 1229 12
1 1230 12
1 1231 9
1 1232 10
1 1233 11
1 1234 11
1 1235 10
1 1236 10
1 1237 10
1 1238 9
1 1239 11
1 1240 11
1 1241 9
1 1242 11
1 1243 11
1 1244 11
1 1245 11
1 1246 11
1 1247 11
1 1248 11
1 1249 10
1 1250 9
1 1251 11
1 1252 11
1 1253 12
1 1254 10
1 1255 11
1 1256 12
1 1257 9
1 1258 11
1 1259 12
1 1260 9
1 1261 9
1 1262 10
1 1263 11
1 1264 9
1 1265 11
1 1266 11
1 1267 10
1 1268 10
1 1269 9
1 1270 9
1 1271 11
1 1272 12
1 1273 11
1 1274 11
1 1275 12
1 1276 11
1 1277 12
1 1278 11
1 1279 9
1 1280 10
1 1281 9
1 1282 9
1 1283 10
1 1284 11
1 1285 11
1 1286 11
1 1287 11
1 1288 12
1 1289 10
1 1290 11
1 1291 11
1 1292 11
1 1293 11
1 1294 11
1 1295 11
1 1296 7
1 1297 11
1 1298 11
1 1299 12
1 1300 10
1 1301 11
1 1302 12
1 1303 11
1 1304 12
1 1305 11
1 1306 12
1 1307 11
1 1308 11
1 1309 9
1 1310 11
1 1311 11
1 1312 12
1 1313 10
1 1314 11
1 1315 8
1 1316 11
1 1317 11
1 1318 11
1 1319 11
1 1320 11
1 1321 11
1 1322 9
1 1323 11
1 1324 12
1 1325 12
1 1326 12
1 1327 11
1 1328 10
1 1329 11
1 1330 11
1 1331 9
1 1332 12
1 1333 11
1 1334 10
1 1335 11
1 1336 10
1 1337 11
1 1338 11
1 1339 11
1 1340 9
1 1341 11
1 1342 11
1 1343 12
1 1344 11
1 1345 11
1 1346 11
1 1347 11
1 1348 10
1 1349 10
1 1350 8
1 1351 11
1 1352 12
1 1353 12
1 1354 10
1 1355 11
1 1356 11
1 1357 11
1 1358 10
1 1359 11
1 1360 12
1 1361 11
1 1362 11
1 1363 12
1 1364 12
1 1365 11
1 1366 11
1 1367 11
1 1368 11
1 1369 11
1 1370 11
1 1371 11
1 1372 8
1 1373 7
1 1374 11
1 1375 10
1 1376 9
1 1377 11
1 1378 11
1 1379 9
1 1380 10
1 1381 11
1 1382 11
1 1383 10
1 1384 10
1 1385 9
1 1386 10
1 1387 9
1 1388 10
1 6 9
1 1389 9
1 1390 9
1 1391 9
1 1392 9
1 1393 10
1 1394 10
1 1395 12
1 1396 10
1 1397 9
1 1398 11
1 1399 9
1 1400 11
1 1401 11
1 1402 9
1 1403 7
1 1404 8
1 1405 8
1 1406 9
1 1407 11
1 1408 9
1 1409 10
1 1410 9
1 1411 9
1 1412 9
1 1413 8
1 1414 8
1 1415 9
1 1416 11
1 1417 10
1 1418 10
1 1419 10
1 1420 9
1 1421 10
1 1422 10
1 1423 11
1 1424 11
1 1425 11
1 1426 10
1 1427 8
1 1428 9
1 1429 9
1 1430 9
1 1431 9
1 1432 8
1 1433 8
1 1434 10
1 1435 8
1 1436 9
1 1437 10
1 1438 9
1 1439 9
1 1440 8
1 1441 10
1 1442 10
1 1443 11
1 1444 10
1 1445 8
1 1446 8
1 1447 11
1 1448 9
1 1449 10
1 1450 10
1 1451 12
1 1452 10
1 1453 9
1 1454 11
1 1455 11
1 1456 11
1 1457 4
1 1458 9
1 1459 10
1 1460 8
1 1461 10
1 1462 10
1 1463 10
1 1464 12
1 1465 9
1 1466 10
1 1467 10
1 1468 8
1 1469 8
1 1470 8
1 1471 9
1 1472 9
1 1473 11
1 1474 10
1 1475 11
1 1476 10
1 1477 11
1 1478 9
1 1479 10
1 1480 11
1 1481 9
1 1482 9
1 1483 9
1 1484 10
1 1485 10
1 1486 9
1 1487 10
1 1488 11
1 1489 11
1 1490 10
1 1491 11
1 1492 11
1 1493 11
1 1494 9
1 1495 11
1 1496 10
1 1497 10
1 1498 11
1 1499 11
1 1500 9
1 1501 10
1 1502 10
1 1503 9
1 1504 9
1 1505 10
1 1506 9
1 1507 9
1 1508 10
1 1509 10
1 1510 10
1 1511 11
1 1512 10
1 1513 10
1 1514 10
1 1515 10
1 1516 11
1 1517 9
1 1518 9
1 1519 9
1 1520 9
1 1521 11
1 1522 4
1 1523 11
1 1524 11
1 1525 10
1 1526 11
1 1527 11
1 1528 11
1 1529 10
1 1530 11
1 1531 10
1 1532 11
1 1533 11
1 1534 11
1 1535 12
1 1536 12
1 1537 12
1 1538 12
1 1539 12
1 1540 11
1 1541 10
1 1542 11
1 1543 12
1 1544 11
1 1545 8
1 1546 11
1 1547 11
1 1548 12
1 1549 11
1 1550 11
1 1551 10
1 1552 10
1 1553 9
1 1554 11
1 1555 11
1 1556 11
1 1557 13
1 1558 10
1 1559 10
1 1560 11
1 1561 11
1 1562 10
1 1563 11
1 1564 11
1 1565 11
1 1566 11
1 1567 11
1 1568 12
1 1569 12
1 1570 10
1 1571 12
1 1572 11
1 1573 10
1 1574 11
1 1575 11
1 1576 11
1 1577 12
1 1578 11
1 1579 11
1 1580 12
1 1581 10
1 1582 11
1 1583 12
1 1584 11
1 1585 11
1 1586 11
1 1587 11
1 1588 12
1 1589 12
1 1590 9
1 1591 11
1 1592 11
1 1593 9
1 1594 12
1 1595 11
1 1596 12
1 1597 12
1 1598 12
1 1599 10
1 1600 11
1 1601 9
1 1602 10
1 1603 11
1 1604 11
1 1605 12
1 1606 13
1 1607 11
1 1608 9
1 1609 11
1 1610 11
1 1611 10
1 1612 9
1 1613 8
1 1614 12
1 1615 11
1 1616 11
1 1617 12
1 1618 10
1 1619 9
1 1620 10
1 1621 9
1 1622 11
1 1623 11
1 1624 12
1 1625 10
1 1626 11
1 1627 12
1 1628 9
1 1629 11
1 1630 12
1 1631 10
1 1632 10
1 1633 10
1 1634 10
1 1635 11
1 1636 12
1 1637 11
1 1638 8
1 1639 11
1 1640 12
1 1641 11
1 1642 12
1 1643 11
1 1644 3
1 1645 11
1 1646 10
1 1647 11
1 1648 12
1 1649 12
1 1650 12
1 1651 11
1 1652 7
1 1653 11
1 1654 11
1 1655 10
1 1656 11
1 1657 12
1 1658 11
1 1659 11
1 1660 11
1 1661 11
1 1662 12
1 1663 10
1 1664 12
1 1665 12
1 1666 12
1 1667 12
1 1668 11
1 1669 11
1 1670 12
1 1671 10
1 1672 11
1 1673 12
1 1674 10
1 1675 10
1 1676 9
1 1677 11
1 1678 11
1 1679 11
1 1680 11
1 1681 11
1 1682 11
1 1683 11
1 1684 11
1 1685 9
1 1686 12
1 1687 11
1 1688 11
1 1689 11
1 1690 11
1 1691 11
1 1692 9
1 1693 11
1 1694 11
1 1695 12
1 1696 11
1 1697 11
1 1698 11
1 1699 11
1 1700 7
1 1701 11
1 1702 10
1 1703 11
1 1704 11
1 1705 11
1 1706 10
1 1707 10
1 1708 9
1 1709 11
1 1710 11
1 1711 9
1 1712 11
1 1713 11
1 1714 12
1 1715 12
1 1716 12
1 1717 11
1 1718 10
1 1719 11
1 1720 7
1 1721 10
1 1722 9
1 1723 9
1 1724 12
1 1725 9
1 1726 8
